0.00000000 0.17885290
0.02863278 0.17806119
0.05726557 0.17568944
0.08589835 0.17174795
0.11453114 0.16625375
0.14316392 0.15923050
0.17179671 0.15070847
0.20042948 0.14072433
0.22906227 0.12932086
0.25769505 0.11654688
0.28632784 0.10245686
0.31496063 0.08711067
0.34359342 0.07057326
0.37222621 0.05291426
0.40085897 0.03420780
0.42949176 0.01453183
0.45812455 -0.00603201
0.48675734 -0.02739913
0.51539010 -0.04948193
0.54402292 -0.07219089
0.57265568 -0.09543445
0.60128850 -0.11911982
0.62992126 -0.14315322
0.65855402 -0.16744058
0.68718684 -0.19188780
0.71581960 -0.21640120
0.74445242 -0.24088809
0.77308518 -0.26525706
0.80171794 -0.28941843
0.83035076 -0.31328481
0.85898352 -0.33677107
0.88761634 -0.35979530
0.91624910 -0.38227838
0.94488186 -0.40414518
0.97351468 -0.42532390
1.00214744 -0.44574711
1.03078020 -0.46535155
1.05941308 -0.48407862
1.08804584 -0.50187397
1.11667860 -0.51868856
1.14531136 -0.53447801
1.17394412 -0.54920292
1.20257699 -0.56282908
1.23120975 -0.57532728
1.25984251 -0.58667338
1.28847528 -0.59684855
1.31710804 -0.60583866
1.34574091 -0.61363459
1.37437367 -0.62023234
1.40300643 -0.62563229
1.43163919 -0.62983954
1.46027195 -0.63286358
1.48890483 -0.63471824
1.51753759 -0.63542104
1.54617035 -0.63499367
1.57480311 -0.63346142
1.60343587 -0.63085270
1.63206875 -0.62719911
1.66070151 -0.62253517
1.68933427 -0.61689806
1.71796703 -0.61032718
1.74659979 -0.60286415
1.77523267 -0.59455216
1.80386543 -0.58543634
1.83249819 -0.57556283
1.86113095 -0.56497902
1.88976371 -0.55373275
1.91839659 -0.54187268
1.94702935 -0.52944797
1.97566211 -0.51650745
2.00429487 -0.50310016
2.03292775 -0.48927444
2.06156039 -0.47507858
2.09019327 -0.46055979
2.11882615 -0.44576454
2.14745879 -0.43073833
2.17609167 -0.41552520
2.20472431 -0.40016839
2.23335719 -0.38470888
2.26199007 -0.36918697
2.29062271 -0.35364097
2.31925559 -0.33810720
2.34788823 -0.32262078
2.37652111 -0.30721438
2.40515399 -0.29191929
2.43378663 -0.27676475
2.46241951 -0.26177776
2.49105215 -0.24698402
2.51968503 -0.23240662
2.54831791 -0.21806715
2.57695055 -0.20398535
2.60558343 -0.19017869
2.63421607 -0.17666329
2.66284895 -0.16345298
2.69148183 -0.15056024
2.72011447 -0.13799584
2.74874735 -0.12576856
2.77737999 -0.11388606
2.80601287 -0.10235413
2.83464575 -0.09117736
2.86327839 -0.08035904
2.89191127 -0.06990086
2.92054391 -0.05980368
2.94917679 -0.05006687
2.97780967 -0.04068902
3.00644231 -0.03166772
3.03507519 -0.02299944
3.06370783 -0.01468012
3.09234071 -0.00670463
3.12097359 0.00093258
3.14960623 0.00823773
3.17823911 0.01521771
3.20687175 0.02187970
3.23550463 0.02823152
3.26413751 0.03428113
3.29277015 0.04003685
3.32140303 0.04550736
3.35003567 0.05070136
3.37866855 0.05562784
3.40730143 0.06029580
3.43593407 0.06471428
3.46456695 0.06889246
3.49319959 0.07283933
3.52183247 0.07656401
3.55046535 0.08007540
3.57909799 0.08338233
3.60773087 0.08649355
3.63636351 0.08941758
3.66499639 0.09216283
3.69362926 0.09473749
3.72226191 0.09714951
3.75089478 0.09940672
3.77952743 0.10151662
3.80816031 0.10348655
3.83679318 0.10532358
3.86542583 0.10703451
3.89405870 0.10862596
3.92269135 0.11010422
3.95132422 0.11147539
3.97995710 0.11274527
4.00858974 0.11391948
4.03722239 0.11500329
4.06585550 0.11600186
4.09448814 0.11691997
4.12312078 0.11776231
4.15175390 0.11853324
4.18038654 0.11923695
4.20901918 0.11987738
4.23765230 0.12045831
4.26628494 0.12098326
4.29491758 0.12145561
4.32355022 0.12187856
4.35218334 0.12225504
4.38081598 0.12258795
4.40944862 0.12287994
4.43808174 0.12313345
4.46671438 0.12335093
4.49534702 0.12353458
4.52398014 0.12368644
4.55261278 0.12380849
4.58124542 0.12390261
4.60987806 0.12397046
4.63851118 0.12401371
4.66714382 0.12403387
4.69577646 0.12403232
4.72440958 0.12401043
4.75304222 0.12396944
4.78167486 0.12391050
4.81030798 0.12383476
4.83894062 0.12374317
4.86757326 0.12363674
4.89620590 0.12351635
4.92483902 0.12338284
4.95347166 0.12323701
4.98210430 0.12307960
5.01073742 0.12291127
5.03937006 0.12273271
5.06800270 0.12254451
5.09663582 0.12234722
5.12526846 0.12214142
5.15390110 0.12192759
5.18253374 0.12170621
5.21116686 0.12147769
5.23979950 0.12124251
5.26843214 0.12100102
5.29706526 0.12075358
5.32569790 0.12050056
5.35433054 0.12024232
5.38296366 0.11997911
5.41159630 0.11971126
5.44022894 0.11943905
5.46886158 0.11916274
5.49749470 0.11888255
5.52612734 0.11859874
5.55475998 0.11831155
5.58339310 0.11802115
5.61202574 0.11772776
5.64065838 0.11743158
5.66929150 0.11713278
5.69792414 0.11683154
5.72655678 0.11652801
5.75518942 0.11622238
5.78382254 0.11591474
5.81245518 0.11560528
5.84108782 0.11529411
5.86972094 0.11498138
5.89835358 0.11466721
5.92698622 0.11435168
5.95561934 0.11403494
5.98425198 0.11371709
6.01288462 0.11339824
6.04151726 0.11307847
6.07015038 0.11275784
6.09878302 0.11243653
6.12741566 0.11211456
6.15604877 0.11179200
6.18468142 0.11146897
6.21331406 0.11114554
6.24194717 0.11082173
6.27057981 0.11049768
6.29921246 0.11017342
6.32784510 0.10984901
6.35647821 0.10952450
6.38511086 0.10919997
6.41374350 0.10887548
6.44237661 0.10855106
6.47100925 0.10822675
6.49964190 0.10790264
6.52827501 0.10757873
6.55690765 0.10725509
6.58554029 0.10693178
6.61417294 0.10660882
6.64280605 0.10628622
6.67143869 0.10596405
6.70007133 0.10564235
6.72870445 0.10532114
6.75733709 0.10500044
6.78596973 0.10468031
6.81460285 0.10436076
6.84323549 0.10404182
6.87186813 0.10372353
6.90050077 0.10340589
6.92913389 0.10308895
6.95776653 0.10277274
6.98639917 0.10245724
7.01503229 0.10214251
7.04366493 0.10182856
7.07229757 0.10151540
7.10093069 0.10120307
7.12956333 0.10089155
7.15819597 0.10058091
7.18682861 0.10027112
7.21546173 0.09996221
7.24409437 0.09965422
7.27272701 0.09934713
7.30136013 0.09904096
7.32999277 0.09873573
7.35862541 0.09843146
7.38725853 0.09812814
7.41589117 0.09782580
7.44452381 0.09752445
7.47315693 0.09722408
7.50178957 0.09692474
7.53042221 0.09662638
7.55905485 0.09632906
7.58768797 0.09603276
7.61632061 0.09573749
7.64495325 0.09544329
7.67358637 0.09515010
7.70221901 0.09485798
7.73085165 0.09456694
7.75948477 0.09427696
7.78811741 0.09398806
7.81675005 0.09370023
7.84538269 0.09341349
7.87401581 0.09312782
7.90264845 0.09284325
7.93128109 0.09255978
7.95991421 0.09227739
7.98854685 0.09199613
8.01717949 0.09171597
8.04581261 0.09143690
8.07444477 0.09115895
8.10307789 0.09088212
8.13171101 0.09060638
8.16034317 0.09033178
8.18897629 0.09005827
8.21760941 0.08978590
8.24624157 0.08951465
8.27487469 0.08924451
8.30350780 0.08897549
8.33213997 0.08870762
8.36077309 0.08844085
8.38940620 0.08817519
8.41803837 0.08791069
8.44667149 0.08764727
8.47530460 0.08738501
8.50393677 0.08712386
8.53256989 0.08686382
8.56120205 0.08660492
8.58983517 0.08634712
8.61846828 0.08609045
8.64710045 0.08583490
8.67573357 0.08558046
8.70436668 0.08532713
8.73299885 0.08507493
8.76163197 0.08482384
8.79026508 0.08457384
8.81889725 0.08432498
8.84753036 0.08407721
8.87616348 0.08383054
8.90479565 0.08358499
8.93342876 0.08334052
8.96206188 0.08309716
8.99069405 0.08285490
9.01932716 0.08261372
9.04796028 0.08237366
9.07659245 0.08213466
9.10522556 0.08189675
9.13385773 0.08165995
9.16249084 0.08142421
9.19112396 0.08118953
9.21975613 0.08095594
9.24838924 0.08072343
9.27702236 0.08049198
9.30565453 0.08026160
9.33428764 0.08003227
9.36292076 0.07980402
9.39155293 0.07957681
9.42018604 0.07935065
9.44881916 0.07912555
9.47745132 0.07890150
9.50608444 0.07867847
9.53471756 0.07845648
9.56334972 0.07823554
9.59198284 0.07801563
9.62061596 0.07779674
9.64924812 0.07757887
9.67788124 0.07736202
9.70651340 0.07714619
9.73514652 0.07693138
9.76377964 0.07671757
9.79241180 0.07650477
9.82104492 0.07629295
9.84967804 0.07608213
9.87831020 0.07587232
9.90694332 0.07566349
9.93557644 0.07545564
9.96420860 0.07524878
9.99284172 0.07504287
10.02147484 0.07483795
10.05010700 0.07463399
10.07874012 0.07443100
10.10737324 0.07422896
10.13600540 0.07402788
10.16463852 0.07382774
10.19327164 0.07362855
10.22190380 0.07343031
10.25053692 0.07323301
10.27916908 0.07303663
10.30780220 0.07284117
10.33643532 0.07264665
10.36506748 0.07245305
10.39370060 0.07226036
10.42233372 0.07206857
10.45096588 0.07187771
10.47959900 0.07168774
10.50823212 0.07149866
10.53686428 0.07131049
10.56549740 0.07112319
10.59413052 0.07093678
10.62276268 0.07075126
10.65139580 0.07056661
10.68002892 0.07038282
10.70866108 0.07019993
10.73729420 0.07001787
10.76592731 0.06983667
10.79455948 0.06965634
10.82319260 0.06947684
10.85182476 0.06929821
10.88045788 0.06912039
10.90909100 0.06894343
10.93772316 0.06876729
10.96635628 0.06859197
10.99498940 0.06841749
11.02362156 0.06824382
11.05225468 0.06807096
11.08088779 0.06789890
11.10951996 0.06772767
11.13815308 0.06755722
11.16678619 0.06738758
11.19541836 0.06721872
11.22405148 0.06705065
11.25268459 0.06688337
11.28131676 0.06671686
11.30994987 0.06655113
11.33858299 0.06638617
11.36721516 0.06622198
11.39584827 0.06605855
11.42448139 0.06589587
11.45311356 0.06573395
11.48174667 0.06557278
11.51037884 0.06541235
11.53901196 0.06525266
11.56764507 0.06509372
11.59627724 0.06493551
11.62491035 0.06477802
11.65354347 0.06462124
11.68217564 0.06446520
11.71080875 0.06430987
11.73944187 0.06415525
11.76807404 0.06400134
11.79670715 0.06384814
11.82534027 0.06369562
11.85397243 0.06354382
11.88260555 0.06339270
11.91123867 0.06324226
11.93987083 0.06309251
11.96850395 0.06294344
11.99713707 0.06279506
12.02576923 0.06264734
12.05440235 0.06250028
12.08303452 0.06235389
12.11166763 0.06220815
12.14030075 0.06206307
12.16893291 0.06191867
12.19756603 0.06177488
12.22619915 0.06163175
12.25483131 0.06148925
12.28346443 0.06134740
12.31209755 0.06120618
12.34072971 0.06106560
12.36936283 0.06092563
12.39799595 0.06078628
12.42662811 0.06064756
12.45526123 0.06050944
12.48389435 0.06037194
12.51252651 0.06023505
12.54115963 0.06009876
12.56979275 0.05996307
12.59842491 0.05982799
12.62705803 0.05969349
12.65569019 0.05955959
12.68432331 0.05942627
12.71295643 0.05929353
12.74158859 0.05916137
12.77022171 0.05902978
12.79885483 0.05889877
12.82748699 0.05876834
12.85612011 0.05863846
12.88475323 0.05850915
12.91338539 0.05838040
12.94201851 0.05825219
12.97065163 0.05812455
12.99928379 0.05799745
13.02791691 0.05787090
13.05655003 0.05774489
13.08518219 0.05761942
13.11381531 0.05749448
13.14244843 0.05737009
13.17108059 0.05724622
13.19971371 0.05712287
13.22834587 0.05700005
13.25697899 0.05687775
13.28561211 0.05675596
13.31424427 0.05663470
13.34287739 0.05651394
13.37151051 0.05639369
13.40014267 0.05627395
13.42877579 0.05615470
13.45740891 0.05603595
13.48604107 0.05591772
13.51467419 0.05579996
13.54330730 0.05568269
13.57193947 0.05556592
13.60057259 0.05544963
13.62920570 0.05533382
13.65783787 0.05521850
13.68647099 0.05510364
13.71510410 0.05498926
13.74373627 0.05487534
13.77236938 0.05476191
13.80100155 0.05464892
13.82963467 0.05453641
13.85826778 0.05442435
13.88689995 0.05431277
13.91553307 0.05420162
13.94416618 0.05409092
13.97279835 0.05398069
14.00143147 0.05387089
14.03006458 0.05376154
14.05869675 0.05365263
14.08732986 0.05354415
14.11596298 0.05343612
14.14459515 0.05332852
14.17322826 0.05322134
14.20186138 0.05311459
14.23049355 0.05300829
14.25912666 0.05290238
14.28775978 0.05279691
14.31639194 0.05269186
14.34502506 0.05258722
14.37365723 0.05248300
14.40229034 0.05237919
14.43092346 0.05227578
14.45955563 0.05217279
14.48818874 0.05207020
14.51682186 0.05196800
14.54545403 0.05186621
14.57408714 0.05176483
14.60272026 0.05166382
14.63135242 0.05156323
14.65998554 0.05146301
14.68861866 0.05136319
14.71725082 0.05126375
14.74588394 0.05116470
14.77451706 0.05106602
14.80314922 0.05096774
14.83178234 0.05086982
14.86041546 0.05077228
14.88904762 0.05067512
14.91768074 0.05057832
14.94631386 0.05048190
14.97494602 0.05038585
15.00357914 0.05029015
15.03221130 0.05019483
15.06084442 0.05009986
15.08947754 0.05000526
15.11810970 0.04991101
15.14674282 0.04981711
15.17537594 0.04972357
15.20400810 0.04963038
15.23264122 0.04953754
15.26127434 0.04944504
15.28990650 0.04935290
15.31853962 0.04926108
15.34717274 0.04916962
15.37580490 0.04907851
15.40443802 0.04898771
15.43307114 0.04889726
15.46170330 0.04880715
15.49033642 0.04871736
15.51896954 0.04862791
15.54760170 0.04853878
15.57623482 0.04844998
15.60486698 0.04836151
15.63350010 0.04827336
15.66213322 0.04818553
15.69076538 0.04809804
15.71939850 0.04801084
15.74803162 0.04792397
15.77666378 0.04783741
15.80529690 0.04775116
15.83393002 0.04766523
15.86256218 0.04757961
15.89119530 0.04749430
15.91982841 0.04740928
15.94846058 0.04732458
15.97709370 0.04724018
16.00572586 0.04715608
16.03435898 0.04707229
16.06299210 0.04698879
16.09162521 0.04690558
16.12025833 0.04682267
16.14888954 0.04674006
16.17752266 0.04665773
16.20615578 0.04657570
16.23478889 0.04649395
16.26342201 0.04641251
16.29205513 0.04633133
16.32068634 0.04625044
16.34931946 0.04616985
16.37795258 0.04608952
16.40658569 0.04600948
16.43521881 0.04592971
16.46385002 0.04585024
16.49248314 0.04577103
16.52111626 0.04569209
16.54974937 0.04561343
16.57838249 0.04553504
16.60701561 0.04545691
16.63564682 0.04537907
16.66427994 0.04530148
16.69291306 0.04522417
16.72154617 0.04514711
16.75017929 0.04507031
16.77881241 0.04499379
16.80744362 0.04491753
16.83607674 0.04484152
16.86470985 0.04476576
16.89334297 0.04469027
16.92197609 0.04461503
16.95060921 0.04454005
16.97924042 0.04446533
17.00787354 0.04439084
17.03650665 0.04431660
17.06513977 0.04424263
17.09377289 0.04416889
17.12240410 0.04409542
17.15103722 0.04402217
17.17967033 0.04394917
17.20830345 0.04387642
17.23693657 0.04380390
17.26556969 0.04373163
17.29420090 0.04365960
17.32283401 0.04358781
17.35146713 0.04351625
17.38010025 0.04344492
17.40873337 0.04337383
17.43736649 0.04330297
17.46599770 0.04323236
17.49463081 0.04316197
17.52326393 0.04309181
17.55189705 0.04302187
17.58053017 0.04295217
17.60916138 0.04288270
17.63779449 0.04281344
17.66642761 0.04274441
17.69506073 0.04267561
17.72369385 0.04260702
17.75232697 0.04253866
17.78095818 0.04247053
17.80959129 0.04240260
17.83822441 0.04233490
17.86685753 0.04226740
17.89549065 0.04220014
17.92412376 0.04213307
17.95275497 0.04206625
17.98138809 0.04199960
18.01002121 0.04193319
18.03865433 0.04186698
18.06728745 0.04180099
18.09592056 0.04173520
18.12455177 0.04166963
18.15318489 0.04160425
18.18181801 0.04153908
18.21045113 0.04147411
18.23908424 0.04140935
18.26771545 0.04134481
18.29634857 0.04128045
18.32498169 0.04121630
18.35361481 0.04115235
18.38224792 0.04108858
18.41088104 0.04102503
18.43951225 0.04096168
18.46814537 0.04089852
18.49677849 0.04083555
18.52541161 0.04077278
18.55404472 0.04071020
18.58267784 0.04064782
18.61130905 0.04058563
18.63994217 0.04052363
18.66857529 0.04046182
18.69720840 0.04040019
18.72584152 0.04033876
18.75447464 0.04027751
18.78310585 0.04021645
18.81173897 0.04015559
18.84037209 0.04009489
18.86900520 0.04003438
18.89763832 0.03997407
18.92626953 0.03991393
18.95490265 0.03985398
18.98353577 0.03979420
19.01216888 0.03973460
19.04080200 0.03967518
19.06943512 0.03961594
19.09806633 0.03955689
19.12669945 0.03949800
19.15533257 0.03943929
19.18396568 0.03938076
19.21259880 0.03932240
19.24123192 0.03926422
19.26986313 0.03920621
19.29849625 0.03914837
19.32712936 0.03909070
19.35576248 0.03903320
19.38439560 0.03897588
19.41302681 0.03891872
19.44165993 0.03886173
19.47029305 0.03880491
19.49892616 0.03874825
19.52755928 0.03869176
19.55619240 0.03863543
19.58482361 0.03857929
19.61345673 0.03852329
19.64208984 0.03846746
19.67072296 0.03841178
19.69935608 0.03835627
19.72798920 0.03830093
19.75662041 0.03824575
19.78525352 0.03819071
19.81388664 0.03813584
19.84251976 0.03808113
19.87115288 0.03802659
19.89978600 0.03797219
19.92841721 0.03791796
19.95705032 0.03786388
19.98568344 0.03780993
20.01431656 0.03775617
20.04294968 0.03770255
20.07158089 0.03764909
20.10021400 0.03759577
20.12884712 0.03754261
20.15748024 0.03748960
20.18611336 0.03743674
20.21474648 0.03738403
20.24337769 0.03733147
20.27201080 0.03727905
20.30064392 0.03722679
20.32927704 0.03717467
20.35791016 0.03712269
20.38654327 0.03707087
20.41517448 0.03701919
20.44380760 0.03696765
20.47244072 0.03691626
20.50107384 0.03686501
20.52970695 0.03681390
20.55833817 0.03676295
20.58697128 0.03671212
20.61560440 0.03666145
20.64423752 0.03661090
20.67287064 0.03656050
20.70150375 0.03651024
20.73013496 0.03646013
20.75876808 0.03641014
20.78740120 0.03636029
20.81603432 0.03631059
20.84466743 0.03626101
20.87330055 0.03621158
20.90193176 0.03616228
20.93056488 0.03611312
20.95919800 0.03606408
20.98783112 0.03601518
21.01646423 0.03596643
21.04509735 0.03591779
21.07372856 0.03586930
21.10236168 0.03582092
21.13099480 0.03577269
21.15962791 0.03572458
21.18826103 0.03567661
21.21689224 0.03562877
21.24552536 0.03558105
21.27415848 0.03553346
21.30279160 0.03548600
21.33142471 0.03543866
21.36005783 0.03539145
21.38868904 0.03534438
21.41732216 0.03529743
21.44595528 0.03525059
21.47458839 0.03520389
21.50322151 0.03515731
21.53185463 0.03511085
21.56048584 0.03506452
21.58911896 0.03501831
21.61775208 0.03497222
21.64638519 0.03492626
21.67501831 0.03488041
21.70364952 0.03483469
21.73228264 0.03478909
21.76091576 0.03474361
21.78954887 0.03469825
21.81818199 0.03465300
21.84681511 0.03460788
21.87544632 0.03456287
21.90407944 0.03451798
21.93271255 0.03447321
21.96134567 0.03442855
21.98997879 0.03438401
22.01861191 0.03433959
22.04724312 0.03429528
22.07587624 0.03425109
22.10450935 0.03420701
22.13314247 0.03416305
22.16177559 0.03411919
22.19040871 0.03407546
22.21903992 0.03403183
22.24767303 0.03398832
22.27630615 0.03394492
22.30493927 0.03390163
22.33357239 0.03385846
22.36220360 0.03381539
22.39083672 0.03377243
22.41946983 0.03372958
22.44810295 0.03368684
22.47673607 0.03364421
22.50536919 0.03360169
22.53400040 0.03355928
22.56263351 0.03351697
22.59126663 0.03347478
22.61989975 0.03343268
22.64853287 0.03339070
22.67716599 0.03334882
22.70579720 0.03330705
22.73443031 0.03326538
22.76306343 0.03322382
22.79169655 0.03318235
22.82032967 0.03314100
22.84896278 0.03309975
22.87759399 0.03305861
22.90622711 0.03301756
22.93486023 0.03297661
22.96349335 0.03293577
22.99212646 0.03289503
23.02075768 0.03285440
23.04939079 0.03281386
23.07802391 0.03277343
23.10665703 0.03273309
23.13529015 0.03269285
23.16392326 0.03265271
23.19255447 0.03261268
23.22118759 0.03257274
23.24982071 0.03253290
23.27845383 0.03249316
23.30708694 0.03245351
23.33572006 0.03241397
23.36435127 0.03237452
23.39298439 0.03233517
23.42161751 0.03229591
23.45025063 0.03225674
23.47888374 0.03221767
23.50751495 0.03217871
23.53614807 0.03213983
23.56478119 0.03210105
23.59341431 0.03206237
23.62204742 0.03202377
23.65068054 0.03198526
23.67931175 0.03194687
23.70794487 0.03190855
23.73657799 0.03187033
23.76521111 0.03183220
23.79384422 0.03179415
23.82247734 0.03175621
23.85110855 0.03171836
23.87974167 0.03168059
23.90837479 0.03164291
23.93700790 0.03160533
23.96564102 0.03156784
23.99427414 0.03153043
24.02290535 0.03149312
24.05153847 0.03145589
24.08017159 0.03141875
24.10880470 0.03138170
24.13743782 0.03134473
24.16606903 0.03130786
24.19470215 0.03127108
24.22333527 0.03123438
24.25196838 0.03119776
24.28060150 0.03116123
24.30923462 0.03112479
24.33786583 0.03108844
24.36649895 0.03105217
24.39513206 0.03101598
24.42376518 0.03097988
24.45239830 0.03094387
24.48103142 0.03090794
24.50966263 0.03087209
24.53829575 0.03083633
24.56692886 0.03080065
24.59556198 0.03076505
24.62419510 0.03072953
24.65282631 0.03069411
24.68145943 0.03065876
24.71009254 0.03062349
24.73872566 0.03058830
24.76735878 0.03055319
24.79599190 0.03051817
24.82462311 0.03048323
24.85325623 0.03044837
24.88188934 0.03041358
24.91052246 0.03037888
24.93915558 0.03034426
24.96778870 0.03030971
24.99641991 0.03027525
25.02505302 0.03024087
25.05368614 0.03020656
25.08231926 0.03017233
25.11095238 0.03013818
25.13958549 0.03010411
25.16821671 0.03007011
25.19684982 0.03003620
25.22548294 0.03000235
25.25411606 0.02996860
25.28274918 0.02993490
25.31138039 0.02990129
25.34001350 0.02986776
25.36864662 0.02983430
25.39727974 0.02980091
25.42591286 0.02976761
25.45454597 0.02973437
25.48317719 0.02970121
25.51181030 0.02966813
25.54044342 0.02963512
25.56907654 0.02960218
25.59770966 0.02956931
25.62634277 0.02953652
25.65497398 0.02950381
25.68360710 0.02947117
25.71224022 0.02943860
25.74087334 0.02940610
25.76950645 0.02937367
25.79813957 0.02934131
25.82677078 0.02930903
25.85540390 0.02927682
25.88403702 0.02924468
25.91267014 0.02921261
25.94130325 0.02918062
25.96993446 0.02914869
25.99856758 0.02911683
26.02720070 0.02908505
26.05583382 0.02905333
26.08446693 0.02902168
26.11310005 0.02899010
26.14173126 0.02895859
26.17036438 0.02892715
26.19899750 0.02889578
26.22763062 0.02886448
26.25626373 0.02883324
26.28489685 0.02880208
26.31352806 0.02877098
26.34216118 0.02873995
26.37079430 0.02870899
26.39942741 0.02867809
26.42806053 0.02864726
26.45669174 0.02861650
26.48532486 0.02858580
26.51395798 0.02855517
26.54259109 0.02852461
26.57122421 0.02849411
26.59985733 0.02846368
26.62848854 0.02843331
26.65712166 0.02840301
26.68575478 0.02837277
26.71438789 0.02834260
26.74302101 0.02831250
26.77165413 0.02828245
26.80028534 0.02825247
26.82891846 0.02822256
26.85755157 0.02819271
26.88618469 0.02816292
26.91481781 0.02813319
26.94345093 0.02810354
26.97208214 0.02807394
27.00071526 0.02804441
27.02934837 0.02801493
27.05798149 0.02798552
27.08661461 0.02795617
27.11524582 0.02792689
27.14387894 0.02789767
27.17251205 0.02786850
27.20114517 0.02783940
27.22977829 0.02781036
27.25841141 0.02778138
27.28704262 0.02775247
27.31567574 0.02772361
27.34430885 0.02769481
27.37294197 0.02766608
27.40157509 0.02763740
27.43020821 0.02760878
27.45883942 0.02758022
27.48747253 0.02755173
27.51610565 0.02752329
27.54473877 0.02749491
27.57337189 0.02746659
27.60200310 0.02743833
27.63063622 0.02741013
27.65926933 0.02738198
27.68790245 0.02735390
27.71653557 0.02732587
27.74516869 0.02729790
27.77379990 0.02726999
27.80243301 0.02724213
27.83106613 0.02721433
27.85969925 0.02718659
27.88833237 0.02715890
27.91696548 0.02713128
27.94559669 0.02710371
27.97422981 0.02707620
28.00286293 0.02704874
28.03149605 0.02702133
28.06012917 0.02699399
28.08876228 0.02696670
28.11739349 0.02693946
28.14602661 0.02691229
28.17465973 0.02688516
28.20329285 0.02685809
28.23192596 0.02683108
28.26055717 0.02680412
28.28919029 0.02677722
28.31782341 0.02675037
28.34645653 0.02672357
28.37508965 0.02669683
28.40372276 0.02667014
28.43235397 0.02664351
28.46098709 0.02661693
28.48962021 0.02659040
28.51825333 0.02656393
28.54688644 0.02653750
28.57551956 0.02651114
28.60415077 0.02648482
28.63278389 0.02645856
28.66141701 0.02643235
28.69005013 0.02640619
28.71868324 0.02638009
28.74731445 0.02635403
28.77594757 0.02632804
28.80458069 0.02630208
28.83321381 0.02627618
28.86184692 0.02625034
28.89048004 0.02622455
28.91911125 0.02619880
28.94774437 0.02617311
28.97637749 0.02614746
29.00501060 0.02612187
29.03364372 0.02609633
29.06227684 0.02607084
29.09090805 0.02604540
29.11954117 0.02602001
29.14817429 0.02599466
29.17680740 0.02596937
29.20544052 0.02594412
29.23407364 0.02591894
29.26270485 0.02589379
29.29133797 0.02586870
29.31997108 0.02584366
29.34860420 0.02581866
29.37723732 0.02579371
29.40586853 0.02576881
29.43450165 0.02574396
29.46313477 0.02571916
29.49176788 0.02569441
29.52040100 0.02566970
29.54903412 0.02564504
29.57766533 0.02562043
29.60629845 0.02559587
29.63493156 0.02557135
29.66356468 0.02554689
29.69219780 0.02552246
29.72083092 0.02549809
29.74946213 0.02547377
29.77809525 0.02544949
29.80672836 0.02542525
29.83536148 0.02540106
29.86399460 0.02537693
29.89262772 0.02535283
29.92125893 0.02532879
29.94989204 0.02530478
29.97852516 0.02528083
30.00715828 0.02525692
30.03579140 0.02523304
30.06442261 0.02520923
30.09305573 0.02518546
30.12168884 0.02516173
30.15032196 0.02513804
30.17895508 0.02511441
30.20758820 0.02509080
30.23621941 0.02506726
30.26485252 0.02504375
30.29348564 0.02502029
30.32211876 0.02499688
30.35075188 0.02497350
30.37938499 0.02495018
30.40801620 0.02492689
30.43664932 0.02490366
30.46528244 0.02488046
30.49391556 0.02485730
30.52254868 0.02483419
30.55117989 0.02481113
30.57981300 0.02478811
30.60844612 0.02476513
30.63707924 0.02474219
30.66571236 0.02471929
30.69434547 0.02469644
30.72297668 0.02467364
30.75160980 0.02465087
30.78024292 0.02462815
30.80887604 0.02460546
30.83750916 0.02458282
30.86614227 0.02456022
30.89477348 0.02453767
30.92340660 0.02451516
30.95203972 0.02449268
30.98067284 0.02447025
31.00930595 0.02444787
31.03793907 0.02442551
31.06657028 0.02440321
31.09520340 0.02438094
31.12383652 0.02435872
31.15246964 0.02433653
31.18110275 0.02431439
31.20973396 0.02429229
31.23836708 0.02427023
31.26700020 0.02424821
31.29563332 0.02422622
31.32426643 0.02420428
31.35289955 0.02418238
31.38153076 0.02416052
31.41016388 0.02413870
31.43879700 0.02411692
31.46743011 0.02409517
31.49606323 0.02407347
31.52469635 0.02405181
31.55332756 0.02403019
31.58196068 0.02400860
31.61059380 0.02398706
31.63922691 0.02396555
31.66786003 0.02394408
31.69649124 0.02392266
31.72512436 0.02390127
31.75375748 0.02387991
31.78239059 0.02385860
31.81102371 0.02383732
31.83965683 0.02381609
31.86828804 0.02379489
31.89692116 0.02377373
31.92555428 0.02375261
31.95418739 0.02373152
31.98282051 0.02371048
32.01145172 0.02368947
32.04008484 0.02366850
32.06871796 0.02364756
32.09735107 0.02362667
32.12598419 0.02360581
32.15461731 0.02358498
32.18325043 0.02356420
32.21188354 0.02354345
32.24051666 0.02352274
32.26914597 0.02350207
32.29777908 0.02348143
32.32641220 0.02346083
32.35504532 0.02344026
32.38367844 0.02341974
32.41231155 0.02339925
32.44094467 0.02337879
32.46957779 0.02335837
32.49821091 0.02333798
32.52684402 0.02331764
32.55547714 0.02329732
32.58411026 0.02327705
32.61273956 0.02325681
32.64137268 0.02323660
32.67000580 0.02321643
32.69863892 0.02319630
32.72727203 0.02317620
32.75590515 0.02315613
32.78453827 0.02313610
32.81317139 0.02311611
32.84180450 0.02309615
32.87043762 0.02307623
32.89907074 0.02305634
32.92770004 0.02303648
32.95633316 0.02301666
32.98496628 0.02299687
33.01359940 0.02297712
33.04223251 0.02295740
33.07086563 0.02293772
33.09949875 0.02291807
33.12813187 0.02289845
33.15676498 0.02287887
33.18539810 0.02285932
33.21403122 0.02283980
33.24266434 0.02282033
33.27129364 0.02280088
33.29992676 0.02278147
33.32855988 0.02276208
33.35719299 0.02274274
33.38582611 0.02272343
33.41445923 0.02270414
33.44309235 0.02268489
33.47172546 0.02266568
33.50035858 0.02264650
33.52899170 0.02262735
33.55762482 0.02260823
33.58625412 0.02258915
33.61488724 0.02257010
33.64352036 0.02255108
33.67215347 0.02253209
33.70078659 0.02251314
33.72941971 0.02249422
33.75805283 0.02247532
33.78668594 0.02245647
33.81531906 0.02243764
33.84395218 0.02241884
33.87258530 0.02240008
33.90121841 0.02238135
33.92984772 0.02236265
33.95848083 0.02234399
33.98711395 0.02232535
34.01574707 0.02230674
34.04438019 0.02228817
34.07301331 0.02226963
34.10164642 0.02225111
34.13027954 0.02223264
34.15891266 0.02221419
34.18754578 0.02219576
34.21617889 0.02217738
34.24480820 0.02215903
34.27344131 0.02214070
34.30207443 0.02212240
34.33070755 0.02210414
34.35934067 0.02208590
34.38797379 0.02206770
34.41660690 0.02204952
34.44524002 0.02203138
34.47387314 0.02201326
34.50250626 0.02199518
34.53113937 0.02197713
34.55977249 0.02195910
34.58840179 0.02194111
34.61703491 0.02192315
34.64566803 0.02190521
34.67430115 0.02188731
34.70293427 0.02186943
34.73156738 0.02185159
34.76020050 0.02183377
34.78883362 0.02181598
34.81746674 0.02179822
34.84609985 0.02178050
34.87473297 0.02176279
34.90336227 0.02174513
34.93199539 0.02172749
34.96062851 0.02170987
34.98926163 0.02169229
35.01789474 0.02167474
35.04652786 0.02165721
35.07516098 0.02163971
35.10379410 0.02162224
35.13242722 0.02160480
35.16106033 0.02158738
35.18969345 0.02157000
35.21832275 0.02155265
35.24695587 0.02153533
35.27558899 0.02151802
35.30422211 0.02150075
35.33285522 0.02148351
35.36148834 0.02146629
35.39012146 0.02144910
35.41875458 0.02143195
35.44738770 0.02141481
35.47602081 0.02139771
35.50465393 0.02138063
35.53328705 0.02136358
35.56191635 0.02134657
35.59054947 0.02132957
35.61918259 0.02131260
35.64781570 0.02129566
35.67644882 0.02127875
35.70508194 0.02126186
35.73371506 0.02124501
35.76234818 0.02122817
35.79098129 0.02121137
35.81961441 0.02119459
35.84824753 0.02117784
35.87687683 0.02116112
35.90550995 0.02114442
35.93414307 0.02112775
35.96277618 0.02111110
35.99140930 0.02109448
36.02004242 0.02107790
36.04867554 0.02106133
36.07730865 0.02104479
36.10594177 0.02102828
36.13457489 0.02101179
36.16320801 0.02099533
36.19184113 0.02097890
36.22047043 0.02096250
36.24910355 0.02094611
36.27773666 0.02092976
36.30636978 0.02091342
36.33500290 0.02089712
36.36363602 0.02088084
36.39226913 0.02086458
36.42090225 0.02084836
36.44953537 0.02083215
36.47816849 0.02081597
36.50680161 0.02079982
36.53543091 0.02078370
36.56406403 0.02076760
36.59269714 0.02075152
36.62133026 0.02073547
36.64996338 0.02071945
36.67859650 0.02070344
36.70722961 0.02068746
36.73586273 0.02067152
36.76449585 0.02065559
36.79312897 0.02063969
36.82176208 0.02062381
36.85039520 0.02060796
36.87902451 0.02059213
36.90765762 0.02057634
36.93629074 0.02056056
36.96492386 0.02054480
36.99355698 0.02052907
37.02219009 0.02051337
37.05082321 0.02049769
37.07945633 0.02048203
37.10808945 0.02046639
37.13672256 0.02045079
37.16535568 0.02043520
37.19398499 0.02041965
37.22261810 0.02040411
37.25125122 0.02038860
37.27988434 0.02037311
37.30851746 0.02035764
37.33715057 0.02034220
37.36578369 0.02032679
37.39441681 0.02031139
37.42304993 0.02029603
37.45168304 0.02028067
37.48031616 0.02026535
37.50894928 0.02025006
37.53757858 0.02023478
37.56621170 0.02021953
37.59484482 0.02020429
37.62347794 0.02018909
37.65211105 0.02017390
37.68074417 0.02015874
37.70937729 0.02014360
37.73801041 0.02012849
37.76664352 0.02011340
37.79527664 0.02009833
37.82390976 0.02008328
37.85253906 0.02006826
37.88117218 0.02005326
37.90980530 0.02003829
37.93843842 0.02002333
37.96707153 0.02000840
37.99570465 0.01999349
38.02433777 0.01997860
38.05297089 0.01996373
38.08160400 0.01994889
38.11023712 0.01993407
38.13887024 0.01991927
38.16749954 0.01990450
38.19613266 0.01988974
38.22476578 0.01987501
38.25339890 0.01986030
38.28203201 0.01984561
38.31066513 0.01983095
38.33929825 0.01981630
38.36793137 0.01980168
38.39656448 0.01978708
38.42519760 0.01977250
38.45383072 0.01975794
38.48246384 0.01974341
38.51109314 0.01972890
38.53972626 0.01971440
38.56835938 0.01969993
38.59699249 0.01968549
38.62562561 0.01967106
38.65425873 0.01965665
38.68289185 0.01964226
38.71152496 0.01962790
38.74015808 0.01961355
38.76879120 0.01959924
38.79742432 0.01958494
38.82605362 0.01957066
38.85468674 0.01955640
38.88331985 0.01954216
38.91195297 0.01952795
38.94058609 0.01951375
38.96921921 0.01949958
38.99785233 0.01948543
39.02648544 0.01947129
39.05511856 0.01945718
39.08375168 0.01944309
39.11238480 0.01942901
39.14101791 0.01941497
39.16964722 0.01940094
39.19828033 0.01938693
39.22691345 0.01937294
39.25554657 0.01935898
39.28417969 0.01934503
39.31281281 0.01933110
39.34144592 0.01931719
39.37007904 0.01930330
39.39871216 0.01928944
39.42734528 0.01927559
39.45597839 0.01926176
39.48460770 0.01924796
39.51324081 0.01923417
39.54187393 0.01922040
39.57050705 0.01920666
39.59914017 0.01919293
39.62777328 0.01917922
39.65640640 0.01916553
39.68503952 0.01915187
39.71367264 0.01913822
39.74230576 0.01912459
39.77093887 0.01911098
39.79957199 0.01909740
39.82820129 0.01908383
39.85683441 0.01907028
39.88546753 0.01905675
39.91410065 0.01904324
39.94273376 0.01902974
39.97136688 0.01901628
40.00000000 0.01900282
40.02863312 0.01898939
40.05726624 0.01897597
40.08589935 0.01896258
40.11453247 0.01894920
40.14316177 0.01893585
40.17179489 0.01892251
40.20042801 0.01890919
40.22906113 0.01889589
40.25769424 0.01888261
40.28632736 0.01886934
40.31496048 0.01885610
40.34359360 0.01884288
40.37222672 0.01882967
40.40085983 0.01881648
40.42949295 0.01880332
40.45812607 0.01879016
40.48675537 0.01877703
40.51538849 0.01876392
40.54402161 0.01875083
40.57265472 0.01873775
40.60128784 0.01872469
40.62992096 0.01871165
40.65855408 0.01869863
40.68718719 0.01868563
40.71582031 0.01867265
40.74445343 0.01865968
40.77308655 0.01864674
40.80171585 0.01863381
40.83034897 0.01862089
40.85898209 0.01860800
40.88761520 0.01859513
40.91624832 0.01858227
40.94488144 0.01856943
40.97351456 0.01855661
41.00214767 0.01854381
41.03078079 0.01853102
41.05941391 0.01851826
41.08804703 0.01850550
41.11667633 0.01849278
41.14530945 0.01848006
41.17394257 0.01846737
41.20257568 0.01845469
41.23120880 0.01844202
41.25984192 0.01842938
41.28847504 0.01841675
41.31710815 0.01840415
41.34574127 0.01839155
41.37437439 0.01837898
41.40300751 0.01836642
41.43164062 0.01835389
41.46026993 0.01834137
41.48890305 0.01832886
41.51753616 0.01831637
41.54616928 0.01830390
41.57480240 0.01829145
41.60343552 0.01827902
41.63206863 0.01826660
41.66070175 0.01825420
41.68933487 0.01824181
41.71796799 0.01822944
41.74660110 0.01821709
41.77523041 0.01820476
41.80386353 0.01819244
41.83249664 0.01818014
41.86112976 0.01816786
41.88976288 0.01815560
41.91839600 0.01814335
41.94702911 0.01813111
41.97566223 0.01811890
42.00429535 0.01810670
42.03292847 0.01809452
42.06156158 0.01808235
42.09019470 0.01807020
42.11882401 0.01805807
42.14745712 0.01804595
42.17609024 0.01803385
42.20472336 0.01802177
42.23335648 0.01800970
42.26198959 0.01799765
42.29062271 0.01798561
42.31925583 0.01797359
42.34788895 0.01796159
42.37652206 0.01794961
42.40515518 0.01793764
42.43378448 0.01792569
42.46241760 0.01791375
42.49105072 0.01790183
42.51968384 0.01788992
42.54831696 0.01787803
42.57695007 0.01786616
42.60558319 0.01785430
42.63421631 0.01784246
42.66284943 0.01783063
42.69148254 0.01781883
42.72011566 0.01780703
42.74874878 0.01779525
42.77737808 0.01778349
42.80601120 0.01777175
42.83464432 0.01776002
42.86327744 0.01774830
42.89191055 0.01773660
42.92054367 0.01772491
42.94917679 0.01771325
42.97780991 0.01770160
43.00644302 0.01768996
43.03507614 0.01767834
43.06370926 0.01766673
43.09233856 0.01765514
43.12097168 0.01764357
43.14960480 0.01763201
43.17823792 0.01762046
43.20687103 0.01760893
43.23550415 0.01759742
43.26413727 0.01758592
43.29277039 0.01757443
43.32140350 0.01756297
43.35003662 0.01755151
43.37866974 0.01754007
43.40729904 0.01752866
43.43593216 0.01751725
43.46456528 0.01750585
43.49319839 0.01749447
43.52183151 0.01748311
43.55046463 0.01747176
43.57909775 0.01746043
43.60773087 0.01744911
43.63636398 0.01743781
43.66499710 0.01742652
43.69363022 0.01741524
43.72226334 0.01740398
43.75089264 0.01739274
43.77952576 0.01738151
43.80815887 0.01737029
43.83679199 0.01735910
43.86542511 0.01734791
43.89405823 0.01733674
43.92269135 0.01732558
43.95132446 0.01731444
43.97995758 0.01730331
44.00859070 0.01729220
44.03722382 0.01728110
44.06585312 0.01727002
44.09448624 0.01725895
44.12311935 0.01724789
44.15175247 0.01723685
44.18038559 0.01722583
44.20901871 0.01721481
44.23765182 0.01720381
44.26628494 0.01719283
44.29491806 0.01718186
44.32355118 0.01717090
44.35218430 0.01715996
44.38081741 0.01714904
44.40944672 0.01713813
44.43807983 0.01712723
44.46671295 0.01711634
44.49534607 0.01710547
44.52397919 0.01709462
44.55261230 0.01708377
44.58124542 0.01707294
44.60987854 0.01706212
44.63851166 0.01705132
44.66714478 0.01704053
44.69577789 0.01702976
44.72440720 0.01701900
44.75304031 0.01700826
44.78167343 0.01699752
44.81030655 0.01698680
44.83893967 0.01697610
44.86757278 0.01696541
44.89620590 0.01695473
44.92483902 0.01694406
44.95347214 0.01693341
44.98210526 0.01692277
45.01073837 0.01691215
45.03937149 0.01690154
45.06800079 0.01689095
45.09663391 0.01688036
45.12526703 0.01686979
45.15390015 0.01685924
45.18253326 0.01684869
45.21116638 0.01683816
45.23979950 0.01682765
45.26843262 0.01681714
45.29706573 0.01680665
45.32569885 0.01679618
45.35433197 0.01678572
45.38296127 0.01677527
45.41159439 0.01676483
45.44022751 0.01675441
45.46886063 0.01674400
45.49749374 0.01673360
45.52612686 0.01672322
45.55475998 0.01671284
45.58339310 0.01670248
45.61202621 0.01669214
45.64065933 0.01668181
45.66929245 0.01667149
45.69792557 0.01666118
45.72655487 0.01665089
45.75518799 0.01664061
45.78382111 0.01663034
45.81245422 0.01662009
45.84108734 0.01660984
45.86972046 0.01659962
45.89835358 0.01658940
45.92698669 0.01657920
45.95561981 0.01656901
45.98425293 0.01655883
46.01288605 0.01654866
46.04151535 0.01653851
46.07014847 0.01652837
46.09878159 0.01651824
46.12741470 0.01650813
46.15604782 0.01649802
46.18468094 0.01648793
46.21331406 0.01647785
46.24194717 0.01646779
46.27058029 0.01645774
46.29921341 0.01644770
46.32784653 0.01643767
46.35647583 0.01642765
46.38510895 0.01641765
46.41374207 0.01640766
46.44237518 0.01639768
46.47100830 0.01638772
46.49964142 0.01637776
46.52827454 0.01636782
46.55690765 0.01635789
46.58554077 0.01634797
46.61417389 0.01633807
46.64280701 0.01632818
46.67144012 0.01631830
46.70006943 0.01630843
46.72870255 0.01629857
46.75733566 0.01628873
46.78596878 0.01627889
46.81460190 0.01626907
46.84323502 0.01625926
46.87186813 0.01624947
46.90050125 0.01623968
46.92913437 0.01622991
46.95776749 0.01622015
46.98640060 0.01621040
47.01502991 0.01620067
47.04366302 0.01619094
47.07229614 0.01618123
47.10092926 0.01617153
47.12956238 0.01616184
47.15819550 0.01615216
47.18682861 0.01614249
47.21546173 0.01613284
47.24409485 0.01612320
47.27272797 0.01611357
47.30136108 0.01610395
47.32999420 0.01609434
47.35862350 0.01608474
47.38725662 0.01607516
47.41588974 0.01606559
47.44452286 0.01605603
47.47315598 0.01604648
47.50178909 0.01603694
47.53042221 0.01602741
47.55905533 0.01601790
47.58768845 0.01600839
47.61632156 0.01599890
47.64495468 0.01598942
47.67358398 0.01597995
47.70221710 0.01597049
47.73085022 0.01596104
47.75948334 0.01595161
47.78811646 0.01594218
47.81674957 0.01593277
47.84538269 0.01592337
47.87401581 0.01591398
47.90264893 0.01590460
47.93128204 0.01589523
47.95991516 0.01588588
47.98854828 0.01587653
48.01717758 0.01586720
48.04581070 0.01585788
48.07444382 0.01584856
48.10307693 0.01583926
48.13171005 0.01582997
48.16034317 0.01582069
48.18897629 0.01581142
48.21760941 0.01580217
48.24624252 0.01579292
48.27487564 0.01578368
48.30350876 0.01577446
48.33213806 0.01576525
48.36077118 0.01575605
48.38940430 0.01574685
48.41803741 0.01573768
48.44667053 0.01572850
48.47530365 0.01571935
48.50393677 0.01571020
48.53256989 0.01570106
48.56120300 0.01569193
48.58983612 0.01568282
48.61846924 0.01567371
48.64710236 0.01566462
48.67573166 0.01565554
48.70436478 0.01564646
48.73299789 0.01563740
48.76163101 0.01562835
48.79026413 0.01561931
48.81889725 0.01561028
48.84753036 0.01560126
48.87616348 0.01559225
48.90479660 0.01558325
48.93342972 0.01557426
48.96206284 0.01556528
48.99069214 0.01555632
49.01932526 0.01554736
49.04795837 0.01553842
49.07659149 0.01552948
49.10522461 0.01552055
49.13385773 0.01551164
49.16249084 0.01550273
49.19112396 0.01549384
49.21975708 0.01548496
49.24839020 0.01547608
49.27702332 0.01546722
49.30565262 0.01545837
49.33428574 0.01544953
49.36291885 0.01544069
49.39155197 0.01543187
49.42018509 0.01542306
49.44881821 0.01541426
49.47745132 0.01540546
49.50608444 0.01539668
49.53471756 0.01538791
49.56335068 0.01537915
49.59198380 0.01537040
49.62061691 0.01536166
49.64924622 0.01535293
49.67787933 0.01534421
49.70651245 0.01533550
49.73514557 0.01532680
49.76377869 0.01531811
49.79241180 0.01530943
49.82104492 0.01530076
49.84967804 0.01529209
49.87831116 0.01528345
49.90694427 0.01527480
49.93557739 0.01526617
49.96420670 0.01525756
49.99283981 0.01524895
50.02147293 0.01524034
50.05010605 0.01523175
50.07873917 0.01522317
50.10737228 0.01521460
50.13600540 0.01520604
50.16463852 0.01519749
50.19327164 0.01518894
50.22190475 0.01518041
50.25053787 0.01517188
50.27917099 0.01516337
50.30780029 0.01515487
50.33643341 0.01514638
50.36506653 0.01513789
50.39369965 0.01512942
50.42233276 0.01512095
50.45096588 0.01511250
50.47959900 0.01510405
50.50823212 0.01509561
50.53686523 0.01508719
50.56549835 0.01507877
50.59413147 0.01507036
50.62276077 0.01506196
50.65139389 0.01505358
50.68002701 0.01504520
50.70866013 0.01503683
50.73729324 0.01502847
50.76592636 0.01502012
50.79455948 0.01501178
50.82319260 0.01500344
50.85182571 0.01499512
50.88045883 0.01498681
50.90909195 0.01497850
50.93772507 0.01497021
50.96635437 0.01496193
50.99498749 0.01495365
51.02362061 0.01494538
51.05225372 0.01493712
51.08088684 0.01492888
51.10951996 0.01492064
51.13815308 0.01491241
51.16678619 0.01490419
51.19541931 0.01489598
51.22405243 0.01488777
51.25268555 0.01487958
51.28131485 0.01487140
51.30994797 0.01486323
51.33858109 0.01485506
51.36721420 0.01484690
51.39584732 0.01483876
51.42448044 0.01483062
51.45311356 0.01482249
51.48174667 0.01481437
51.51037979 0.01480626
51.53901291 0.01479815
51.56764603 0.01479006
51.59627914 0.01478198
51.62490845 0.01477390
51.65354156 0.01476584
51.68217468 0.01475778
51.71080780 0.01474973
51.73944092 0.01474169
51.76807404 0.01473366
51.79670715 0.01472564
51.82534027 0.01471763
51.85397339 0.01470962
51.88260651 0.01470163
51.91123962 0.01469365
51.93986893 0.01468567
51.96850204 0.01467770
51.99713516 0.01466974
52.02576828 0.01466179
52.05440140 0.01465384
52.08303452 0.01464591
52.11166763 0.01463799
52.14030075 0.01463007
52.16893387 0.01462216
52.19756699 0.01461426
52.22620010 0.01460637
52.25482941 0.01459849
52.28346252 0.01459062
52.31209564 0.01458276
52.34072876 0.01457490
52.36936188 0.01456705
52.39799500 0.01455921
52.42662811 0.01455138
52.45526123 0.01454356
52.48389435 0.01453575
52.51252747 0.01452794
52.54116058 0.01452015
52.56979370 0.01451236
52.59842300 0.01450459
52.62705612 0.01449682
52.65568924 0.01448905
52.68432236 0.01448130
52.71295547 0.01447355
52.74158859 0.01446582
52.77022171 0.01445809
52.79885483 0.01445037
52.82748795 0.01444266
52.85612106 0.01443495
52.88475418 0.01442726
52.91338348 0.01441957
52.94201660 0.01441190
52.97064972 0.01440423
52.99928284 0.01439657
53.02791595 0.01438891
53.05654907 0.01438127
53.08518219 0.01437363
53.11381531 0.01436600
53.14244843 0.01435838
53.17108154 0.01435077
53.19971466 0.01434316
53.22834778 0.01433557
53.25697708 0.01432798
53.28561020 0.01432040
53.31424332 0.01431283
53.34287643 0.01430527
53.37150955 0.01429771
53.40014267 0.01429016
53.42877579 0.01428263
53.45740891 0.01427510
53.48604202 0.01426757
53.51467514 0.01426006
53.54330826 0.01425255
53.57193756 0.01424506
53.60057068 0.01423756
53.62920380 0.01423008
53.65783691 0.01422261
53.68647003 0.01421514
53.71510315 0.01420768
53.74373627 0.01420023
53.77236938 0.01419279
53.80100250 0.01418535
53.82963562 0.01417793
53.85826874 0.01417050
53.88690186 0.01416309
53.91553116 0.01415569
53.94416428 0.01414830
53.97279739 0.01414091
54.00143051 0.01413353
54.03006363 0.01412616
54.05869675 0.01411879
54.08732986 0.01411144
54.11596298 0.01410409
54.14459610 0.01409675
54.17322922 0.01408941
54.20186234 0.01408209
54.23049164 0.01407477
54.25912476 0.01406746
54.28775787 0.01406016
54.31639099 0.01405287
54.34502411 0.01404558
54.37365723 0.01403830
54.40229034 0.01403103
54.43092346 0.01402376
54.45955658 0.01401651
54.48818970 0.01400926
54.51682281 0.01400202
54.54545212 0.01399479
54.57408524 0.01398756
54.60271835 0.01398034
54.63135147 0.01397313
54.65998459 0.01396593
54.68861771 0.01395873
54.71725082 0.01395155
54.74588394 0.01394437
54.77451706 0.01393719
54.80315018 0.01393003
54.83178329 0.01392287
54.86041641 0.01391572
54.88904572 0.01390858
54.91767883 0.01390144
54.94631195 0.01389431
54.97494507 0.01388719
55.00357819 0.01388008
55.03221130 0.01387297
55.06084442 0.01386587
55.08947754 0.01385878
55.11811066 0.01385170
55.14674377 0.01384462
55.17537689 0.01383755
55.20400620 0.01383049
55.23263931 0.01382344
55.26127243 0.01381639
55.28990555 0.01380935
55.31853867 0.01380232
55.34717178 0.01379530
55.37580490 0.01378827
55.40443802 0.01378126
55.43307114 0.01377426
55.46170425 0.01376727
55.49033737 0.01376028
55.51897049 0.01375330
55.54759979 0.01374632
55.57623291 0.01373935
55.60486603 0.01373240
55.63349915 0.01372544
55.66213226 0.01371850
55.69076538 0.01371156
55.71939850 0.01370462
55.74803162 0.01369770
55.77666473 0.01369078
55.80529785 0.01368387
55.83393097 0.01367697
55.86256027 0.01367007
55.89119339 0.01366318
55.91982651 0.01365631
55.94845963 0.01364943
55.97709274 0.01364256
56.00572586 0.01363570
56.03435898 0.01362885
56.06299210 0.01362200
56.09162521 0.01361516
56.12025833 0.01360833
56.14889145 0.01360150
56.17752457 0.01359468
56.20615387 0.01358787
56.23478699 0.01358106
56.26342010 0.01357426
56.29205322 0.01356748
56.32068634 0.01356069
56.34931946 0.01355391
56.37795258 0.01354714
56.40658569 0.01354038
56.43521881 0.01353362
56.46385193 0.01352687
56.49248505 0.01352013
56.52111435 0.01351340
56.54974747 0.01350666
56.57838058 0.01349994
56.60701370 0.01349322
56.63564682 0.01348652
56.66427994 0.01347981
56.69291306 0.01347312
56.72154617 0.01346643
56.75017929 0.01345975
56.77881241 0.01345307
56.80744553 0.01344640
56.83607864 0.01343974
56.86470795 0.01343309
56.89334106 0.01342644
56.92197418 0.01341980
56.95060730 0.01341316
56.97924042 0.01340653
57.00787354 0.01339991
57.03650665 0.01339330
57.06513977 0.01338669
57.09377289 0.01338009
57.12240601 0.01337349
57.15103912 0.01336690
57.17966843 0.01336032
57.20830154 0.01335374
57.23693466 0.01334718
57.26556778 0.01334062
57.29420090 0.01333406
57.32283401 0.01332751
57.35146713 0.01332097
57.38010025 0.01331443
57.40873337 0.01330790
57.43736649 0.01330138
57.46599960 0.01329486
57.49462891 0.01328835
57.52326202 0.01328185
57.55189514 0.01327535
57.58052826 0.01326886
57.60916138 0.01326238
57.63779449 0.01325590
57.66642761 0.01324943
57.69506073 0.01324296
57.72369385 0.01323650
57.75232697 0.01323005
57.78096008 0.01322361
57.80959320 0.01321717
57.83822250 0.01321073
57.86685562 0.01320431
57.89548874 0.01319789
57.92412186 0.01319147
57.95275497 0.01318507
57.98138809 0.01317867
58.01002121 0.01317227
58.03865433 0.01316588
58.06728745 0.01315950
58.09592056 0.01315312
58.12455368 0.01314675
58.15318298 0.01314039
58.18181610 0.01313403
58.21044922 0.01312768
58.23908234 0.01312134
58.26771545 0.01311500
58.29634857 0.01310867
58.32498169 0.01310234
58.35361481 0.01309602
58.38224792 0.01308971
58.41088104 0.01308340
58.43951416 0.01307710
58.46814728 0.01307081
58.49677658 0.01306452
58.52540970 0.01305824
58.55404282 0.01305196
58.58267593 0.01304569
58.61130905 0.01303942
58.63994217 0.01303316
58.66857529 0.01302691
58.69720840 0.01302066
58.72584152 0.01301443
58.75447464 0.01300819
58.78310776 0.01300196
58.81173706 0.01299575
58.84037018 0.01298953
58.86900330 0.01298332
58.89763641 0.01297712
58.92626953 0.01297092
58.95490265 0.01296472
58.98353577 0.01295854
59.01216888 0.01295237
59.04080200 0.01294619
59.06943512 0.01294001
59.09806824 0.01293386
59.12670135 0.01292771
59.15533066 0.01292156
59.18396378 0.01291541
59.21259689 0.01290927
59.24123001 0.01290314
59.26986313 0.01289701
59.29849625 0.01289090
59.32712936 0.01288478
59.35576248 0.01287867
59.38439560 0.01287257
59.41302872 0.01286648
59.44166183 0.01286039
59.47029114 0.01285430
59.49892426 0.01284823
59.52755737 0.01284216
59.55619049 0.01283608
59.58482361 0.01283002
59.61345673 0.01282397
59.64208984 0.01281792
59.67072296 0.01281187
59.69935608 0.01280583
59.72798920 0.01279980
59.75662231 0.01279378
59.78525543 0.01278776
59.81388474 0.01278174
59.84251785 0.01277573
59.87115097 0.01276973
59.89978409 0.01276373
59.92841721 0.01275774
59.95705032 0.01275175
59.98568344 0.01274577
60.01431656 0.01273980
60.04294968 0.01273383
60.07158279 0.01272786
60.10021591 0.01272191
60.12884903 0.01271596
60.15748215 0.01271001
60.18611526 0.01270407
60.21474457 0.01269814
60.24337769 0.01269220
60.27201080 0.01268628
60.30064392 0.01268036
60.32927704 0.01267445
60.35791016 0.01266855
60.38654327 0.01266264
60.41517639 0.01265674
60.44380951 0.01265086
60.47244263 0.01264497
60.50107574 0.01263909
60.52970886 0.01263322
60.55833817 0.01262735
60.58697128 0.01262149
60.61560440 0.01261564
60.64423752 0.01260978
60.67287064 0.01260393
60.70150375 0.01259809
60.73013687 0.01259226
60.75876999 0.01258643
60.78740311 0.01258061
60.81603622 0.01257479
60.84466934 0.01256898
60.87329865 0.01256317
60.90193176 0.01255737
60.93056488 0.01255157
60.95919800 0.01254578
60.98783112 0.01254000
61.01646423 0.01253422
61.04509735 0.01252844
61.07373047 0.01252267
61.10236359 0.01251691
61.13099670 0.01251115
61.15962982 0.01250540
61.18826294 0.01249966
61.21689224 0.01249391
61.24552536 0.01248818
61.27415848 0.01248244
61.30279160 0.01247671
61.33142471 0.01247099
61.36005783 0.01246527
61.38869095 0.01245956
61.41732407 0.01245386
61.44595718 0.01244816
61.47459030 0.01244247
61.50322342 0.01243678
61.53185272 0.01243109
61.56048584 0.01242542
61.58911896 0.01241974
61.61775208 0.01241408
61.64638519 0.01240841
61.67501831 0.01240276
61.70365143 0.01239711
61.73228455 0.01239146
61.76091766 0.01238582
61.78955078 0.01238018
61.81818390 0.01237455
61.84681702 0.01236892
61.87544632 0.01236330
61.90407944 0.01235769
61.93271255 0.01235208
61.96134567 0.01234647
61.98997879 0.01234087
62.01861191 0.01233528
62.04724503 0.01232969
62.07587814 0.01232410
62.10451126 0.01231852
62.13314438 0.01231295
62.16177750 0.01230738
62.19040680 0.01230182
62.21903992 0.01229626
62.24767303 0.01229071
62.27630615 0.01228516
62.30493927 0.01227961
62.33357239 0.01227408
62.36220551 0.01226854
62.39083862 0.01226301
62.41947174 0.01225749
62.44810486 0.01225197
62.47673798 0.01224646
62.50537109 0.01224095
62.53400040 0.01223545
62.56263351 0.01222995
62.59126663 0.01222446
62.61989975 0.01221897
62.64853287 0.01221349
62.67716599 0.01220801
62.70579910 0.01220254
62.73443222 0.01219707
62.76306534 0.01219161
62.79169846 0.01218615
62.82033157 0.01218070
62.84896088 0.01217525
62.87759399 0.01216981
62.90622711 0.01216437
62.93486023 0.01215894
62.96349335 0.01215351
62.99212646 0.01214809
63.02075958 0.01214267
63.04939270 0.01213726
63.07802582 0.01213185
63.10665894 0.01212644
63.13529205 0.01212105
63.16392136 0.01211565
63.19255447 0.01211026
63.22118759 0.01210488
63.24982071 0.01209950
63.27845383 0.01209413
63.30708694 0.01208876
63.33572006 0.01208339
63.36435318 0.01207803
63.39298630 0.01207268
63.42161942 0.01206733
63.45025253 0.01206198
63.47888565 0.01205664
63.50751495 0.01205131
63.53614807 0.01204598
63.56478119 0.01204065
63.59341431 0.01203533
63.62204742 0.01203001
63.65068054 0.01202470
63.67931366 0.01201940
63.70794678 0.01201409
63.73657990 0.01200880
63.76521301 0.01200350
63.79384613 0.01199822
63.82247543 0.01199293
63.85110855 0.01198766
63.87974167 0.01198238
63.90837479 0.01197711
63.93700790 0.01197185
63.96564102 0.01196659
63.99427414 0.01196134
64.02290344 0.01195609
64.05153656 0.01195084
64.08016968 0.01194560
64.10880280 0.01194036
64.13743591 0.01193513
64.16606903 0.01192991
64.19470215 0.01192469
64.22333527 0.01191947
64.25196838 0.01191426
64.28060150 0.01190905
64.30923462 0.01190384
64.33786774 0.01189865
64.36650085 0.01189345
64.39513397 0.01188826
64.42376709 0.01188308
64.45240021 0.01187790
64.48103333 0.01187272
64.50966644 0.01186755
64.53829956 0.01186239
64.56693268 0.01185722
64.59556580 0.01185207
64.62419891 0.01184691
64.65282440 0.01184177
64.68145752 0.01183662
64.71009064 0.01183149
64.73872375 0.01182635
64.76735687 0.01182122
64.79598999 0.01181609
64.82462311 0.01181098
64.85325623 0.01180586
64.88188934 0.01180075
64.91052246 0.01179564
64.93915558 0.01179054
64.96778870 0.01178544
64.99642181 0.01178035
65.02505493 0.01177526
65.05368805 0.01177017
65.08232117 0.01176509
65.11095428 0.01176002
65.13958740 0.01175494
65.16822052 0.01174988
65.19685364 0.01174482
65.22548676 0.01173976
65.25411987 0.01173470
65.28275299 0.01172966
65.31137848 0.01172461
65.34001160 0.01171957
65.36864471 0.01171454
65.39727783 0.01170951
65.42591095 0.01170448
65.45454407 0.01169945
65.48317719 0.01169444
65.51181030 0.01168942
65.54044342 0.01168441
65.56907654 0.01167941
65.59770966 0.01167441
65.62634277 0.01166941
65.65497589 0.01166442
65.68360901 0.01165943
65.71224213 0.01165445
65.74087524 0.01164947
65.76950836 0.01164449
65.79814148 0.01163952
65.82677460 0.01163456
65.85540771 0.01162960
65.88404083 0.01162464
65.91267395 0.01161969
65.94130707 0.01161474
65.96993256 0.01160979
65.99856567 0.01160485
66.02719879 0.01159992
66.05583191 0.01159499
66.08446503 0.01159006
66.11309814 0.01158513
66.14173126 0.01158022
66.17036438 0.01157530
66.19899750 0.01157039
66.22763062 0.01156549
66.25626373 0.01156058
66.28489685 0.01155568
66.31352997 0.01155079
66.34216309 0.01154590
66.37079620 0.01154102
66.39942932 0.01153614
66.42806244 0.01153126
66.45669556 0.01152639
66.48532867 0.01152152
66.51396179 0.01151666
66.54259491 0.01151180
66.57122803 0.01150694
66.59986115 0.01150209
66.62848663 0.01149724
66.65711975 0.01149240
66.68575287 0.01148756
66.71438599 0.01148273
66.74301910 0.01147790
66.77165222 0.01147307
66.80028534 0.01146825
66.82891846 0.01146343
66.85755157 0.01145862
66.88618469 0.01145381
66.91481781 0.01144900
66.94345093 0.01144420
66.97208405 0.01143940
67.00071716 0.01143461
67.02935028 0.01142982
67.05798340 0.01142503
67.08661652 0.01142025
67.11524963 0.01141548
67.14388275 0.01141070
67.17251587 0.01140593
67.20114899 0.01140117
67.22978210 0.01139641
67.25840759 0.01139165
67.28704071 0.01138690
67.31567383 0.01138215
67.34430695 0.01137741
67.37294006 0.01137266
67.40157318 0.01136793
67.43020630 0.01136320
67.45883942 0.01135847
67.48747253 0.01135375
67.51610565 0.01134902
67.54473877 0.01134431
67.57337189 0.01133959
67.60200500 0.01133489
67.63063812 0.01133018
67.65927124 0.01132548
67.68790436 0.01132078
67.71653748 0.01131609
67.74517059 0.01131140
67.77380371 0.01130672
67.80243683 0.01130204
67.83106995 0.01129736
67.85970306 0.01129269
67.88833618 0.01128802
67.91696167 0.01128336
67.94559479 0.01127869
67.97422791 0.01127404
68.00286102 0.01126938
68.03149414 0.01126473
68.06012726 0.01126009
68.08876038 0.01125545
68.11739349 0.01125081
68.14602661 0.01124618
68.17465973 0.01124155
68.20329285 0.01123692
68.23192596 0.01123230
68.26055908 0.01122768
68.28919220 0.01122306
68.31782532 0.01121845
68.34645844 0.01121385
68.37509155 0.01120924
68.40372467 0.01120465
68.43235779 0.01120005
68.46099091 0.01119546
68.48962402 0.01119087
68.51825714 0.01118629
68.54689026 0.01118171
68.57551575 0.01117714
68.60414886 0.01117256
68.63278198 0.01116800
68.66141510 0.01116343
68.69004822 0.01115887
68.71868134 0.01115432
68.74731445 0.01114976
68.77594757 0.01114522
68.80458069 0.01114067
68.83321381 0.01113613
68.86184692 0.01113159
68.89048004 0.01112705
68.91911316 0.01112253
68.94774628 0.01111800
68.97637939 0.01111348
69.00501251 0.01110896
69.03364563 0.01110444
69.06227875 0.01109993
69.09091187 0.01109542
69.11954498 0.01109092
69.14817810 0.01108642
69.17681122 0.01108192
69.20544434 0.01107743
69.23406982 0.01107294
69.26270294 0.01106846
69.29133606 0.01106397
69.31996918 0.01105949
69.34860229 0.01105502
69.37723541 0.01105055
69.40586853 0.01104609
69.43450165 0.01104162
69.46313477 0.01103716
69.49176788 0.01103271
69.52040100 0.01102825
69.54903412 0.01102380
69.57766724 0.01101936
69.60630035 0.01101492
69.63493347 0.01101048
69.66356659 0.01100605
69.69219971 0.01100161
69.72083282 0.01099719
69.74946594 0.01099276
69.77809906 0.01098835
69.80673218 0.01098393
69.83536530 0.01097952
69.86399841 0.01097511
69.89262390 0.01097070
69.92125702 0.01096630
69.94989014 0.01096191
69.97852325 0.01095751
70.00715637 0.01095312
70.03578949 0.01094873
70.06442261 0.01094435
70.09305573 0.01093997
70.12168884 0.01093560
70.15032196 0.01093123
70.17895508 0.01092686
70.20758820 0.01092249
70.23622131 0.01091813
70.26485443 0.01091377
70.29348755 0.01090941
70.32212067 0.01090506
70.35075378 0.01090071
70.37938690 0.01089637
70.40802002 0.01089203
70.43665314 0.01088769
70.46528625 0.01088336
70.49391937 0.01087903
70.52255249 0.01087470
70.55117798 0.01087038
70.57981110 0.01086606
70.60844421 0.01086175
70.63707733 0.01085743
70.66571045 0.01085312
70.69434357 0.01084882
70.72297668 0.01084452
70.75160980 0.01084022
70.78024292 0.01083592
70.80887604 0.01083163
70.83750916 0.01082734
70.86614227 0.01082306
70.89477539 0.01081878
70.92340851 0.01081450
70.95204163 0.01081022
70.98067474 0.01080595
71.00930786 0.01080169
71.03794098 0.01079742
71.06657410 0.01079316
71.09520721 0.01078891
71.12384033 0.01078465
71.15247345 0.01078040
71.18110657 0.01077615
71.20973206 0.01077191
71.23836517 0.01076767
71.26699829 0.01076344
71.29563141 0.01075920
71.32426453 0.01075497
71.35289764 0.01075075
71.38153076 0.01074652
71.41016388 0.01074230
71.43879700 0.01073809
71.46743011 0.01073387
71.49606323 0.01072967
71.52469635 0.01072546
71.55332947 0.01072126
71.58196259 0.01071706
71.61059570 0.01071286
71.63922882 0.01070867
71.66786194 0.01070448
71.69649506 0.01070029
71.72512817 0.01069611
71.75376129 0.01069193
71.78239441 0.01068776
71.81102753 0.01068358
71.83966064 0.01067941
71.86828613 0.01067525
71.89691925 0.01067109
71.92555237 0.01066693
71.95418549 0.01066277
71.98281860 0.01065862
72.01145172 0.01065447
72.04008484 0.01065032
72.06871796 0.01064618
72.09735107 0.01064204
72.12598419 0.01063790
72.15461731 0.01063377
72.18325043 0.01062964
72.21188354 0.01062551
72.24051666 0.01062139
72.26914978 0.01061727
72.29778290 0.01061316
72.32641602 0.01060904
72.35504913 0.01060493
72.38368225 0.01060083
72.41231537 0.01059672
72.44094849 0.01059262
72.46958160 0.01058852
72.49821472 0.01058443
72.52684021 0.01058034
72.55547333 0.01057625
72.58410645 0.01057217
72.61273956 0.01056809
72.64137268 0.01056401
72.67000580 0.01055994
72.69863892 0.01055586
72.72727203 0.01055180
72.75590515 0.01054773
72.78453827 0.01054367
72.81317139 0.01053961
72.84180450 0.01053555
72.87043762 0.01053150
72.89907074 0.01052745
72.92770386 0.01052341
72.95633698 0.01051936
72.98497009 0.01051532
73.01360321 0.01051129
73.04223633 0.01050725
73.07086945 0.01050323
73.09950256 0.01049920
73.12813568 0.01049518
73.15676117 0.01049116
73.18539429 0.01048714
73.21402740 0.01048313
73.24266052 0.01047912
73.27129364 0.01047511
73.29992676 0.01047110
73.32855988 0.01046710
73.35719299 0.01046310
73.38582611 0.01045911
73.41445923 0.01045511
73.44309235 0.01045112
73.47172546 0.01044714
73.50035858 0.01044315
73.52899170 0.01043918
73.55762482 0.01043520
73.58625793 0.01043122
73.61489105 0.01042726
73.64352417 0.01042329
73.67215729 0.01041932
73.70079041 0.01041536
73.72942352 0.01041140
73.75805664 0.01040745
73.78668976 0.01040350
73.81531525 0.01039955
73.84394836 0.01039560
73.87258148 0.01039166
73.90121460 0.01038772
73.92984772 0.01038378
73.95848083 0.01037985
73.98711395 0.01037592
74.01574707 0.01037199
74.04438019 0.01036807
74.07301331 0.01036414
74.10164642 0.01036023
74.13027954 0.01035631
74.15891266 0.01035239
74.18754578 0.01034849
74.21617889 0.01034458
74.24481201 0.01034068
74.27344513 0.01033678
74.30207825 0.01033288
74.33071136 0.01032898
74.35934448 0.01032509
74.38797760 0.01032120
74.41661072 0.01031732
74.44524384 0.01031344
74.47386932 0.01030956
74.50250244 0.01030568
74.53113556 0.01030181
74.55976868 0.01029794
74.58840179 0.01029407
74.61703491 0.01029020
74.64566803 0.01028634
74.67430115 0.01028248
74.70293427 0.01027863
74.73156738 0.01027478
74.76020050 0.01027093
74.78883362 0.01026708
74.81746674 0.01026324
74.84609985 0.01025939
74.87473297 0.01025555
74.90336609 0.01025172
74.93199921 0.01024789
74.96063232 0.01024406
74.98926544 0.01024023
75.01789856 0.01023641
75.04653168 0.01023259
75.07516479 0.01022877
75.10379791 0.01022496
75.13242340 0.01022115
75.16105652 0.01021734
75.18968964 0.01021353
75.21832275 0.01020973
75.24695587 0.01020593
75.27558899 0.01020213
75.30422211 0.01019834
75.33285522 0.01019454
75.36148834 0.01019076
75.39012146 0.01018697
75.41875458 0.01018319
75.44738770 0.01017941
75.47602081 0.01017563
75.50465393 0.01017186
75.53328705 0.01016808
75.56192017 0.01016432
75.59055328 0.01016055
75.61918640 0.01015679
75.64781952 0.01015303
75.67645264 0.01014927
75.70508575 0.01014552
75.73371887 0.01014176
75.76235199 0.01013802
75.79097748 0.01013427
75.81961060 0.01013053
75.84824371 0.01012679
75.87687683 0.01012305
75.90550995 0.01011932
75.93414307 0.01011559
75.96277618 0.01011185
75.99140930 0.01010813
76.02004242 0.01010441
76.04867554 0.01010069
76.07730865 0.01009697
76.10594177 0.01009325
76.13457489 0.01008954
76.16320801 0.01008583
76.19184113 0.01008213
76.22047424 0.01007842
76.24910736 0.01007472
76.27774048 0.01007102
76.30637360 0.01006733
76.33500671 0.01006364
76.36363983 0.01005994
76.39227295 0.01005626
76.42090607 0.01005257
76.44953156 0.01004889
76.47816467 0.01004521
76.50679779 0.01004154
76.53543091 0.01003786
76.56406403 0.01003420
76.59269714 0.01003053
76.62133026 0.01002686
76.64996338 0.01002320
76.67859650 0.01001954
76.70722961 0.01001588
76.73586273 0.01001223
76.76449585 0.01000858
76.79312897 0.01000493
76.82176208 0.01000128
76.85039520 0.00999764
76.87902832 0.00999400
76.90766144 0.00999036
76.93629456 0.00998672
76.96492767 0.00998309
76.99356079 0.00997946
77.02219391 0.00997584
77.05082703 0.00997221
77.07946014 0.00996859
77.10808563 0.00996497
77.13671875 0.00996136
77.16535187 0.00995774
77.19398499 0.00995413
77.22261810 0.00995052
77.25125122 0.00994692
77.27988434 0.00994331
77.30851746 0.00993971
77.33715057 0.00993612
77.36578369 0.00993252
77.39441681 0.00992893
77.42304993 0.00992534
77.45168304 0.00992175
77.48031616 0.00991817
77.50894928 0.00991459
77.53758240 0.00991101
77.56621552 0.00990743
77.59484863 0.00990386
77.62348175 0.00990029
77.65211487 0.00989672
77.68074799 0.00989315
77.70938110 0.00988959
77.73801422 0.00988603
77.76663971 0.00988248
77.79527283 0.00987892
77.82390594 0.00987536
77.85253906 0.00987182
77.88117218 0.00986827
77.90980530 0.00986472
77.93843842 0.00986118
77.96707153 0.00985764
77.99570465 0.00985411
78.02433777 0.00985057
78.05297089 0.00984704
78.08160400 0.00984351
78.11023712 0.00983998
78.13887024 0.00983646
78.16750336 0.00983293
78.19613647 0.00982942
78.22476959 0.00982591
78.25340271 0.00982239
78.28203583 0.00981888
78.31066895 0.00981537
78.33930206 0.00981186
78.36793518 0.00980836
78.39656067 0.00980486
78.42519379 0.00980136
78.45382690 0.00979787
78.48246002 0.00979437
78.51109314 0.00979088
78.53972626 0.00978740
78.56835938 0.00978391
78.59699249 0.00978042
78.62562561 0.00977695
78.65425873 0.00977347
78.68289185 0.00976999
78.71152496 0.00976652
78.74015808 0.00976305
78.76879120 0.00975958
78.79742432 0.00975611
78.82605743 0.00975265
78.85469055 0.00974919
78.88332367 0.00974573
78.91195679 0.00974228
78.94058990 0.00973882
78.96922302 0.00973537
78.99785614 0.00973193
79.02648926 0.00972848
79.05511475 0.00972504
79.08374786 0.00972160
79.11238098 0.00971816
79.14101410 0.00971472
79.16964722 0.00971129
79.19828033 0.00970786
79.22691345 0.00970443
79.25554657 0.00970101
79.28417969 0.00969759
79.31281281 0.00969417
79.34144592 0.00969075
79.37007904 0.00968733
79.39871216 0.00968392
79.42734528 0.00968051
79.45597839 0.00967710
79.48461151 0.00967370
79.51324463 0.00967029
79.54187775 0.00966689
79.57051086 0.00966349
79.59914398 0.00966010
79.62777710 0.00965670
79.65641022 0.00965331
79.68504333 0.00964992
79.71366882 0.00964653
79.74230194 0.00964315
79.77093506 0.00963977
79.79956818 0.00963640
79.82820129 0.00963302
79.85683441 0.00962964
79.88546753 0.00962627
79.91410065 0.00962290
79.94273376 0.00961953
79.97136688 0.00961617
80.00000000 0.00961281
80.02863312 0.00960945
80.05726624 0.00960609
80.08589935 0.00960274
80.11453247 0.00959939
80.14316559 0.00959603
80.17179871 0.00959268
80.20043182 0.00958934
80.22906494 0.00958600
80.25769806 0.00958266
80.28633118 0.00957933
80.31496429 0.00957599
80.34359741 0.00957265
80.37222290 0.00956932
80.40085602 0.00956599
80.42948914 0.00956267
80.45812225 0.00955934
80.48675537 0.00955602
80.51538849 0.00955270
80.54402161 0.00954938
80.57265472 0.00954608
80.60128784 0.00954276
80.62992096 0.00953945
80.65855408 0.00953614
80.68718719 0.00953284
80.71582031 0.00952953
80.74445343 0.00952624
80.77308655 0.00952294
80.80171967 0.00951964
80.83035278 0.00951635
80.85898590 0.00951306
80.88761902 0.00950977
80.91625214 0.00950649
80.94488525 0.00950320
80.97351837 0.00949991
81.00215149 0.00949664
81.03077698 0.00949336
81.05941010 0.00949009
81.08804321 0.00948681
81.11667633 0.00948355
81.14530945 0.00948028
81.17394257 0.00947701
81.20257568 0.00947375
81.23120880 0.00947049
81.25984192 0.00946723
81.28847504 0.00946398
81.31710815 0.00946072
81.34574127 0.00945747
81.37437439 0.00945422
81.40300751 0.00945097
81.43164062 0.00944773
81.46027374 0.00944449
81.48890686 0.00944125
81.51753998 0.00943801
81.54617310 0.00943477
81.57480621 0.00943154
81.60343933 0.00942831
81.63207245 0.00942508
81.66070557 0.00942185
81.68933105 0.00941863
81.71796417 0.00941541
81.74659729 0.00941219
81.77523041 0.00940897
81.80386353 0.00940576
81.83249664 0.00940254
81.86112976 0.00939933
81.88976288 0.00939612
81.91839600 0.00939292
81.94702911 0.00938971
81.97566223 0.00938651
82.00429535 0.00938331
82.03292847 0.00938011
82.06156158 0.00937692
82.09019470 0.00937373
82.11882782 0.00937053
82.14746094 0.00936735
82.17609406 0.00936416
82.20472717 0.00936098
82.23336029 0.00935780
82.26199341 0.00935462
82.29062653 0.00935144
82.31925964 0.00934826
82.34788513 0.00934509
82.37651825 0.00934192
82.40515137 0.00933875
82.43378448 0.00933558
82.46241760 0.00933242
82.49105072 0.00932926
82.51968384 0.00932610
82.54831696 0.00932294
82.57695007 0.00931978
82.60558319 0.00931663
82.63421631 0.00931348
82.66284943 0.00931033
82.69148254 0.00930718
82.72011566 0.00930404
82.74874878 0.00930090
82.77738190 0.00929776
82.80601501 0.00929462
82.83464813 0.00929148
82.86328125 0.00928835
82.89191437 0.00928522
82.92054749 0.00928209
82.94918060 0.00927896
82.97781372 0.00927584
83.00643921 0.00927272
83.03507233 0.00926960
83.06370544 0.00926648
83.09233856 0.00926336
83.12097168 0.00926025
83.14960480 0.00925713
83.17823792 0.00925402
83.20687103 0.00925092
83.23550415 0.00924781
83.26413727 0.00924471
83.29277039 0.00924161
83.32140350 0.00923851
83.35003662 0.00923541
83.37866974 0.00923232
83.40730286 0.00922922
83.43593597 0.00922613
83.46456909 0.00922304
83.49320221 0.00921996
83.52183533 0.00921687
83.55046844 0.00921379
83.57910156 0.00921071
83.60773468 0.00920763
83.63636780 0.00920456
83.66499329 0.00920148
83.69362640 0.00919841
83.72225952 0.00919534
83.75089264 0.00919227
83.77952576 0.00918921
83.80815887 0.00918614
83.83679199 0.00918309
83.86542511 0.00918003
83.89405823 0.00917697
83.92269135 0.00917391
83.95132446 0.00917086
83.97995758 0.00916781
84.00859070 0.00916476
84.03722382 0.00916172
84.06585693 0.00915867
84.09449005 0.00915563
84.12312317 0.00915259
84.15175629 0.00914955
84.18038940 0.00914652
84.20902252 0.00914348
84.23765564 0.00914045
84.26628876 0.00913742
84.29491425 0.00913439
84.32354736 0.00913137
84.35218048 0.00912834
84.38081360 0.00912532
84.40944672 0.00912230
84.43807983 0.00911928
84.46671295 0.00911627
84.49534607 0.00911325
84.52397919 0.00911024
84.55261230 0.00910723
84.58124542 0.00910422
84.60987854 0.00910122
84.63851166 0.00909821
84.66714478 0.00909521
84.69577789 0.00909221
84.72441101 0.00908922
84.75304413 0.00908622
84.78167725 0.00908323
84.81031036 0.00908023
84.83894348 0.00907725
84.86757660 0.00907426
84.89620972 0.00907127
84.92484283 0.00906829
84.95346832 0.00906531
84.98210144 0.00906233
85.01073456 0.00905935
85.03936768 0.00905638
85.06800079 0.00905340
85.09663391 0.00905044
85.12526703 0.00904746
85.15390015 0.00904450
85.18253326 0.00904153
85.21116638 0.00903857
85.23979950 0.00903561
85.26843262 0.00903265
85.29706573 0.00902969
85.32569885 0.00902674
85.35433197 0.00902378
85.38296509 0.00902083
85.41159821 0.00901788
85.44023132 0.00901493
85.46886444 0.00901199
85.49749756 0.00900905
85.52613068 0.00900611
85.55476379 0.00900317
85.58339691 0.00900023
85.61202240 0.00899729
85.64065552 0.00899436
85.66928864 0.00899143
85.69792175 0.00898850
85.72655487 0.00898557
85.75518799 0.00898264
85.78382111 0.00897972
85.81245422 0.00897680
85.84108734 0.00897388
85.86972046 0.00897096
85.89835358 0.00896804
85.92698669 0.00896513
85.95561981 0.00896222
85.98425293 0.00895931
86.01288605 0.00895640
86.04151917 0.00895349
86.07015228 0.00895059
86.09878540 0.00894768
86.12741852 0.00894478
86.15605164 0.00894189
86.18468475 0.00893899
86.21331787 0.00893610
86.24195099 0.00893320
86.27057648 0.00893031
86.29920959 0.00892742
86.32784271 0.00892454
86.35647583 0.00892165
86.38510895 0.00891877
86.41374207 0.00891589
86.44237518 0.00891301
86.47100830 0.00891013
86.49964142 0.00890725
86.52827454 0.00890438
86.55690765 0.00890151
86.58554077 0.00889864
86.61417389 0.00889577
86.64280701 0.00889290
86.67144012 0.00889004
86.70007324 0.00888718
86.72870636 0.00888432
86.75733948 0.00888146
86.78597260 0.00887860
86.81460571 0.00887575
86.84323883 0.00887290
86.87187195 0.00887004
86.90050507 0.00886720
86.92913055 0.00886435
86.95776367 0.00886150
86.98639679 0.00885866
87.01502991 0.00885582
87.04366302 0.00885298
87.07229614 0.00885014
87.10092926 0.00884730
87.12956238 0.00884447
87.15819550 0.00884164
87.18682861 0.00883881
87.21546173 0.00883598
87.24409485 0.00883316
87.27272797 0.00883033
87.30136108 0.00882751
87.32999420 0.00882468
87.35862732 0.00882186
87.38726044 0.00881905
87.41589355 0.00881623
87.44452667 0.00881342
87.47315979 0.00881061
87.50179291 0.00880780
87.53042603 0.00880499
87.55905914 0.00880218
87.58768463 0.00879938
87.61631775 0.00879658
87.64495087 0.00879377
87.67358398 0.00879098
87.70221710 0.00878818
87.73085022 0.00878538
87.75948334 0.00878259
87.78811646 0.00877980
87.81674957 0.00877701
87.84538269 0.00877422
87.87401581 0.00877144
87.90264893 0.00876865
87.93128204 0.00876587
87.95991516 0.00876309
87.98854828 0.00876031
88.01718140 0.00875753
88.04581451 0.00875476
88.07444763 0.00875198
88.10308075 0.00874921
88.13171387 0.00874644
88.16034698 0.00874367
88.18898010 0.00874090
88.21761322 0.00873814
88.24623871 0.00873538
88.27487183 0.00873262
88.30350494 0.00872986
88.33213806 0.00872710
88.36077118 0.00872434
88.38940430 0.00872159
88.41803741 0.00871884
88.44667053 0.00871609
88.47530365 0.00871334
88.50393677 0.00871059
88.53256989 0.00870785
88.56120300 0.00870510
88.58983612 0.00870236
88.61846924 0.00869962
88.64710236 0.00869688
88.67573547 0.00869415
88.70436859 0.00869141
88.73300171 0.00868868
88.76163483 0.00868595
88.79026794 0.00868322
88.81890106 0.00868049
88.84753418 0.00867776
88.87616730 0.00867504
88.90479279 0.00867232
88.93342590 0.00866960
88.96205902 0.00866688
88.99069214 0.00866417
89.01932526 0.00866145
89.04795837 0.00865874
89.07659149 0.00865602
89.10522461 0.00865331
89.13385773 0.00865061
89.16249084 0.00864790
89.19112396 0.00864519
89.21975708 0.00864249
89.24839020 0.00863979
89.27702332 0.00863709
89.30565643 0.00863439
89.33428955 0.00863170
89.36292267 0.00862900
89.39155579 0.00862631
89.42018890 0.00862362
89.44882202 0.00862093
89.47745514 0.00861824
89.50608826 0.00861556
89.53471375 0.00861287
89.56334686 0.00861019
89.59197998 0.00860752
89.62061310 0.00860483
89.64924622 0.00860216
89.67787933 0.00859948
89.70651245 0.00859681
89.73514557 0.00859414
89.76377869 0.00859147
89.79241180 0.00858880
89.82104492 0.00858613
89.84967804 0.00858347
89.87831116 0.00858080
89.90694427 0.00857814
89.93557739 0.00857548
89.96421051 0.00857282
89.99284363 0.00857017
90.02147675 0.00856751
90.05010986 0.00856486
90.07874298 0.00856221
90.10737610 0.00855956
90.13600922 0.00855691
90.16464233 0.00855426
90.19326782 0.00855162
90.22190094 0.00854898
90.25053406 0.00854633
90.27916718 0.00854369
90.30780029 0.00854106
90.33643341 0.00853842
90.36506653 0.00853578
90.39369965 0.00853315
90.42233276 0.00853052
90.45096588 0.00852789
90.47959900 0.00852526
90.50823212 0.00852264
90.53686523 0.00852001
90.56549835 0.00851739
90.59413147 0.00851477
90.62276459 0.00851215
90.65139771 0.00850953
90.68003082 0.00850691
90.70866394 0.00850430
90.73729706 0.00850168
90.76593018 0.00849907
90.79456329 0.00849646
90.82319641 0.00849386
90.85182190 0.00849125
90.88045502 0.00848864
90.90908813 0.00848604
90.93772125 0.00848344
90.96635437 0.00848084
90.99498749 0.00847824
91.02362061 0.00847564
91.05225372 0.00847305
91.08088684 0.00847045
91.10951996 0.00846786
91.13815308 0.00846527
91.16678619 0.00846268
91.19541931 0.00846010
91.22405243 0.00845751
91.25268555 0.00845493
91.28131866 0.00845234
91.30995178 0.00844976
91.33858490 0.00844719
91.36721802 0.00844461
91.39585114 0.00844203
91.42448425 0.00843946
91.45311737 0.00843689
91.48175049 0.00843432
91.51037598 0.00843175
91.53900909 0.00842918
91.56764221 0.00842661
91.59627533 0.00842405
91.62490845 0.00842149
91.65354156 0.00841892
91.68217468 0.00841637
91.71080780 0.00841381
91.73944092 0.00841125
91.76807404 0.00840870
91.79670715 0.00840614
91.82534027 0.00840359
91.85397339 0.00840104
91.88260651 0.00839849
91.91123962 0.00839594
91.93987274 0.00839340
91.96850586 0.00839086
91.99713898 0.00838831
92.02577209 0.00838577
92.05440521 0.00838324
92.08303833 0.00838070
92.11167145 0.00837816
92.14030457 0.00837563
92.16893005 0.00837310
92.19756317 0.00837056
92.22619629 0.00836803
92.25482941 0.00836551
92.28346252 0.00836298
92.31209564 0.00836045
92.34072876 0.00835793
92.36936188 0.00835541
92.39799500 0.00835289
92.42662811 0.00835037
92.45526123 0.00834785
92.48389435 0.00834534
92.51252747 0.00834282
92.54116058 0.00834031
92.56979370 0.00833780
92.59842682 0.00833529
92.62705994 0.00833278
92.65569305 0.00833028
92.68432617 0.00832777
92.71295929 0.00832527
92.74159241 0.00832277
92.77022552 0.00832027
92.79885864 0.00831777
92.82748413 0.00831527
92.85611725 0.00831278
92.88475037 0.00831028
92.91338348 0.00830779
92.94201660 0.00830530
92.97064972 0.00830281
92.99928284 0.00830032
93.02791595 0.00829784
93.05654907 0.00829535
93.08518219 0.00829287
93.11381531 0.00829039
93.14244843 0.00828791
93.17108154 0.00828543
93.19971466 0.00828295
93.22834778 0.00828048
93.25698090 0.00827800
93.28561401 0.00827553
93.31424713 0.00827306
93.34288025 0.00827060
93.37151337 0.00826812
93.40014648 0.00826566
93.42877960 0.00826319
93.45741272 0.00826073
93.48603821 0.00825827
93.51467133 0.00825581
93.54330444 0.00825335
93.57193756 0.00825090
93.60057068 0.00824844
93.62920380 0.00824599
93.65783691 0.00824353
93.68647003 0.00824108
93.71510315 0.00823863
93.74373627 0.00823619
93.77236938 0.00823374
93.80100250 0.00823129
93.82963562 0.00822885
93.85826874 0.00822641
93.88690186 0.00822397
93.91553497 0.00822153
93.94416809 0.00821909
93.97280121 0.00821666
94.00143433 0.00821422
94.03006744 0.00821179
94.05870056 0.00820936
94.08733368 0.00820693
94.11596680 0.00820450
94.14459229 0.00820207
94.17322540 0.00819964
94.20185852 0.00819722
94.23049164 0.00819480
94.25912476 0.00819238
94.28775787 0.00818996
94.31639099 0.00818754
94.34502411 0.00818512
94.37365723 0.00818271
94.40229034 0.00818029
94.43092346 0.00817788
94.45955658 0.00817547
94.48818970 0.00817306
94.51682281 0.00817065
94.54545593 0.00816824
94.57408905 0.00816583
94.60272217 0.00816343
94.63135529 0.00816103
94.65998840 0.00815863
94.68862152 0.00815623
94.71725464 0.00815383
94.74588776 0.00815143
94.77452087 0.00814903
94.80314636 0.00814664
94.83177948 0.00814425
94.86041260 0.00814186
94.88904572 0.00813947
94.91767883 0.00813708
94.94631195 0.00813469
94.97494507 0.00813230
95.00357819 0.00812992
95.03221130 0.00812754
95.06084442 0.00812516
95.08947754 0.00812278
95.11811066 0.00812040
95.14674377 0.00811802
95.17537689 0.00811565
95.20401001 0.00811327
95.23264313 0.00811090
95.26127625 0.00810853
95.28990936 0.00810616
95.31854248 0.00810379
95.34717560 0.00810142
95.37580872 0.00809906
95.40444183 0.00809669
95.43306732 0.00809433
95.46170044 0.00809197
95.49033356 0.00808961
95.51896667 0.00808725
95.54759979 0.00808490
95.57623291 0.00808254
95.60486603 0.00808019
95.63349915 0.00807783
95.66213226 0.00807548
95.69076538 0.00807314
95.71939850 0.00807079
95.74803162 0.00806844
95.77666473 0.00806610
95.80529785 0.00806375
95.83393097 0.00806141
95.86256409 0.00805907
95.89119720 0.00805673
95.91983032 0.00805439
95.94846344 0.00805205
95.97709656 0.00804972
96.00572968 0.00804739
96.03436279 0.00804505
96.06299591 0.00804272
96.09162140 0.00804039
96.12025452 0.00803807
96.14888763 0.00803574
96.17752075 0.00803341
96.20615387 0.00803109
96.23478699 0.00802877
96.26342010 0.00802645
96.29205322 0.00802413
96.32068634 0.00802181
96.34931946 0.00801949
96.37795258 0.00801717
96.40658569 0.00801486
96.43521881 0.00801255
96.46385193 0.00801024
96.49248505 0.00800792
96.52111816 0.00800562
96.54975128 0.00800331
96.57838440 0.00800100
96.60701752 0.00799870
96.63565063 0.00799639
96.66428375 0.00799409
96.69291687 0.00799179
96.72154999 0.00798949
96.75017548 0.00798719
96.77880859 0.00798490
96.80744171 0.00798260
96.83607483 0.00798030
96.86470795 0.00797801
96.89334106 0.00797572
96.92197418 0.00797343
96.95060730 0.00797114
96.97924042 0.00796886
97.00787354 0.00796657
97.03650665 0.00796429
97.06513977 0.00796200
97.09377289 0.00795972
97.12240601 0.00795744
97.15103912 0.00795516
97.17967224 0.00795288
97.20830536 0.00795061
97.23693848 0.00794833
97.26557159 0.00794605
97.29420471 0.00794378
97.32283783 0.00794150
97.35147095 0.00793924
97.38010406 0.00793696
97.40872955 0.00793470
97.43736267 0.00793243
97.46599579 0.00793017
97.49462891 0.00792791
97.52326202 0.00792564
97.55189514 0.00792338
97.58052826 0.00792112
97.60916138 0.00791886
97.63779449 0.00791660
97.66642761 0.00791435
97.69506073 0.00791209
97.72369385 0.00790984
97.75232697 0.00790759
97.78096008 0.00790534
97.80959320 0.00790309
97.83822632 0.00790084
97.86685944 0.00789859
97.89549255 0.00789635
97.92412567 0.00789410
97.95275879 0.00789186
97.98139191 0.00788962
98.01002502 0.00788738
98.03865814 0.00788514
98.06728363 0.00788290
98.09591675 0.00788067
98.12454987 0.00787843
98.15318298 0.00787620
98.18181610 0.00787397
98.21044922 0.00787173
98.23908234 0.00786951
98.26771545 0.00786728
98.29634857 0.00786505
98.32498169 0.00786283
98.35361481 0.00786060
98.38224792 0.00785838
98.41088104 0.00785616
98.43951416 0.00785394
98.46814728 0.00785172
98.49678040 0.00784950
98.52541351 0.00784729
98.55404663 0.00784507
98.58267975 0.00784286
98.61131287 0.00784065
98.63994598 0.00783844
98.66857910 0.00783623
98.69721222 0.00783402
98.72583771 0.00783181
98.75447083 0.00782961
98.78310394 0.00782740
98.81173706 0.00782520
98.84037018 0.00782300
98.86900330 0.00782080
98.89763641 0.00781860
98.92626953 0.00781640
98.95490265 0.00781420
98.98353577 0.00781201
99.01216888 0.00780981
99.04080200 0.00780762
99.06943512 0.00780543
99.09806824 0.00780324
99.12670135 0.00780105
99.15533447 0.00779886
99.18396759 0.00779668
99.21260071 0.00779449
99.24123383 0.00779231
99.26986694 0.00779013
99.29850006 0.00778795
99.32713318 0.00778577
99.35576630 0.00778359
99.38439178 0.00778141
99.41302490 0.00777924
99.44165802 0.00777705
99.47029114 0.00777488
99.49892426 0.00777271
99.52755737 0.00777054
99.55619049 0.00776837
99.58482361 0.00776620
99.61345673 0.00776403
99.64208984 0.00776186
99.67072296 0.00775970
99.69935608 0.00775753
99.72798920 0.00775537
99.75662231 0.00775320
99.78525543 0.00775104
99.81388855 0.00774888
99.84252167 0.00774673
99.87115479 0.00774457
99.89978790 0.00774241
99.92842102 0.00774026
99.95705414 0.00773811
99.98568726 0.00773595
100.01432037 0.00773380
100.04294586 0.00773165
100.07157898 0.00772950
100.10021210 0.00772735
100.12884521 0.00772521
100.15747833 0.00772306
100.18611145 0.00772092
100.21474457 0.00771878
100.24337769 0.00771663
100.27201080 0.00771449
100.30064392 0.00771235
100.32927704 0.00771021
100.35791016 0.00770808
100.38654327 0.00770594
100.41517639 0.00770381
100.44380951 0.00770168
100.47244263 0.00769954
100.50107574 0.00769741
100.52970886 0.00769528
100.55834198 0.00769315
100.58697510 0.00769103
100.61560822 0.00768890
100.64424133 0.00768678
100.67286682 0.00768466
100.70149994 0.00768253
100.73013306 0.00768041
100.75876617 0.00767829
100.78739929 0.00767618
100.81603241 0.00767406
100.84466553 0.00767194
100.87329865 0.00766983
100.90193176 0.00766772
100.93056488 0.00766560
100.95919800 0.00766349
100.98783112 0.00766139
101.01646423 0.00765928
101.04509735 0.00765717
101.07373047 0.00765507
101.10236359 0.00765296
101.13099670 0.00765086
101.15962982 0.00764876
101.18826294 0.00764665
101.21689606 0.00764455
101.24552917 0.00764246
101.27416229 0.00764036
101.30279541 0.00763826
101.33142090 0.00763617
101.36005402 0.00763408
101.38868713 0.00763198
101.41732025 0.00762990
101.44595337 0.00762780
101.47458649 0.00762571
101.50321960 0.00762363
101.53185272 0.00762154
101.56048584 0.00761946
101.58911896 0.00761737
101.61775208 0.00761529
101.64638519 0.00761320
101.67501831 0.00761113
101.70365143 0.00760905
101.73228455 0.00760697
101.76091766 0.00760490
101.78955078 0.00760282
101.81818390 0.00760074
101.84681702 0.00759867
101.87545013 0.00759659
101.90408325 0.00759452
101.93271637 0.00759245
101.96134949 0.00759038
101.98997498 0.00758832
102.01860809 0.00758625
102.04724121 0.00758418
102.07587433 0.00758212
102.10450745 0.00758005
102.13314056 0.00757799
102.16177368 0.00757593
102.19040680 0.00757387
102.21903992 0.00757181
102.24767303 0.00756975
102.27630615 0.00756769
102.30493927 0.00756564
102.33357239 0.00756358
102.36220551 0.00756153
102.39083862 0.00755948
102.41947174 0.00755743
102.44810486 0.00755538
102.47673798 0.00755333
102.50537109 0.00755128
102.53400421 0.00754923
102.56263733 0.00754719
102.59127045 0.00754514
102.61990356 0.00754310
102.64852905 0.00754106
102.67716217 0.00753902
102.70579529 0.00753698
102.73442841 0.00753494
102.76306152 0.00753290
102.79169464 0.00753086
102.82032776 0.00752883
102.84896088 0.00752679
102.87759399 0.00752476
102.90622711 0.00752273
102.93486023 0.00752070
102.96349335 0.00751867
102.99212646 0.00751664
103.02075958 0.00751461
103.04939270 0.00751259
103.07802582 0.00751056
103.10665894 0.00750854
103.13529205 0.00750651
103.16392517 0.00750449
103.19255829 0.00750248
103.22119141 0.00750045
103.24982452 0.00749844
103.27845764 0.00749642
103.30708313 0.00749440
103.33571625 0.00749239
103.36434937 0.00749038
103.39298248 0.00748836
103.42161560 0.00748635
103.45024872 0.00748434
103.47888184 0.00748233
103.50751495 0.00748033
103.53614807 0.00747832
103.56478119 0.00747631
103.59341431 0.00747431
103.62204742 0.00747231
103.65068054 0.00747030
103.67931366 0.00746830
103.70794678 0.00746630
103.73657990 0.00746430
103.76521301 0.00746230
103.79384613 0.00746031
103.82247925 0.00745831
103.85111237 0.00745632
103.87974548 0.00745432
103.90837860 0.00745233
103.93701172 0.00745034
103.96563721 0.00744835
103.99427032 0.00744636
104.02290344 0.00744437
104.05153656 0.00744238
104.08016968 0.00744040
104.10880280 0.00743841
104.13743591 0.00743643
104.16606903 0.00743445
104.19470215 0.00743247
104.22333527 0.00743049
104.25196838 0.00742851
104.28060150 0.00742653
104.30923462 0.00742455
104.33786774 0.00742257
104.36650085 0.00742060
104.39513397 0.00741862
104.42376709 0.00741665
104.45240021 0.00741468
104.48103333 0.00741271
104.50966644 0.00741074
104.53829956 0.00740877
104.56693268 0.00740680
104.59556580 0.00740484
104.62419128 0.00740287
104.65282440 0.00740091
104.68145752 0.00739895
104.71009064 0.00739698
104.73872375 0.00739502
104.76735687 0.00739306
104.79598999 0.00739110
104.82462311 0.00738914
104.85325623 0.00738719
104.88188934 0.00738523
104.91052246 0.00738328
104.93915558 0.00738132
104.96778870 0.00737937
104.99642181 0.00737742
105.02505493 0.00737547
105.05368805 0.00737352
105.08232117 0.00737157
105.11095428 0.00736962
105.13958740 0.00736768
105.16822052 0.00736573
105.19685364 0.00736379
105.22548676 0.00736185
105.25411987 0.00735991
105.28274536 0.00735796
105.31137848 0.00735603
105.34001160 0.00735409
105.36864471 0.00735215
105.39727783 0.00735021
105.42591095 0.00734828
105.45454407 0.00734634
105.48317719 0.00734441
105.51181030 0.00734248
105.54044342 0.00734054
105.56907654 0.00733861
105.59770966 0.00733668
105.62634277 0.00733476
105.65497589 0.00733283
105.68360901 0.00733090
105.71224213 0.00732898
105.74087524 0.00732705
105.76950836 0.00732513
105.79814148 0.00732321
105.82677460 0.00732129
105.85540771 0.00731937
105.88404083 0.00731745
105.91267395 0.00731553
105.94129944 0.00731362
105.96993256 0.00731170
105.99856567 0.00730978
106.02719879 0.00730787
106.05583191 0.00730596
106.08446503 0.00730405
106.11309814 0.00730213
106.14173126 0.00730023
106.17036438 0.00729832
106.19899750 0.00729641
106.22763062 0.00729450
106.25626373 0.00729260
106.28489685 0.00729069
106.31352997 0.00728879
106.34216309 0.00728689
106.37079620 0.00728498
106.39942932 0.00728308
106.42806244 0.00728119
106.45669556 0.00727929
106.48532867 0.00727739
106.51396179 0.00727549
106.54259491 0.00727360
106.57122040 0.00727170
106.59985352 0.00726981
106.62848663 0.00726792
106.65711975 0.00726603
106.68575287 0.00726413
106.71438599 0.00726225
106.74301910 0.00726036
106.77165222 0.00725847
106.80028534 0.00725659
106.82891846 0.00725470
106.85755157 0.00725282
106.88618469 0.00725093
106.91481781 0.00724905
106.94345093 0.00724717
106.97208405 0.00724529
107.00071716 0.00724341
107.02935028 0.00724153
107.05798340 0.00723965
107.08661652 0.00723778
107.11524963 0.00723590
107.14388275 0.00723403
107.17251587 0.00723216
107.20114899 0.00723029
107.22977448 0.00722841
107.25840759 0.00722654
107.28704071 0.00722468
107.31567383 0.00722281
107.34430695 0.00722094
107.37294006 0.00721908
107.40157318 0.00721721
107.43020630 0.00721535
107.45883942 0.00721348
107.48747253 0.00721162
107.51610565 0.00720976
107.54473877 0.00720790
107.57337189 0.00720604
107.60200500 0.00720418
107.63063812 0.00720233
107.65927124 0.00720047
107.68790436 0.00719862
107.71653748 0.00719676
107.74517059 0.00719491
107.77380371 0.00719306
107.80243683 0.00719121
107.83106995 0.00718936
107.85970306 0.00718751
107.88832855 0.00718566
107.91696167 0.00718381
107.94559479 0.00718197
107.97422791 0.00718012
108.00286102 0.00717827
108.03149414 0.00717643
108.06012726 0.00717459
108.08876038 0.00717275
108.11739349 0.00717091
108.14602661 0.00716907
108.17465973 0.00716723
108.20329285 0.00716539
108.23192596 0.00716356
108.26055908 0.00716172
108.28919220 0.00715989
108.31782532 0.00715805
108.34645844 0.00715622
108.37509155 0.00715439
108.40372467 0.00715256
108.43235779 0.00715073
108.46099091 0.00714890
108.48962402 0.00714707
108.51825714 0.00714525
108.54688263 0.00714342
108.57551575 0.00714160
108.60414886 0.00713977
108.63278198 0.00713795
108.66141510 0.00713612
108.69004822 0.00713430
108.71868134 0.00713248
108.74731445 0.00713066
108.77594757 0.00712885
108.80458069 0.00712703
108.83321381 0.00712521
108.86184692 0.00712340
108.89048004 0.00712158
108.91911316 0.00711977
108.94774628 0.00711796
108.97637939 0.00711614
109.00501251 0.00711433
109.03364563 0.00711252
109.06227875 0.00711072
109.09091187 0.00710891
109.11954498 0.00710710
109.14817810 0.00710529
109.17681122 0.00710349
109.20543671 0.00710169
109.23406982 0.00709988
109.26270294 0.00709808
109.29133606 0.00709628
109.31996918 0.00709448
109.34860229 0.00709268
109.37723541 0.00709088
109.40586853 0.00708908
109.43450165 0.00708729
109.46313477 0.00708549
109.49176788 0.00708370
109.52040100 0.00708190
109.54903412 0.00708011
109.57766724 0.00707832
109.60630035 0.00707653
109.63493347 0.00707474
109.66356659 0.00707295
109.69219971 0.00707116
109.72083282 0.00706938
109.74946594 0.00706759
109.77809906 0.00706581
109.80673218 0.00706402
109.83536530 0.00706224
109.86399078 0.00706046
109.89262390 0.00705867
109.92125702 0.00705689
109.94989014 0.00705511
109.97852325 0.00705334
110.00715637 0.00705156
110.03578949 0.00704978
110.06442261 0.00704801
110.09305573 0.00704623
110.12168884 0.00704445
110.15032196 0.00704268
110.17895508 0.00704091
110.20758820 0.00703914
110.23622131 0.00703737
110.26485443 0.00703560
110.29348755 0.00703383
110.32212067 0.00703206
110.35075378 0.00703030
110.37938690 0.00702853
110.40802002 0.00702677
110.43665314 0.00702500
110.46528625 0.00702324
110.49391937 0.00702148
110.52254486 0.00701972
110.55117798 0.00701796
110.57981110 0.00701620
110.60844421 0.00701444
110.63707733 0.00701268
110.66571045 0.00701092
110.69434357 0.00700917
110.72297668 0.00700741
110.75160980 0.00700566
110.78024292 0.00700391
110.80887604 0.00700215
110.83750916 0.00700041
110.86614227 0.00699865
110.89477539 0.00699690
110.92340851 0.00699516
110.95204163 0.00699341
110.98067474 0.00699167
111.00930786 0.00698991
111.03794098 0.00698817
111.06657410 0.00698643
111.09520721 0.00698468
111.12384033 0.00698294
111.15247345 0.00698120
111.18109894 0.00697946
111.20973206 0.00697772
111.23836517 0.00697598
111.26699829 0.00697424
111.29563141 0.00697251
111.32426453 0.00697077
111.35289764 0.00696904
111.38153076 0.00696730
111.41016388 0.00696557
111.43879700 0.00696384
111.46743011 0.00696211
111.49606323 0.00696038
111.52469635 0.00695865
111.55332947 0.00695692
111.58196259 0.00695519
111.61059570 0.00695346
111.63922882 0.00695174
111.66786194 0.00695001
111.69649506 0.00694829
111.72512817 0.00694657
111.75376129 0.00694484
111.78239441 0.00694312
111.81101990 0.00694140
111.83965302 0.00693968
111.86828613 0.00693796
111.89691925 0.00693624
111.92555237 0.00693453
111.95418549 0.00693281
111.98281860 0.00693109
112.01145172 0.00692938
112.04008484 0.00692766
112.06871796 0.00692595
112.09735107 0.00692424
112.12598419 0.00692253
112.15461731 0.00692082
112.18325043 0.00691911
112.21188354 0.00691740
112.24051666 0.00691569
112.26914978 0.00691399
112.29778290 0.00691228
112.32641602 0.00691057
112.35504913 0.00690887
112.38368225 0.00690717
112.41231537 0.00690546
112.44094849 0.00690376
112.46957397 0.00690206
112.49820709 0.00690036
112.52684021 0.00689866
112.55547333 0.00689697
112.58410645 0.00689527
112.61273956 0.00689357
112.64137268 0.00689188
112.67000580 0.00689018
112.69863892 0.00688849
112.72727203 0.00688680
112.75590515 0.00688510
112.78453827 0.00688341
112.81317139 0.00688172
112.84180450 0.00688003
112.87043762 0.00687834
112.89907074 0.00687665
112.92770386 0.00687497
112.95633698 0.00687328
112.98497009 0.00687160
113.01360321 0.00686991
113.04223633 0.00686823
113.07086945 0.00686655
113.09950256 0.00686486
113.12812805 0.00686318
113.15676117 0.00686150
113.18539429 0.00685982
113.21402740 0.00685815
113.24266052 0.00685647
113.27129364 0.00685479
113.29992676 0.00685311
113.32855988 0.00685144
113.35719299 0.00684977
113.38582611 0.00684809
113.41445923 0.00684642
113.44309235 0.00684475
113.47172546 0.00684308
113.50035858 0.00684141
113.52899170 0.00683974
113.55762482 0.00683807
113.58625793 0.00683640
113.61489105 0.00683474
113.64352417 0.00683307
113.67215729 0.00683141
113.70079041 0.00682974
113.72942352 0.00682808
113.75805664 0.00682642
113.78668213 0.00682476
113.81531525 0.00682310
113.84394836 0.00682144
113.87258148 0.00681978
113.90121460 0.00681812
113.92984772 0.00681646
113.95848083 0.00681480
113.98711395 0.00681315
114.01574707 0.00681149
114.04438019 0.00680984
114.07301331 0.00680819
114.10164642 0.00680654
114.13027954 0.00680488
114.15891266 0.00680323
114.18754578 0.00680158
114.21617889 0.00679993
114.24481201 0.00679829
114.27344513 0.00679664
114.30207825 0.00679499
114.33071136 0.00679335
114.35934448 0.00679170
114.38797760 0.00679006
114.41661072 0.00678841
114.44523621 0.00678677
114.47386932 0.00678513
114.50250244 0.00678349
114.53113556 0.00678185
114.55976868 0.00678021
114.58840179 0.00677857
114.61703491 0.00677693
114.64566803 0.00677530
114.67430115 0.00677366
114.70293427 0.00677203
114.73156738 0.00677039
114.76020050 0.00676876
114.78883362 0.00676712
114.81746674 0.00676549
114.84609985 0.00676386
114.87473297 0.00676223
114.90336609 0.00676060
114.93199921 0.00675897
114.96063232 0.00675735
114.98926544 0.00675572
115.01789856 0.00675409
115.04653168 0.00675247
115.07516479 0.00675084
115.10379028 0.00674922
115.13242340 0.00674759
115.16105652 0.00674597
115.18968964 0.00674435
115.21832275 0.00674273
115.24695587 0.00674111
115.27558899 0.00673949
115.30422211 0.00673787
115.33285522 0.00673626
115.36148834 0.00673464
115.39012146 0.00673302
115.41875458 0.00673141
115.44738770 0.00672980
115.47602081 0.00672818
115.50465393 0.00672657
115.53328705 0.00672496
115.56192017 0.00672335
115.59055328 0.00672174
115.61918640 0.00672013
115.64781952 0.00671852
115.67645264 0.00671691
115.70508575 0.00671531
115.73371887 0.00671370
115.76234436 0.00671209
115.79097748 0.00671049
115.81961060 0.00670889
115.84824371 0.00670728
115.87687683 0.00670568
115.90550995 0.00670408
115.93414307 0.00670248
115.96277618 0.00670087
115.99140930 0.00669928
116.02004242 0.00669768
116.04867554 0.00669609
116.07730865 0.00669449
116.10594177 0.00669289
116.13457489 0.00669130
116.16320801 0.00668970
116.19184113 0.00668811
116.22047424 0.00668652
116.24910736 0.00668492
116.27774048 0.00668333
116.30637360 0.00668175
116.33500671 0.00668015
116.36363983 0.00667857
116.39227295 0.00667698
116.42089844 0.00667539
116.44953156 0.00667380
116.47816467 0.00667222
116.50679779 0.00667063
116.53543091 0.00666905
116.56406403 0.00666747
116.59269714 0.00666589
116.62133026 0.00666430
116.64996338 0.00666272
116.67859650 0.00666114
116.70722961 0.00665956
116.73586273 0.00665798
116.76449585 0.00665640
116.79312897 0.00665483
116.82176208 0.00665325
116.85039520 0.00665168
116.87902832 0.00665010
116.90766144 0.00664853
116.93629456 0.00664695
116.96492767 0.00664538
116.99356079 0.00664381
117.02219391 0.00664224
117.05082703 0.00664067
117.07945251 0.00663910
117.10808563 0.00663753
117.13671875 0.00663596
117.16535187 0.00663440
117.19398499 0.00663283
117.22261810 0.00663126
117.25125122 0.00662970
117.27988434 0.00662814
117.30851746 0.00662657
117.33715057 0.00662501
117.36578369 0.00662345
117.39441681 0.00662189
117.42304993 0.00662033
117.45168304 0.00661877
117.48031616 0.00661721
117.50894928 0.00661565
117.53758240 0.00661409
117.56621552 0.00661254
117.59484863 0.00661098
117.62348175 0.00660943
117.65211487 0.00660787
117.68074799 0.00660632
117.70937347 0.00660477
117.73800659 0.00660321
117.76663971 0.00660166
117.79527283 0.00660011
117.82390594 0.00659856
117.85253906 0.00659702
117.88117218 0.00659547
117.90980530 0.00659392
117.93843842 0.00659237
117.96707153 0.00659082
117.99570465 0.00658928
118.02433777 0.00658773
118.05297089 0.00658620
118.08160400 0.00658465
118.11023712 0.00658311
118.13887024 0.00658157
118.16750336 0.00658003
118.19613647 0.00657849
118.22476959 0.00657695
118.25340271 0.00657541
118.28203583 0.00657387
118.31066895 0.00657234
118.33930206 0.00657080
118.36792755 0.00656927
118.39656067 0.00656773
118.42519379 0.00656620
118.45382690 0.00656466
118.48246002 0.00656313
118.51109314 0.00656160
118.53972626 0.00656007
118.56835938 0.00655854
118.59699249 0.00655701
118.62562561 0.00655548
118.65425873 0.00655395
118.68289185 0.00655243
118.71152496 0.00655090
118.74015808 0.00654937
118.76879120 0.00654785
118.79742432 0.00654632
118.82605743 0.00654480
118.85469055 0.00654328
118.88332367 0.00654175
118.91195679 0.00654023
118.94058990 0.00653871
118.96922302 0.00653719
118.99785614 0.00653567
119.02648163 0.00653416
119.05511475 0.00653264
119.08374786 0.00653111
119.11238098 0.00652961
119.14101410 0.00652809
119.16964722 0.00652657
119.19828033 0.00652506
119.22691345 0.00652354
119.25554657 0.00652203
119.28417969 0.00652052
119.31281281 0.00651901
119.34144592 0.00651750
119.37007904 0.00651599
119.39871216 0.00651448
119.42734528 0.00651297
119.45597839 0.00651146
119.48461151 0.00650996
119.51324463 0.00650845
119.54187775 0.00650695
119.57051086 0.00650544
119.59914398 0.00650394
119.62777710 0.00650243
119.65641022 0.00650093
119.68503571 0.00649943
119.71366882 0.00649793
119.74230194 0.00649643
119.77093506 0.00649493
119.79956818 0.00649343
119.82820129 0.00649193
119.85683441 0.00649043
119.88546753 0.00648894
119.91410065 0.00648744
119.94273376 0.00648595
119.97136688 0.00648445
120.00000000 0.00648296
