0.00000000 0.07168484
0.02863278 0.07071796
0.05726557 0.06782083
0.08589835 0.06300409
0.11453114 0.05628539
0.14316392 0.04768931
0.17179671 0.03724720
0.20042948 0.02499720
0.22906227 0.01098377
0.25769505 -0.00474205
0.28632784 -0.02212349
0.31496063 -0.04109764
0.34359342 -0.06159627
0.37222621 -0.08354598
0.40085897 -0.10686833
0.42949176 -0.13148053
0.45812455 -0.15729539
0.48675734 -0.18422221
0.51539010 -0.21216670
0.54402292 -0.24103189
0.57265568 -0.27071804
0.60128850 -0.30112338
0.62992126 -0.33214435
0.65855402 -0.36367637
0.68718684 -0.39561394
0.71581960 -0.42785129
0.74445242 -0.46028253
0.77308518 -0.49280247
0.80171794 -0.52530670
0.83035076 -0.55769223
0.85898352 -0.58985758
0.88761634 -0.62170362
0.91624910 -0.65313351
0.94488186 -0.68405330
0.97351468 -0.71437216
1.00214744 -0.74400246
1.03078020 -0.77286059
1.05941308 -0.80086714
1.08804584 -0.82794607
1.11667860 -0.85402650
1.14531136 -0.87904227
1.17394412 -0.90293145
1.20257699 -0.92563760
1.23120975 -0.94710863
1.25984251 -0.96729851
1.28847528 -0.98616570
1.31710804 -1.00367439
1.34574091 -1.01979339
1.37437367 -1.03449738
1.40300643 -1.04776621
1.43163919 -1.05958438
1.46027195 -1.06994200
1.48890483 -1.07883394
1.51753759 -1.08625996
1.54617035 -1.09222496
1.57480311 -1.09673715
1.60343587 -1.09981096
1.63206875 -1.10146356
1.66070151 -1.10171700
1.68933427 -1.10059667
1.71796703 -1.09813213
1.74659979 -1.09435570
1.77523267 -1.08930326
1.80386543 -1.08301353
1.83249819 -1.07552767
1.86113095 -1.06688964
1.88976371 -1.05714524
1.91839659 -1.04634237
1.94702935 -1.03453076
1.97566211 -1.02176106
2.00429487 -1.00808573
2.03292775 -0.99355763
2.06156039 -0.97823066
2.09019327 -0.96215928
2.11882615 -0.94539797
2.14745879 -0.92800152
2.17609167 -0.91002411
2.20472431 -0.89152038
2.23335719 -0.87254333
2.26199007 -0.85314649
2.29062271 -0.83338177
2.31925559 -0.81330013
2.34788823 -0.79295170
2.37652111 -0.77238476
2.40515399 -0.75164694
2.43378663 -0.73078394
2.46241951 -0.70983964
2.49105215 -0.68885696
2.51968503 -0.66787595
2.54831791 -0.64693600
2.57695055 -0.62607419
2.60558343 -0.60532522
2.63421607 -0.58472276
2.66284895 -0.56429756
2.69148183 -0.54407924
2.72011447 -0.52409512
2.74874735 -0.50437021
2.77737999 -0.48492837
2.80601287 -0.46579066
2.83464575 -0.44697684
2.86327839 -0.42850474
2.89191127 -0.41039008
2.92054391 -0.39264721
2.94917679 -0.37528834
2.97780967 -0.35832420
3.00644231 -0.34176427
3.03507519 -0.32561573
3.06370783 -0.30988508
3.09234071 -0.29457667
3.12097359 -0.27969408
3.14960623 -0.26523945
3.17823911 -0.25121349
3.20687175 -0.23761615
3.23550463 -0.22444592
3.26413751 -0.21170063
3.29277015 -0.19937713
3.32140303 -0.18747120
3.35003567 -0.17597812
3.37866855 -0.16489220
3.40730143 -0.15420733
3.43593407 -0.14391679
3.46456695 -0.13401306
3.49319959 -0.12448860
3.52183247 -0.11533500
3.55046535 -0.10654382
3.57909799 -0.09810632
3.60773087 -0.09001324
3.63636351 -0.08225545
3.66499639 -0.07482337
3.69362926 -0.06770751
3.72226191 -0.06089829
3.75089478 -0.05438589
3.77952743 -0.04816077
3.80816031 -0.04221316
3.83679318 -0.03653348
3.86542583 -0.03111229
3.89405870 -0.02594007
3.92269135 -0.02100762
3.95132422 -0.01630570
3.97995710 -0.01182538
4.00858974 -0.00755788
4.03722239 -0.00349457
4.06585550 0.00037302
4.09448814 0.00405296
4.12312078 0.00755329
4.15175390 0.01088180
4.18038654 0.01404589
4.20901918 0.01705290
4.23765230 0.01990988
4.26628494 0.02262355
4.29491758 0.02520051
4.32355022 0.02764706
4.35218334 0.02996931
4.38081598 0.03217303
4.40944862 0.03426385
4.43808174 0.03624717
4.46671438 0.03812808
4.49534702 0.03991154
4.52398014 0.04160229
4.55261278 0.04320477
4.58124542 0.04472330
4.60987806 0.04616199
4.63851118 0.04752476
4.66714382 0.04881530
4.69577646 0.05003716
4.72440958 0.05119375
4.75304222 0.05228822
4.78167486 0.05332364
4.81030798 0.05430293
4.83894062 0.05522879
4.86757326 0.05610386
4.89620590 0.05693061
4.92483902 0.05771139
4.95347166 0.05844841
4.98210430 0.05914379
5.01073742 0.05979953
5.03937006 0.06041755
5.06800270 0.06099962
5.09663582 0.06154744
5.12526846 0.06206265
5.15390110 0.06254675
5.18253374 0.06300122
5.21116686 0.06342743
5.23979950 0.06382667
5.26843214 0.06420019
5.29706526 0.06454913
5.32569790 0.06487465
5.35433054 0.06517778
5.38296366 0.06545954
5.41159630 0.06572086
5.44022894 0.06596267
5.46886158 0.06618582
5.49749470 0.06639111
5.52612734 0.06657934
5.55475998 0.06675126
5.58339310 0.06690754
5.61202574 0.06704889
5.64065838 0.06717593
5.66929150 0.06728928
5.69792414 0.06738952
5.72655678 0.06747720
5.75518942 0.06755286
5.78382254 0.06761701
5.81245518 0.06767014
5.84108782 0.06771269
5.86972094 0.06774513
5.89835358 0.06776787
5.92698622 0.06778134
5.95561934 0.06778591
5.98425198 0.06778196
6.01288462 0.06776985
6.04151726 0.06774992
6.07015038 0.06772251
6.09878302 0.06768794
6.12741566 0.06764650
6.15604877 0.06759849
6.18468142 0.06754420
6.21331406 0.06748389
6.24194717 0.06741782
6.27057981 0.06734623
6.29921246 0.06726938
6.32784510 0.06718750
6.35647821 0.06710081
6.38511086 0.06700951
6.41374350 0.06691381
6.44237661 0.06681392
6.47100925 0.06671003
6.49964190 0.06660232
6.52827501 0.06649094
6.55690765 0.06637610
6.58554029 0.06625795
6.61417294 0.06613663
6.64280605 0.06601231
6.67143869 0.06588513
6.70007133 0.06575524
6.72870445 0.06562275
6.75733709 0.06548781
6.78596973 0.06535055
6.81460285 0.06521107
6.84323549 0.06506950
6.87186813 0.06492595
6.90050077 0.06478052
6.92913389 0.06463332
6.95776653 0.06448445
6.98639917 0.06433401
7.01503229 0.06418206
7.04366493 0.06402873
7.07229757 0.06387408
7.10093069 0.06371819
7.12956333 0.06356117
7.15819597 0.06340306
7.18682861 0.06324395
7.21546173 0.06308389
7.24409437 0.06292297
7.27272701 0.06276125
7.30136013 0.06259877
7.32999277 0.06243563
7.35862541 0.06227185
7.38725853 0.06210750
7.41589117 0.06194263
7.44452381 0.06177729
7.47315693 0.06161153
7.50178957 0.06144541
7.53042221 0.06127893
7.55905485 0.06111220
7.58768797 0.06094520
7.61632061 0.06077800
7.64495325 0.06061064
7.67358637 0.06044314
7.70221901 0.06027555
7.73085165 0.06010789
7.75948477 0.05994021
7.78811741 0.05977253
7.81675005 0.05960488
7.84538269 0.05943729
7.87401581 0.05926977
7.90264845 0.05910236
7.93128109 0.05893511
7.95991421 0.05876800
7.98854685 0.05860108
8.01717949 0.05843437
8.04581261 0.05826788
8.07444477 0.05810164
8.10307789 0.05793566
8.13171101 0.05776996
8.16034317 0.05760456
8.18897629 0.05743948
8.21760941 0.05727474
8.24624157 0.05711035
8.27487469 0.05694632
8.30350780 0.05678265
8.33213997 0.05661940
8.36077309 0.05645654
8.38940620 0.05629409
8.41803837 0.05613209
8.44667149 0.05597050
8.47530460 0.05580938
8.50393677 0.05564871
8.53256989 0.05548850
8.56120205 0.05532879
8.58983517 0.05516954
8.61846828 0.05501080
8.64710045 0.05485257
8.67573357 0.05469483
8.70436668 0.05453761
8.73299885 0.05438091
8.76163197 0.05422475
8.79026508 0.05406912
8.81889725 0.05391403
8.84753036 0.05375949
8.87616348 0.05360549
8.90479565 0.05345206
8.93342876 0.05329917
8.96206188 0.05314686
8.99069405 0.05299511
9.01932716 0.05284394
9.04796028 0.05269334
9.07659245 0.05254331
9.10522556 0.05239386
9.13385773 0.05224501
9.16249084 0.05209672
9.19112396 0.05194903
9.21975613 0.05180193
9.24838924 0.05165542
9.27702236 0.05150950
9.30565453 0.05136418
9.33428764 0.05121946
9.36292076 0.05107532
9.39155293 0.05093178
9.42018604 0.05078883
9.44881916 0.05064650
9.47745132 0.05050477
9.50608444 0.05036362
9.53471756 0.05022308
9.56334972 0.05008314
9.59198284 0.04994380
9.62061596 0.04980506
9.64924812 0.04966692
9.67788124 0.04952938
9.70651340 0.04939243
9.73514652 0.04925609
9.76377964 0.04912033
9.79241180 0.04898519
9.82104492 0.04885063
9.84967804 0.04871667
9.87831020 0.04858331
9.90694332 0.04845053
9.93557644 0.04831836
9.96420860 0.04818677
9.99284172 0.04805576
10.02147484 0.04792535
10.05010700 0.04779553
10.07874012 0.04766628
10.10737324 0.04753762
10.13600540 0.04740955
10.16463852 0.04728205
10.19327164 0.04715513
10.22190380 0.04702879
10.25053692 0.04690303
10.27916908 0.04677785
10.30780220 0.04665322
10.33643532 0.04652917
10.36506748 0.04640570
10.39370060 0.04628277
10.42233372 0.04616041
10.45096588 0.04603863
10.47959900 0.04591739
10.50823212 0.04579672
10.53686428 0.04567660
10.56549740 0.04555703
10.59413052 0.04543801
10.62276268 0.04531955
10.65139580 0.04520162
10.68002892 0.04508423
10.70866108 0.04496741
10.73729420 0.04485111
10.76592731 0.04473535
10.79455948 0.04462013
10.82319260 0.04450543
10.85182476 0.04439127
10.88045788 0.04427763
10.90909100 0.04416452
10.93772316 0.04405193
10.96635628 0.04393987
10.99498940 0.04382831
11.02362156 0.04371728
11.05225468 0.04360675
11.08088779 0.04349673
11.10951996 0.04338723
11.13815308 0.04327824
11.16678619 0.04316973
11.19541836 0.04306174
11.22405148 0.04295424
11.25268459 0.04284723
11.28131676 0.04274073
11.30994987 0.04263470
11.33858299 0.04252916
11.36721516 0.04242412
11.39584827 0.04231955
11.42448139 0.04221547
11.45311356 0.04211186
11.48174667 0.04200872
11.51037884 0.04190606
11.53901196 0.04180387
11.56764507 0.04170214
11.59627724 0.04160089
11.62491035 0.04150009
11.65354347 0.04139975
11.68217564 0.04129988
11.71080875 0.04120046
11.73944187 0.04110148
11.76807404 0.04100296
11.79670715 0.04090489
11.82534027 0.04080725
11.85397243 0.04071007
11.88260555 0.04061332
11.91123867 0.04051701
11.93987083 0.04042114
11.96850395 0.04032569
11.99713707 0.04023069
12.02576923 0.04013611
12.05440235 0.04004195
12.08303452 0.03994821
12.11166763 0.03985490
12.14030075 0.03976200
12.16893291 0.03966953
12.19756603 0.03957746
12.22619915 0.03948580
12.25483131 0.03939456
12.28346443 0.03930372
12.31209755 0.03921328
12.34072971 0.03912325
12.36936283 0.03903362
12.39799595 0.03894437
12.42662811 0.03885554
12.45526123 0.03876708
12.48389435 0.03867902
12.51252651 0.03859135
12.54115963 0.03850406
12.56979275 0.03841716
12.59842491 0.03833064
12.62705803 0.03824449
12.65569019 0.03815874
12.68432331 0.03807334
12.71295643 0.03798832
12.74158859 0.03790368
12.77022171 0.03781939
12.79885483 0.03773547
12.82748699 0.03765193
12.85612011 0.03756874
12.88475323 0.03748591
12.91338539 0.03740344
12.94201851 0.03732131
12.97065163 0.03723955
12.99928379 0.03715814
13.02791691 0.03707708
13.05655003 0.03699636
13.08518219 0.03691599
13.11381531 0.03683596
13.14244843 0.03675627
13.17108059 0.03667692
13.19971371 0.03659790
13.22834587 0.03651923
13.25697899 0.03644089
13.28561211 0.03636287
13.31424427 0.03628519
13.34287739 0.03620783
13.37151051 0.03613080
13.40014267 0.03605409
13.42877579 0.03597770
13.45740891 0.03590163
13.48604107 0.03582589
13.51467419 0.03575045
13.54330730 0.03567532
13.57193947 0.03560052
13.60057259 0.03552602
13.62920570 0.03545183
13.65783787 0.03537795
13.68647099 0.03530437
13.71510410 0.03523109
13.74373627 0.03515812
13.77236938 0.03508544
13.80100155 0.03501306
13.82963467 0.03494098
13.85826778 0.03486919
13.88689995 0.03479770
13.91553307 0.03472650
13.94416618 0.03465558
13.97279835 0.03458495
14.00143147 0.03451462
14.03006458 0.03444456
14.05869675 0.03437478
14.08732986 0.03430529
14.11596298 0.03423607
14.14459515 0.03416714
14.17322826 0.03409848
14.20186138 0.03403009
14.23049355 0.03396198
14.25912666 0.03389414
14.28775978 0.03382657
14.31639194 0.03375926
14.34502506 0.03369222
14.37365723 0.03362545
14.40229034 0.03355894
14.43092346 0.03349269
14.45955563 0.03342671
14.48818874 0.03336098
14.51682186 0.03329550
14.54545403 0.03323030
14.57408714 0.03316534
14.60272026 0.03310063
14.63135242 0.03303618
14.65998554 0.03297198
14.68861866 0.03290802
14.71725082 0.03284431
14.74588394 0.03278085
14.77451706 0.03271763
14.80314922 0.03265466
14.83178234 0.03259194
14.86041546 0.03252944
14.88904762 0.03246719
14.91768074 0.03240518
14.94631386 0.03234340
14.97494602 0.03228186
15.00357914 0.03222055
15.03221130 0.03215948
15.06084442 0.03209863
15.08947754 0.03203803
15.11810970 0.03197764
15.14674282 0.03191748
15.17537594 0.03185755
15.20400810 0.03179784
15.23264122 0.03173836
15.26127434 0.03167910
15.28990650 0.03162007
15.31853962 0.03156124
15.34717274 0.03150264
15.37580490 0.03144427
15.40443802 0.03138610
15.43307114 0.03132815
15.46170330 0.03127041
15.49033642 0.03121289
15.51896954 0.03115558
15.54760170 0.03109848
15.57623482 0.03104158
15.60486698 0.03098490
15.63350010 0.03092843
15.66213322 0.03087215
15.69076538 0.03081609
15.71939850 0.03076023
15.74803162 0.03070457
15.77666378 0.03064912
15.80529690 0.03059386
15.83393002 0.03053880
15.86256218 0.03048395
15.89119530 0.03042929
15.91982841 0.03037482
15.94846058 0.03032055
15.97709370 0.03026648
16.00572586 0.03021260
16.03435898 0.03015891
16.06299210 0.03010541
16.09162521 0.03005210
16.12025833 0.02999898
16.14888954 0.02994605
16.17752266 0.02989331
16.20615578 0.02984075
16.23478889 0.02978837
16.26342201 0.02973619
16.29205513 0.02968419
16.32068634 0.02963236
16.34931946 0.02958073
16.37795258 0.02952926
16.40658569 0.02947798
16.43521881 0.02942687
16.46385002 0.02937595
16.49248314 0.02932520
16.52111626 0.02927463
16.54974937 0.02922423
16.57838249 0.02917401
16.60701561 0.02912395
16.63564682 0.02907408
16.66427994 0.02902437
16.69291306 0.02897483
16.72154617 0.02892547
16.75017929 0.02887627
16.77881241 0.02882724
16.80744362 0.02877838
16.83607674 0.02872968
16.86470985 0.02868115
16.89334297 0.02863277
16.92197609 0.02858457
16.95060921 0.02853653
16.97924042 0.02848865
17.00787354 0.02844093
17.03650665 0.02839337
17.06513977 0.02834597
17.09377289 0.02829873
17.12240410 0.02825165
17.15103722 0.02820473
17.17967033 0.02815796
17.20830345 0.02811134
17.23693657 0.02806488
17.26556969 0.02801858
17.29420090 0.02797243
17.32283401 0.02792643
17.35146713 0.02788058
17.38010025 0.02783488
17.40873337 0.02778934
17.43736649 0.02774393
17.46599770 0.02769869
17.49463081 0.02765360
17.52326393 0.02760865
17.55189705 0.02756384
17.58053017 0.02751918
17.60916138 0.02747467
17.63779449 0.02743030
17.66642761 0.02738607
17.69506073 0.02734199
17.72369385 0.02729805
17.75232697 0.02725425
17.78095818 0.02721060
17.80959129 0.02716708
17.83822441 0.02712370
17.86685753 0.02708046
17.89549065 0.02703736
17.92412376 0.02699439
17.95275497 0.02695158
17.98138809 0.02690889
18.01002121 0.02686633
18.03865433 0.02682391
18.06728745 0.02678163
18.09592056 0.02673948
18.12455177 0.02669747
18.15318489 0.02665558
18.18181801 0.02661382
18.21045113 0.02657220
18.23908424 0.02653071
18.26771545 0.02648936
18.29634857 0.02644813
18.32498169 0.02640702
18.35361481 0.02636604
18.38224792 0.02632520
18.41088104 0.02628448
18.43951225 0.02624389
18.46814537 0.02620343
18.49677849 0.02616308
18.52541161 0.02612286
18.55404472 0.02608277
18.58267784 0.02604280
18.61130905 0.02600296
18.63994217 0.02596323
18.66857529 0.02592363
18.69720840 0.02588415
18.72584152 0.02584479
18.75447464 0.02580555
18.78310585 0.02576643
18.81173897 0.02572743
18.84037209 0.02568854
18.86900520 0.02564977
18.89763832 0.02561113
18.92626953 0.02557261
18.95490265 0.02553419
18.98353577 0.02549589
19.01216888 0.02545771
19.04080200 0.02541964
19.06943512 0.02538169
19.09806633 0.02534385
19.12669945 0.02530612
19.15533257 0.02526851
19.18396568 0.02523100
19.21259880 0.02519361
19.24123192 0.02515634
19.26986313 0.02511917
19.29849625 0.02508211
19.32712936 0.02504516
19.35576248 0.02500833
19.38439560 0.02497160
19.41302681 0.02493498
19.44165993 0.02489847
19.47029305 0.02486206
19.49892616 0.02482577
19.52755928 0.02478956
19.55619240 0.02475348
19.58482361 0.02471750
19.61345673 0.02468163
19.64208984 0.02464586
19.67072296 0.02461019
19.69935608 0.02457462
19.72798920 0.02453916
19.75662041 0.02450381
19.78525352 0.02446855
19.81388664 0.02443339
19.84251976 0.02439833
19.87115288 0.02436340
19.89978600 0.02432854
19.92841721 0.02429380
19.95705032 0.02425915
19.98568344 0.02422459
20.01431656 0.02419014
20.04294968 0.02415579
20.07158089 0.02412153
20.10021400 0.02408738
20.12884712 0.02405331
20.15748024 0.02401935
20.18611336 0.02398549
20.21474648 0.02395171
20.24337769 0.02391804
20.27201080 0.02388445
20.30064392 0.02385097
20.32927704 0.02381757
20.35791016 0.02378427
20.38654327 0.02375107
20.41517448 0.02371796
20.44380760 0.02368494
20.47244072 0.02365201
20.50107384 0.02361918
20.52970695 0.02358644
20.55833817 0.02355379
20.58697128 0.02352123
20.61560440 0.02348876
20.64423752 0.02345638
20.67287064 0.02342409
20.70150375 0.02339188
20.73013496 0.02335977
20.75876808 0.02332775
20.78740120 0.02329581
20.81603432 0.02326396
20.84466743 0.02323220
20.87330055 0.02320053
20.90193176 0.02316895
20.93056488 0.02313745
20.95919800 0.02310603
20.98783112 0.02307470
21.01646423 0.02304346
21.04509735 0.02301230
21.07372856 0.02298124
21.10236168 0.02295024
21.13099480 0.02291934
21.15962791 0.02288852
21.18826103 0.02285778
21.21689224 0.02282713
21.24552536 0.02279655
21.27415848 0.02276606
21.30279160 0.02273566
21.33142471 0.02270533
21.36005783 0.02267508
21.38868904 0.02264492
21.41732216 0.02261484
21.44595528 0.02258483
21.47458839 0.02255491
21.50322151 0.02252507
21.53185463 0.02249530
21.56048584 0.02246562
21.58911896 0.02243602
21.61775208 0.02240648
21.64638519 0.02237703
21.67501831 0.02234766
21.70364952 0.02231837
21.73228264 0.02228915
21.76091576 0.02226001
21.78954887 0.02223095
21.81818199 0.02220196
21.84681511 0.02217305
21.87544632 0.02214421
21.90407944 0.02211546
21.93271255 0.02208677
21.96134567 0.02205816
21.98997879 0.02202962
22.01861191 0.02200116
22.04724312 0.02197278
22.07587624 0.02194446
22.10450935 0.02191622
22.13314247 0.02188805
22.16177559 0.02185995
22.19040871 0.02183193
22.21903992 0.02180398
22.24767303 0.02177611
22.27630615 0.02174830
22.30493927 0.02172057
22.33357239 0.02169290
22.36220360 0.02166531
22.39083672 0.02163778
22.41946983 0.02161033
22.44810295 0.02158295
22.47673607 0.02155563
22.50536919 0.02152839
22.53400040 0.02150122
22.56263351 0.02147412
22.59126663 0.02144708
22.61989975 0.02142011
22.64853287 0.02139321
22.67716599 0.02136638
22.70579720 0.02133962
22.73443031 0.02131292
22.76306343 0.02128629
22.79169655 0.02125973
22.82032967 0.02123323
22.84896278 0.02120680
22.87759399 0.02118044
22.90622711 0.02115414
22.93486023 0.02112791
22.96349335 0.02110174
22.99212646 0.02107564
23.02075768 0.02104961
23.04939079 0.02102363
23.07802391 0.02099773
23.10665703 0.02097188
23.13529015 0.02094611
23.16392326 0.02092039
23.19255447 0.02089474
23.22118759 0.02086915
23.24982071 0.02084363
23.27845383 0.02081816
23.30708694 0.02079276
23.33572006 0.02076743
23.36435127 0.02074215
23.39298439 0.02071694
23.42161751 0.02069178
23.45025063 0.02066670
23.47888374 0.02064167
23.50751495 0.02061670
23.53614807 0.02059179
23.56478119 0.02056694
23.59341431 0.02054216
23.62204742 0.02051743
23.65068054 0.02049276
23.67931175 0.02046815
23.70794487 0.02044361
23.73657799 0.02041912
23.76521111 0.02039469
23.79384422 0.02037032
23.82247734 0.02034600
23.85110855 0.02032175
23.87974167 0.02029756
23.90837479 0.02027342
23.93700790 0.02024934
23.96564102 0.02022531
23.99427414 0.02020135
24.02290535 0.02017744
24.05153847 0.02015359
24.08017159 0.02012980
24.10880470 0.02010606
24.13743782 0.02008238
24.16606903 0.02005875
24.19470215 0.02003519
24.22333527 0.02001167
24.25196838 0.01998821
24.28060150 0.01996481
24.30923462 0.01994146
24.33786583 0.01991817
24.36649895 0.01989493
24.39513206 0.01987175
24.42376518 0.01984862
24.45239830 0.01982554
24.48103142 0.01980252
24.50966263 0.01977956
24.53829575 0.01975664
24.56692886 0.01973378
24.59556198 0.01971097
24.62419510 0.01968822
24.65282631 0.01966552
24.68145943 0.01964287
24.71009254 0.01962028
24.73872566 0.01959773
24.76735878 0.01957524
24.79599190 0.01955280
24.82462311 0.01953042
24.85325623 0.01950808
24.88188934 0.01948579
24.91052246 0.01946356
24.93915558 0.01944138
24.96778870 0.01941924
24.99641991 0.01939716
25.02505302 0.01937514
25.05368614 0.01935316
25.08231926 0.01933122
25.11095238 0.01930934
25.13958549 0.01928752
25.16821671 0.01926573
25.19684982 0.01924400
25.22548294 0.01922232
25.25411606 0.01920070
25.28274918 0.01917910
25.31138039 0.01915757
25.34001350 0.01913608
25.36864662 0.01911465
25.39727974 0.01909326
25.42591286 0.01907192
25.45454597 0.01905062
25.48317719 0.01902938
25.51181030 0.01900819
25.54044342 0.01898703
25.56907654 0.01896593
25.59770966 0.01894487
25.62634277 0.01892386
25.65497398 0.01890291
25.68360710 0.01888199
25.71224022 0.01886112
25.74087334 0.01884030
25.76950645 0.01881952
25.79813957 0.01879880
25.82677078 0.01877812
25.85540390 0.01875748
25.88403702 0.01873688
25.91267014 0.01871634
25.94130325 0.01869584
25.96993446 0.01867538
25.99856758 0.01865497
26.02720070 0.01863460
26.05583382 0.01861429
26.08446693 0.01859401
26.11310005 0.01857378
26.14173126 0.01855359
26.17036438 0.01853345
26.19899750 0.01851335
26.22763062 0.01849329
26.25626373 0.01847328
26.28489685 0.01845331
26.31352806 0.01843339
26.34216118 0.01841350
26.37079430 0.01839367
26.39942741 0.01837387
26.42806053 0.01835412
26.45669174 0.01833441
26.48532486 0.01831475
26.51395798 0.01829512
26.54259109 0.01827554
26.57122421 0.01825600
26.59985733 0.01823650
26.62848854 0.01821705
26.65712166 0.01819763
26.68575478 0.01817826
26.71438789 0.01815893
26.74302101 0.01813964
26.77165413 0.01812039
26.80028534 0.01810118
26.82891846 0.01808202
26.85755157 0.01806289
26.88618469 0.01804381
26.91481781 0.01802476
26.94345093 0.01800576
26.97208214 0.01798680
27.00071526 0.01796787
27.02934837 0.01794899
27.05798149 0.01793015
27.08661461 0.01791135
27.11524582 0.01789258
27.14387894 0.01787386
27.17251205 0.01785517
27.20114517 0.01783653
27.22977829 0.01781792
27.25841141 0.01779936
27.28704262 0.01778083
27.31567574 0.01776234
27.34430885 0.01774389
27.37294197 0.01772548
27.40157509 0.01770711
27.43020821 0.01768877
27.45883942 0.01767048
27.48747253 0.01765222
27.51610565 0.01763400
27.54473877 0.01761581
27.57337189 0.01759767
27.60200310 0.01757957
27.63063622 0.01756150
27.65926933 0.01754347
27.68790245 0.01752547
27.71653557 0.01750751
27.74516869 0.01748959
27.77379990 0.01747171
27.80243301 0.01745386
27.83106613 0.01743605
27.85969925 0.01741828
27.88833237 0.01740054
27.91696548 0.01738284
27.94559669 0.01736518
27.97422981 0.01734755
28.00286293 0.01732996
28.03149605 0.01731240
28.06012917 0.01729488
28.08876228 0.01727740
28.11739349 0.01725995
28.14602661 0.01724253
28.17465973 0.01722516
28.20329285 0.01720781
28.23192596 0.01719050
28.26055717 0.01717323
28.28919029 0.01715600
28.31782341 0.01713879
28.34645653 0.01712162
28.37508965 0.01710449
28.40372276 0.01708739
28.43235397 0.01707033
28.46098709 0.01705330
28.48962021 0.01703630
28.51825333 0.01701934
28.54688644 0.01700241
28.57551956 0.01698552
28.60415077 0.01696866
28.63278389 0.01695183
28.66141701 0.01693504
28.69005013 0.01691828
28.71868324 0.01690156
28.74731445 0.01688487
28.77594757 0.01686821
28.80458069 0.01685158
28.83321381 0.01683499
28.86184692 0.01681843
28.89048004 0.01680190
28.91911125 0.01678541
28.94774437 0.01676895
28.97637749 0.01675251
29.00501060 0.01673612
29.03364372 0.01671975
29.06227684 0.01670342
29.09090805 0.01668712
29.11954117 0.01667085
29.14817429 0.01665462
29.17680740 0.01663841
29.20544052 0.01662224
29.23407364 0.01660610
29.26270485 0.01658999
29.29133797 0.01657392
29.31997108 0.01655787
29.34860420 0.01654185
29.37723732 0.01652587
29.40586853 0.01650992
29.43450165 0.01649400
29.46313477 0.01647811
29.49176788 0.01646225
29.52040100 0.01644642
29.54903412 0.01643062
29.57766533 0.01641485
29.60629845 0.01639912
29.63493156 0.01638341
29.66356468 0.01636773
29.69219780 0.01635208
29.72083092 0.01633647
29.74946213 0.01632088
29.77809525 0.01630533
29.80672836 0.01628980
29.83536148 0.01627431
29.86399460 0.01625884
29.89262772 0.01624340
29.92125893 0.01622799
29.94989204 0.01621261
29.97852516 0.01619727
30.00715828 0.01618195
30.03579140 0.01616665
30.06442261 0.01615140
30.09305573 0.01613616
30.12168884 0.01612097
30.15032196 0.01610579
30.17895508 0.01609065
30.20758820 0.01607552
30.23621941 0.01606044
30.26485252 0.01604538
30.29348564 0.01603035
30.32211876 0.01601535
30.35075188 0.01600037
30.37938499 0.01598543
30.40801620 0.01597051
30.43664932 0.01595562
30.46528244 0.01594075
30.49391556 0.01592592
30.52254868 0.01591111
30.55117989 0.01589634
30.57981300 0.01588159
30.60844612 0.01586686
30.63707924 0.01585216
30.66571236 0.01583750
30.69434547 0.01582286
30.72297668 0.01580824
30.75160980 0.01579366
30.78024292 0.01577910
30.80887604 0.01576457
30.83750916 0.01575006
30.86614227 0.01573558
30.89477348 0.01572113
30.92340660 0.01570671
30.95203972 0.01569231
30.98067284 0.01567794
31.00930595 0.01566360
31.03793907 0.01564928
31.06657028 0.01563498
31.09520340 0.01562072
31.12383652 0.01560648
31.15246964 0.01559227
31.18110275 0.01557808
31.20973396 0.01556392
31.23836708 0.01554978
31.26700020 0.01553567
31.29563332 0.01552159
31.32426643 0.01550753
31.35289955 0.01549350
31.38153076 0.01547949
31.41016388 0.01546552
31.43879700 0.01545156
31.46743011 0.01543763
31.49606323 0.01542372
31.52469635 0.01540984
31.55332756 0.01539599
31.58196068 0.01538216
31.61059380 0.01536836
31.63922691 0.01535458
31.66786003 0.01534082
31.69649124 0.01532709
31.72512436 0.01531339
31.75375748 0.01529971
31.78239059 0.01528606
31.81102371 0.01527243
31.83965683 0.01525882
31.86828804 0.01524524
31.89692116 0.01523168
31.92555428 0.01521815
31.95418739 0.01520464
31.98282051 0.01519116
32.01145172 0.01517769
32.04008484 0.01516426
32.06871796 0.01515085
32.09735107 0.01513746
32.12598419 0.01512409
32.15461731 0.01511076
32.18325043 0.01509744
32.21188354 0.01508414
32.24051666 0.01507087
32.26914597 0.01505763
32.29777908 0.01504441
32.32641220 0.01503121
32.35504532 0.01501803
32.38367844 0.01500488
32.41231155 0.01499175
32.44094467 0.01497864
32.46957779 0.01496556
32.49821091 0.01495250
32.52684402 0.01493947
32.55547714 0.01492645
32.58411026 0.01491346
32.61273956 0.01490049
32.64137268 0.01488755
32.67000580 0.01487462
32.69863892 0.01486172
32.72727203 0.01484884
32.75590515 0.01483599
32.78453827 0.01482316
32.81317139 0.01481035
32.84180450 0.01479756
32.87043762 0.01478479
32.89907074 0.01477205
32.92770004 0.01475933
32.95633316 0.01474663
32.98496628 0.01473395
33.01359940 0.01472130
33.04223251 0.01470867
33.07086563 0.01469605
33.09949875 0.01468346
33.12813187 0.01467089
33.15676498 0.01465835
33.18539810 0.01464582
33.21403122 0.01463332
33.24266434 0.01462084
33.27129364 0.01460838
33.29992676 0.01459594
33.32855988 0.01458352
33.35719299 0.01457113
33.38582611 0.01455876
33.41445923 0.01454640
33.44309235 0.01453407
33.47172546 0.01452176
33.50035858 0.01450947
33.52899170 0.01449720
33.55762482 0.01448495
33.58625412 0.01447273
33.61488724 0.01446052
33.64352036 0.01444834
33.67215347 0.01443617
33.70078659 0.01442403
33.72941971 0.01441191
33.75805283 0.01439980
33.78668594 0.01438772
33.81531906 0.01437565
33.84395218 0.01436361
33.87258530 0.01435159
33.90121841 0.01433959
33.92984772 0.01432761
33.95848083 0.01431565
33.98711395 0.01430371
34.01574707 0.01429179
34.04438019 0.01427989
34.07301331 0.01426801
34.10164642 0.01425615
34.13027954 0.01424431
34.15891266 0.01423249
34.18754578 0.01422069
34.21617889 0.01420891
34.24480820 0.01419715
34.27344131 0.01418541
34.30207443 0.01417369
34.33070755 0.01416198
34.35934067 0.01415030
34.38797379 0.01413864
34.41660690 0.01412699
34.44524002 0.01411537
34.47387314 0.01410376
34.50250626 0.01409217
34.53113937 0.01408061
34.55977249 0.01406906
34.58840179 0.01405753
34.61703491 0.01404602
34.64566803 0.01403453
34.67430115 0.01402306
34.70293427 0.01401161
34.73156738 0.01400018
34.76020050 0.01398876
34.78883362 0.01397737
34.81746674 0.01396599
34.84609985 0.01395463
34.87473297 0.01394329
34.90336227 0.01393197
34.93199539 0.01392067
34.96062851 0.01390938
34.98926163 0.01389812
35.01789474 0.01388687
35.04652786 0.01387564
35.07516098 0.01386443
35.10379410 0.01385324
35.13242722 0.01384206
35.16106033 0.01383090
35.18969345 0.01381976
35.21832275 0.01380865
35.24695587 0.01379755
35.27558899 0.01378646
35.30422211 0.01377540
35.33285522 0.01376435
35.36148834 0.01375332
35.39012146 0.01374231
35.41875458 0.01373131
35.44738770 0.01372034
35.47602081 0.01370938
35.50465393 0.01369844
35.53328705 0.01368752
35.56191635 0.01367661
35.59054947 0.01366572
35.61918259 0.01365485
35.64781570 0.01364400
35.67644882 0.01363316
35.70508194 0.01362234
35.73371506 0.01361154
35.76234818 0.01360076
35.79098129 0.01358999
35.81961441 0.01357924
35.84824753 0.01356851
35.87687683 0.01355780
35.90550995 0.01354710
35.93414307 0.01353642
35.96277618 0.01352575
35.99140930 0.01351510
36.02004242 0.01350448
36.04867554 0.01349386
36.07730865 0.01348327
36.10594177 0.01347268
36.13457489 0.01346212
36.16320801 0.01345158
36.19184113 0.01344105
36.22047043 0.01343054
36.24910355 0.01342004
36.27773666 0.01340956
36.30636978 0.01339910
36.33500290 0.01338865
36.36363602 0.01337822
36.39226913 0.01336781
36.42090225 0.01335741
36.44953537 0.01334703
36.47816849 0.01333666
36.50680161 0.01332632
36.53543091 0.01331599
36.56406403 0.01330567
36.59269714 0.01329537
36.62133026 0.01328509
36.64996338 0.01327482
36.67859650 0.01326457
36.70722961 0.01325433
36.73586273 0.01324411
36.76449585 0.01323391
36.79312897 0.01322372
36.82176208 0.01321355
36.85039520 0.01320339
36.87902451 0.01319325
36.90765762 0.01318313
36.93629074 0.01317302
36.96492386 0.01316293
36.99355698 0.01315285
37.02219009 0.01314278
37.05082321 0.01313274
37.07945633 0.01312271
37.10808945 0.01311269
37.13672256 0.01310269
37.16535568 0.01309271
37.19398499 0.01308274
37.22261810 0.01307279
37.25125122 0.01306285
37.27988434 0.01305292
37.30851746 0.01304302
37.33715057 0.01303312
37.36578369 0.01302324
37.39441681 0.01301338
37.42304993 0.01300354
37.45168304 0.01299370
37.48031616 0.01298388
37.50894928 0.01297408
37.53757858 0.01296430
37.56621170 0.01295452
37.59484482 0.01294476
37.62347794 0.01293502
37.65211105 0.01292529
37.68074417 0.01291558
37.70937729 0.01290588
37.73801041 0.01289620
37.76664352 0.01288653
37.79527664 0.01287687
37.82390976 0.01286723
37.85253906 0.01285761
37.88117218 0.01284800
37.90980530 0.01283841
37.93843842 0.01282882
37.96707153 0.01281926
37.99570465 0.01280970
38.02433777 0.01280016
38.05297089 0.01279064
38.08160400 0.01278113
38.11023712 0.01277163
38.13887024 0.01276215
38.16749954 0.01275269
38.19613266 0.01274323
38.22476578 0.01273380
38.25339890 0.01272437
38.28203201 0.01271496
38.31066513 0.01270557
38.33929825 0.01269618
38.36793137 0.01268681
38.39656448 0.01267746
38.42519760 0.01266812
38.45383072 0.01265879
38.48246384 0.01264948
38.51109314 0.01264018
38.53972626 0.01263090
38.56835938 0.01262163
38.59699249 0.01261237
38.62562561 0.01260312
38.65425873 0.01259389
38.68289185 0.01258468
38.71152496 0.01257547
38.74015808 0.01256628
38.76879120 0.01255711
38.79742432 0.01254795
38.82605362 0.01253880
38.85468674 0.01252966
38.88331985 0.01252054
38.91195297 0.01251143
38.94058609 0.01250234
38.96921921 0.01249326
38.99785233 0.01248419
39.02648544 0.01247513
39.05511856 0.01246609
39.08375168 0.01245707
39.11238480 0.01244805
39.14101791 0.01243905
39.16964722 0.01243006
39.19828033 0.01242109
39.22691345 0.01241212
39.25554657 0.01240318
39.28417969 0.01239424
39.31281281 0.01238531
39.34144592 0.01237640
39.37007904 0.01236750
39.39871216 0.01235863
39.42734528 0.01234975
39.45597839 0.01234088
39.48460770 0.01233205
39.51324081 0.01232322
39.54187393 0.01231439
39.57050705 0.01230559
39.59914017 0.01229679
39.62777328 0.01228802
39.65640640 0.01227924
39.68503952 0.01227049
39.71367264 0.01226174
39.74230576 0.01225301
39.77093887 0.01224429
39.79957199 0.01223558
39.82820129 0.01222690
39.85683441 0.01221821
39.88546753 0.01220954
39.91410065 0.01220089
39.94273376 0.01219224
39.97136688 0.01218361
40.00000000 0.01217499
40.02863312 0.01216638
40.05726624 0.01215778
40.08589935 0.01214920
40.11453247 0.01214063
40.14316177 0.01213208
40.17179489 0.01212353
40.20042801 0.01211500
40.22906113 0.01210648
40.25769424 0.01209797
40.28632736 0.01208947
40.31496048 0.01208098
40.34359360 0.01207251
40.37222672 0.01206405
40.40085983 0.01205560
40.42949295 0.01204717
40.45812607 0.01203874
40.48675537 0.01203033
40.51538849 0.01202193
40.54402161 0.01201354
40.57265472 0.01200516
40.60128784 0.01199680
40.62992096 0.01198844
40.65855408 0.01198010
40.68718719 0.01197177
40.71582031 0.01196345
40.74445343 0.01195514
40.77308655 0.01194685
40.80171585 0.01193856
40.83034897 0.01193029
40.85898209 0.01192204
40.88761520 0.01191378
40.91624832 0.01190554
40.94488144 0.01189732
40.97351456 0.01188911
41.00214767 0.01188090
41.03078079 0.01187271
41.05941391 0.01186454
41.08804703 0.01185637
41.11667633 0.01184821
41.14530945 0.01184006
41.17394257 0.01183193
41.20257568 0.01182380
41.23120880 0.01181569
41.25984192 0.01180759
41.28847504 0.01179950
41.31710815 0.01179142
41.34574127 0.01178335
41.37437439 0.01177530
41.40300751 0.01176726
41.43164062 0.01175922
41.46026993 0.01175120
41.48890305 0.01174319
41.51753616 0.01173519
41.54616928 0.01172720
41.57480240 0.01171922
41.60343552 0.01171125
41.63206863 0.01170330
41.66070175 0.01169535
41.68933487 0.01168741
41.71796799 0.01167949
41.74660110 0.01167158
41.77523041 0.01166368
41.80386353 0.01165579
41.83249664 0.01164790
41.86112976 0.01164004
41.88976288 0.01163218
41.91839600 0.01162433
41.94702911 0.01161649
41.97566223 0.01160866
42.00429535 0.01160085
42.03292847 0.01159305
42.06156158 0.01158525
42.09019470 0.01157746
42.11882401 0.01156969
42.14745712 0.01156193
42.17609024 0.01155418
42.20472336 0.01154643
42.23335648 0.01153870
42.26198959 0.01153098
42.29062271 0.01152327
42.31925583 0.01151557
42.34788895 0.01150788
42.37652206 0.01150020
42.40515518 0.01149253
42.43378448 0.01148488
42.46241760 0.01147723
42.49105072 0.01146959
42.51968384 0.01146196
42.54831696 0.01145434
42.57695007 0.01144674
42.60558319 0.01143914
42.63421631 0.01143155
42.66284943 0.01142398
42.69148254 0.01141641
42.72011566 0.01140885
42.74874878 0.01140131
42.77737808 0.01139378
42.80601120 0.01138625
42.83464432 0.01137873
42.86327744 0.01137123
42.89191055 0.01136373
42.92054367 0.01135624
42.94917679 0.01134877
42.97780991 0.01134130
43.00644302 0.01133384
43.03507614 0.01132640
43.06370926 0.01131896
43.09233856 0.01131154
43.12097168 0.01130412
43.14960480 0.01129672
43.17823792 0.01128932
43.20687103 0.01128193
43.23550415 0.01127456
43.26413727 0.01126719
43.29277039 0.01125983
43.32140350 0.01125248
43.35003662 0.01124515
43.37866974 0.01123782
43.40729904 0.01123050
43.43593216 0.01122319
43.46456528 0.01121589
43.49319839 0.01120860
43.52183151 0.01120132
43.55046463 0.01119405
43.57909775 0.01118679
43.60773087 0.01117954
43.63636398 0.01117229
43.66499710 0.01116506
43.69363022 0.01115784
43.72226334 0.01115062
43.75089264 0.01114342
43.77952576 0.01113622
43.80815887 0.01112904
43.83679199 0.01112187
43.86542511 0.01111470
43.89405823 0.01110754
43.92269135 0.01110039
43.95132446 0.01109325
43.97995758 0.01108613
44.00859070 0.01107900
44.03722382 0.01107189
44.06585312 0.01106479
44.09448624 0.01105770
44.12311935 0.01105062
44.15175247 0.01104354
44.18038559 0.01103648
44.20901871 0.01102942
44.23765182 0.01102238
44.26628494 0.01101534
44.29491806 0.01100831
44.32355118 0.01100129
44.35218430 0.01099428
44.38081741 0.01098728
44.40944672 0.01098029
44.43807983 0.01097331
44.46671295 0.01096633
44.49534607 0.01095936
44.52397919 0.01095241
44.55261230 0.01094547
44.58124542 0.01093853
44.60987854 0.01093159
44.63851166 0.01092468
44.66714478 0.01091776
44.69577789 0.01091086
44.72440720 0.01090397
44.75304031 0.01089708
44.78167343 0.01089021
44.81030655 0.01088334
44.83893967 0.01087648
44.86757278 0.01086963
44.89620590 0.01086279
44.92483902 0.01085595
44.95347214 0.01084913
44.98210526 0.01084231
45.01073837 0.01083551
45.03937149 0.01082871
45.06800079 0.01082192
45.09663391 0.01081514
45.12526703 0.01080837
45.15390015 0.01080161
45.18253326 0.01079485
45.21116638 0.01078811
45.23979950 0.01078137
45.26843262 0.01077464
45.29706573 0.01076792
45.32569885 0.01076121
45.35433197 0.01075450
45.38296127 0.01074781
45.41159439 0.01074112
45.44022751 0.01073445
45.46886063 0.01072777
45.49749374 0.01072111
45.52612686 0.01071446
45.55475998 0.01070781
45.58339310 0.01070118
45.61202621 0.01069455
45.64065933 0.01068793
45.66929245 0.01068132
45.69792557 0.01067472
45.72655487 0.01066812
45.75518799 0.01066154
45.78382111 0.01065496
45.81245422 0.01064838
45.84108734 0.01064182
45.86972046 0.01063527
45.89835358 0.01062872
45.92698669 0.01062219
45.95561981 0.01061566
45.98425293 0.01060914
46.01288605 0.01060262
46.04151535 0.01059612
46.07014847 0.01058962
46.09878159 0.01058313
46.12741470 0.01057666
46.15604782 0.01057018
46.18468094 0.01056372
46.21331406 0.01055726
46.24194717 0.01055081
46.27058029 0.01054437
46.29921341 0.01053794
46.32784653 0.01053151
46.35647583 0.01052509
46.38510895 0.01051869
46.41374207 0.01051228
46.44237518 0.01050589
46.47100830 0.01049951
46.49964142 0.01049313
46.52827454 0.01048676
46.55690765 0.01048040
46.58554077 0.01047404
46.61417389 0.01046770
46.64280701 0.01046136
46.67144012 0.01045503
46.70006943 0.01044871
46.72870255 0.01044240
46.75733566 0.01043609
46.78596878 0.01042979
46.81460190 0.01042349
46.84323502 0.01041721
46.87186813 0.01041093
46.90050125 0.01040466
46.92913437 0.01039840
46.95776749 0.01039215
46.98640060 0.01038590
47.01502991 0.01037967
47.04366302 0.01037344
47.07229614 0.01036721
47.10092926 0.01036100
47.12956238 0.01035479
47.15819550 0.01034859
47.18682861 0.01034240
47.21546173 0.01033621
47.24409485 0.01033003
47.27272797 0.01032386
47.30136108 0.01031770
47.32999420 0.01031154
47.35862350 0.01030540
47.38725662 0.01029926
47.41588974 0.01029312
47.44452286 0.01028700
47.47315598 0.01028088
47.50178909 0.01027477
47.53042221 0.01026866
47.55905533 0.01026257
47.58768845 0.01025648
47.61632156 0.01025040
47.64495468 0.01024432
47.67358398 0.01023826
47.70221710 0.01023220
47.73085022 0.01022614
47.75948334 0.01022010
47.78811646 0.01021406
47.81674957 0.01020803
47.84538269 0.01020201
47.87401581 0.01019599
47.90264893 0.01018998
47.93128204 0.01018398
47.95991516 0.01017798
47.98854828 0.01017200
48.01717758 0.01016602
48.04581070 0.01016004
48.07444382 0.01015408
48.10307693 0.01014812
48.13171005 0.01014216
48.16034317 0.01013622
48.18897629 0.01013028
48.21760941 0.01012435
48.24624252 0.01011843
48.27487564 0.01011251
48.30350876 0.01010660
48.33213806 0.01010070
48.36077118 0.01009480
48.38940430 0.01008891
48.41803741 0.01008303
48.44667053 0.01007716
48.47530365 0.01007129
48.50393677 0.01006543
48.53256989 0.01005957
48.56120300 0.01005372
48.58983612 0.01004788
48.61846924 0.01004205
48.64710236 0.01003622
48.67573166 0.01003041
48.70436478 0.01002459
48.73299789 0.01001879
48.76163101 0.01001299
48.79026413 0.01000719
48.81889725 0.01000141
48.84753036 0.00999563
48.87616348 0.00998986
48.90479660 0.00998409
48.93342972 0.00997833
48.96206284 0.00997258
48.99069214 0.00996684
49.01932526 0.00996110
49.04795837 0.00995537
49.07659149 0.00994964
49.10522461 0.00994392
49.13385773 0.00993821
49.16249084 0.00993250
49.19112396 0.00992681
49.21975708 0.00992112
49.24839020 0.00991543
49.27702332 0.00990975
49.30565262 0.00990408
49.33428574 0.00989842
49.36291885 0.00989276
49.39155197 0.00988710
49.42018509 0.00988146
49.44881821 0.00987582
49.47745132 0.00987019
49.50608444 0.00986456
49.53471756 0.00985894
49.56335068 0.00985333
49.59198380 0.00984772
49.62061691 0.00984212
49.64924622 0.00983653
49.67787933 0.00983094
49.70651245 0.00982536
49.73514557 0.00981979
49.76377869 0.00981422
49.79241180 0.00980866
49.82104492 0.00980310
49.84967804 0.00979755
49.87831116 0.00979201
49.90694427 0.00978647
49.93557739 0.00978094
49.96420670 0.00977542
49.99283981 0.00976990
50.02147293 0.00976439
50.05010605 0.00975889
50.07873917 0.00975339
50.10737228 0.00974790
50.13600540 0.00974242
50.16463852 0.00973694
50.19327164 0.00973145
50.22190475 0.00972599
50.25053787 0.00972053
50.27917099 0.00971508
50.30780029 0.00970963
50.33643341 0.00970419
50.36506653 0.00969875
50.39369965 0.00969332
50.42233276 0.00968790
50.45096588 0.00968248
50.47959900 0.00967708
50.50823212 0.00967167
50.53686523 0.00966627
50.56549835 0.00966087
50.59413147 0.00965548
50.62276077 0.00965010
50.65139389 0.00964473
50.68002701 0.00963937
50.70866013 0.00963400
50.73729324 0.00962865
50.76592636 0.00962330
50.79455948 0.00961795
50.82319260 0.00961262
50.85182571 0.00960728
50.88045883 0.00960195
50.90909195 0.00959663
50.93772507 0.00959132
50.96635437 0.00958601
50.99498749 0.00958071
51.02362061 0.00957542
51.05225372 0.00957012
51.08088684 0.00956484
51.10951996 0.00955956
51.13815308 0.00955429
51.16678619 0.00954902
51.19541931 0.00954376
51.22405243 0.00953850
51.25268555 0.00953326
51.28131485 0.00952801
51.30994797 0.00952278
51.33858109 0.00951754
51.36721420 0.00951232
51.39584732 0.00950710
51.42448044 0.00950188
51.45311356 0.00949667
51.48174667 0.00949147
51.51037979 0.00948628
51.53901291 0.00948108
51.56764603 0.00947590
51.59627914 0.00947072
51.62490845 0.00946555
51.65354156 0.00946038
51.68217468 0.00945522
51.71080780 0.00945006
51.73944092 0.00944491
51.76807404 0.00943976
51.79670715 0.00943463
51.82534027 0.00942949
51.85397339 0.00942437
51.88260651 0.00941924
51.91123962 0.00941413
51.93986893 0.00940902
51.96850204 0.00940391
51.99713516 0.00939881
52.02576828 0.00939372
52.05440140 0.00938863
52.08303452 0.00938354
52.11166763 0.00937847
52.14030075 0.00937339
52.16893387 0.00936833
52.19756699 0.00936327
52.22620010 0.00935821
52.25482941 0.00935316
52.28346252 0.00934812
52.31209564 0.00934308
52.34072876 0.00933805
52.36936188 0.00933302
52.39799500 0.00932800
52.42662811 0.00932298
52.45526123 0.00931797
52.48389435 0.00931297
52.51252747 0.00930796
52.54116058 0.00930297
52.56979370 0.00929798
52.59842300 0.00929300
52.62705612 0.00928802
52.65568924 0.00928305
52.68432236 0.00927808
52.71295547 0.00927312
52.74158859 0.00926816
52.77022171 0.00926321
52.79885483 0.00925826
52.82748795 0.00925332
52.85612106 0.00924839
52.88475418 0.00924346
52.91338348 0.00923853
52.94201660 0.00923361
52.97064972 0.00922870
52.99928284 0.00922379
53.02791595 0.00921888
53.05654907 0.00921399
53.08518219 0.00920909
53.11381531 0.00920421
53.14244843 0.00919933
53.17108154 0.00919445
53.19971466 0.00918957
53.22834778 0.00918471
53.25697708 0.00917985
53.28561020 0.00917500
53.31424332 0.00917014
53.34287643 0.00916530
53.37150955 0.00916045
53.40014267 0.00915562
53.42877579 0.00915079
53.45740891 0.00914597
53.48604202 0.00914114
53.51467514 0.00913633
53.54330826 0.00913152
53.57193756 0.00912672
53.60057068 0.00912192
53.62920380 0.00911712
53.65783691 0.00911233
53.68647003 0.00910755
53.71510315 0.00910277
53.74373627 0.00909800
53.77236938 0.00909323
53.80100250 0.00908847
53.82963562 0.00908371
53.85826874 0.00907895
53.88690186 0.00907421
53.91553116 0.00906947
53.94416428 0.00906473
53.97279739 0.00905999
54.00143051 0.00905526
54.03006363 0.00905054
54.05869675 0.00904582
54.08732986 0.00904111
54.11596298 0.00903640
54.14459610 0.00903170
54.17322922 0.00902700
54.20186234 0.00902231
54.23049164 0.00901762
54.25912476 0.00901293
54.28775787 0.00900826
54.31639099 0.00900359
54.34502411 0.00899892
54.37365723 0.00899425
54.40229034 0.00898959
54.43092346 0.00898494
54.45955658 0.00898029
54.48818970 0.00897564
54.51682281 0.00897101
54.54545212 0.00896637
54.57408524 0.00896175
54.60271835 0.00895712
54.63135147 0.00895250
54.65998459 0.00894789
54.68861771 0.00894328
54.71725082 0.00893867
54.74588394 0.00893407
54.77451706 0.00892947
54.80315018 0.00892488
54.83178329 0.00892030
54.86041641 0.00891571
54.88904572 0.00891114
54.91767883 0.00890657
54.94631195 0.00890200
54.97494507 0.00889744
55.00357819 0.00889288
55.03221130 0.00888833
55.06084442 0.00888378
55.08947754 0.00887923
55.11811066 0.00887470
55.14674377 0.00887016
55.17537689 0.00886563
55.20400620 0.00886111
55.23263931 0.00885659
55.26127243 0.00885208
55.28990555 0.00884757
55.31853867 0.00884306
55.34717178 0.00883856
55.37580490 0.00883406
55.40443802 0.00882957
55.43307114 0.00882508
55.46170425 0.00882060
55.49033737 0.00881612
55.51897049 0.00881165
55.54759979 0.00880718
55.57623291 0.00880272
55.60486603 0.00879826
55.63349915 0.00879380
55.66213226 0.00878935
55.69076538 0.00878491
55.71939850 0.00878047
55.74803162 0.00877603
55.77666473 0.00877160
55.80529785 0.00876717
55.83393097 0.00876275
55.86256027 0.00875833
55.89119339 0.00875392
55.91982651 0.00874951
55.94845963 0.00874510
55.97709274 0.00874070
56.00572586 0.00873631
56.03435898 0.00873192
56.06299210 0.00872753
56.09162521 0.00872315
56.12025833 0.00871877
56.14889145 0.00871440
56.17752457 0.00871003
56.20615387 0.00870566
56.23478699 0.00870130
56.26342010 0.00869695
56.29205322 0.00869260
56.32068634 0.00868825
56.34931946 0.00868391
56.37795258 0.00867957
56.40658569 0.00867524
56.43521881 0.00867091
56.46385193 0.00866658
56.49248505 0.00866226
56.52111435 0.00865795
56.54974747 0.00865364
56.57838058 0.00864933
56.60701370 0.00864503
56.63564682 0.00864073
56.66427994 0.00863643
56.69291306 0.00863214
56.72154617 0.00862786
56.75017929 0.00862358
56.77881241 0.00861930
56.80744553 0.00861503
56.83607864 0.00861076
56.86470795 0.00860650
56.89334106 0.00860224
56.92197418 0.00859798
56.95060730 0.00859373
56.97924042 0.00858948
57.00787354 0.00858524
57.03650665 0.00858100
57.06513977 0.00857677
57.09377289 0.00857254
57.12240601 0.00856831
57.15103912 0.00856409
57.17966843 0.00855988
57.20830154 0.00855566
57.23693466 0.00855145
57.26556778 0.00854725
57.29420090 0.00854305
57.32283401 0.00853885
57.35146713 0.00853466
57.38010025 0.00853047
57.40873337 0.00852629
57.43736649 0.00852211
57.46599960 0.00851794
57.49462891 0.00851377
57.52326202 0.00850960
57.55189514 0.00850543
57.58052826 0.00850128
57.60916138 0.00849712
57.63779449 0.00849297
57.66642761 0.00848883
57.69506073 0.00848468
57.72369385 0.00848055
57.75232697 0.00847641
57.78096008 0.00847228
57.80959320 0.00846816
57.83822250 0.00846403
57.86685562 0.00845992
57.89548874 0.00845580
57.92412186 0.00845169
57.95275497 0.00844759
57.98138809 0.00844349
58.01002121 0.00843939
58.03865433 0.00843530
58.06728745 0.00843121
58.09592056 0.00842712
58.12455368 0.00842304
58.15318298 0.00841897
58.18181610 0.00841489
58.21044922 0.00841083
58.23908234 0.00840676
58.26771545 0.00840270
58.29634857 0.00839864
58.32498169 0.00839459
58.35361481 0.00839054
58.38224792 0.00838649
58.41088104 0.00838245
58.43951416 0.00837842
58.46814728 0.00837438
58.49677658 0.00837035
58.52540970 0.00836633
58.55404282 0.00836231
58.58267593 0.00835829
58.61130905 0.00835427
58.63994217 0.00835027
58.66857529 0.00834626
58.69720840 0.00834226
58.72584152 0.00833827
58.75447464 0.00833427
58.78310776 0.00833028
58.81173706 0.00832629
58.84037018 0.00832231
58.86900330 0.00831833
58.89763641 0.00831435
58.92626953 0.00831039
58.95490265 0.00830641
58.98353577 0.00830246
59.01216888 0.00829851
59.04080200 0.00829454
59.06943512 0.00829058
59.09806824 0.00828664
59.12670135 0.00828270
59.15533066 0.00827876
59.18396378 0.00827482
59.21259689 0.00827089
59.24123001 0.00826696
59.26986313 0.00826304
59.29849625 0.00825912
59.32712936 0.00825520
59.35576248 0.00825128
59.38439560 0.00824738
59.41302872 0.00824347
59.44166183 0.00823957
59.47029114 0.00823567
59.49892426 0.00823178
59.52755737 0.00822790
59.55619049 0.00822399
59.58482361 0.00822012
59.61345673 0.00821624
59.64208984 0.00821236
59.67072296 0.00820849
59.69935608 0.00820462
59.72798920 0.00820076
59.75662231 0.00819689
59.78525543 0.00819304
59.81388474 0.00818918
59.84251785 0.00818532
59.87115097 0.00818148
59.89978409 0.00817764
59.92841721 0.00817381
59.95705032 0.00816997
59.98568344 0.00816614
60.01431656 0.00816231
60.04294968 0.00815848
60.07158279 0.00815466
60.10021591 0.00815085
60.12884903 0.00814703
60.15748215 0.00814323
60.18611526 0.00813942
60.21474457 0.00813562
60.24337769 0.00813181
60.27201080 0.00812802
60.30064392 0.00812423
60.32927704 0.00812044
60.35791016 0.00811666
60.38654327 0.00811287
60.41517639 0.00810909
60.44380951 0.00810533
60.47244263 0.00810155
60.50107574 0.00809779
60.52970886 0.00809402
60.55833817 0.00809026
60.58697128 0.00808652
60.61560440 0.00808277
60.64423752 0.00807901
60.67287064 0.00807526
60.70150375 0.00807152
60.73013687 0.00806779
60.75876999 0.00806405
60.78740311 0.00806032
60.81603622 0.00805659
60.84466934 0.00805287
60.87329865 0.00804914
60.90193176 0.00804543
60.93056488 0.00804171
60.95919800 0.00803801
60.98783112 0.00803430
61.01646423 0.00803059
61.04509735 0.00802689
61.07373047 0.00802319
61.10236359 0.00801951
61.13099670 0.00801582
61.15962982 0.00801213
61.18826294 0.00800846
61.21689224 0.00800477
61.24552536 0.00800110
61.27415848 0.00799742
61.30279160 0.00799375
61.33142471 0.00799009
61.36005783 0.00798642
61.38869095 0.00798277
61.41732407 0.00797911
61.44595718 0.00797546
61.47459030 0.00797181
61.50322342 0.00796817
61.53185272 0.00796452
61.56048584 0.00796089
61.58911896 0.00795725
61.61775208 0.00795362
61.64638519 0.00794999
61.67501831 0.00794637
61.70365143 0.00794275
61.73228455 0.00793913
61.76091766 0.00793552
61.78955078 0.00793191
61.81818390 0.00792830
61.84681702 0.00792469
61.87544632 0.00792109
61.90407944 0.00791749
61.93271255 0.00791390
61.96134567 0.00791031
61.98997879 0.00790672
62.01861191 0.00790314
62.04724503 0.00789955
62.07587814 0.00789598
62.10451126 0.00789240
62.13314438 0.00788883
62.16177750 0.00788526
62.19040680 0.00788170
62.21903992 0.00787814
62.24767303 0.00787458
62.27630615 0.00787102
62.30493927 0.00786747
62.33357239 0.00786392
62.36220551 0.00786038
62.39083862 0.00785684
62.41947174 0.00785330
62.44810486 0.00784976
62.47673798 0.00784623
62.50537109 0.00784270
62.53400040 0.00783918
62.56263351 0.00783566
62.59126663 0.00783214
62.61989975 0.00782862
62.64853287 0.00782511
62.67716599 0.00782160
62.70579910 0.00781809
62.73443222 0.00781459
62.76306534 0.00781109
62.79169846 0.00780759
62.82033157 0.00780410
62.84896088 0.00780061
62.87759399 0.00779712
62.90622711 0.00779364
62.93486023 0.00779016
62.96349335 0.00778668
62.99212646 0.00778320
63.02075958 0.00777973
63.04939270 0.00777627
63.07802582 0.00777280
63.10665894 0.00776934
63.13529205 0.00776588
63.16392136 0.00776242
63.19255447 0.00775897
63.22118759 0.00775552
63.24982071 0.00775208
63.27845383 0.00774863
63.30708694 0.00774519
63.33572006 0.00774175
63.36435318 0.00773832
63.39298630 0.00773489
63.42161942 0.00773146
63.45025253 0.00772804
63.47888565 0.00772462
63.50751495 0.00772120
63.53614807 0.00771778
63.56478119 0.00771437
63.59341431 0.00771096
63.62204742 0.00770756
63.65068054 0.00770415
63.67931366 0.00770075
63.70794678 0.00769736
63.73657990 0.00769396
63.76521301 0.00769057
63.79384613 0.00768718
63.82247543 0.00768380
63.85110855 0.00768042
63.87974167 0.00767704
63.90837479 0.00767366
63.93700790 0.00767029
63.96564102 0.00766692
63.99427414 0.00766355
64.02290344 0.00766019
64.05153656 0.00765683
64.08016968 0.00765347
64.10880280 0.00765012
64.13743591 0.00764677
64.16606903 0.00764342
64.19470215 0.00764007
64.22333527 0.00763673
64.25196838 0.00763339
64.28060150 0.00763005
64.30923462 0.00762672
64.33786774 0.00762339
64.36650085 0.00762006
64.39513397 0.00761674
64.42376709 0.00761342
64.45240021 0.00761010
64.48103333 0.00760678
64.50966644 0.00760347
64.53829956 0.00760016
64.56693268 0.00759685
64.59556580 0.00759355
64.62419891 0.00759024
64.65282440 0.00758695
64.68145752 0.00758365
64.71009064 0.00758036
64.73872375 0.00757707
64.76735687 0.00757378
64.79598999 0.00757050
64.82462311 0.00756723
64.85325623 0.00756394
64.88188934 0.00756067
64.91052246 0.00755739
64.93915558 0.00755412
64.96778870 0.00755086
64.99642181 0.00754760
65.02505493 0.00754433
65.05368805 0.00754107
65.08232117 0.00753782
65.11095428 0.00753457
65.13958740 0.00753132
65.16822052 0.00752807
65.19685364 0.00752483
65.22548676 0.00752159
65.25411987 0.00751835
65.28275299 0.00751512
65.31137848 0.00751188
65.34001160 0.00750866
65.36864471 0.00750543
65.39727783 0.00750221
65.42591095 0.00749899
65.45454407 0.00749577
65.48317719 0.00749255
65.51181030 0.00748934
65.54044342 0.00748613
65.56907654 0.00748292
65.59770966 0.00747972
65.62634277 0.00747652
65.65497589 0.00747332
65.68360901 0.00747013
65.71224213 0.00746693
65.74087524 0.00746374
65.76950836 0.00746056
65.79814148 0.00745737
65.82677460 0.00745419
65.85540771 0.00745101
65.88404083 0.00744784
65.91267395 0.00744466
65.94130707 0.00744149
65.96993256 0.00743832
65.99856567 0.00743516
66.02719879 0.00743200
66.05583191 0.00742884
66.08446503 0.00742568
66.11309814 0.00742252
66.14173126 0.00741937
66.17036438 0.00741623
66.19899750 0.00741308
66.22763062 0.00740993
66.25626373 0.00740679
66.28489685 0.00740366
66.31352997 0.00740052
66.34216309 0.00739739
66.37079620 0.00739426
66.39942932 0.00739113
66.42806244 0.00738801
66.45669556 0.00738489
66.48532867 0.00738177
66.51396179 0.00737865
66.54259491 0.00737554
66.57122803 0.00737242
66.59986115 0.00736932
66.62848663 0.00736621
66.65711975 0.00736311
66.68575287 0.00736001
66.71438599 0.00735691
66.74301910 0.00735382
66.77165222 0.00735072
66.80028534 0.00734764
66.82891846 0.00734455
66.85755157 0.00734146
66.88618469 0.00733838
66.91481781 0.00733530
66.94345093 0.00733223
66.97208405 0.00732915
67.00071716 0.00732608
67.02935028 0.00732301
67.05798340 0.00731995
67.08661652 0.00731688
67.11524963 0.00731382
67.14388275 0.00731077
67.17251587 0.00730771
67.20114899 0.00730466
67.22978210 0.00730161
67.25840759 0.00729856
67.28704071 0.00729552
67.31567383 0.00729247
67.34430695 0.00728943
67.37294006 0.00728640
67.40157318 0.00728336
67.43020630 0.00728033
67.45883942 0.00727730
67.48747253 0.00727427
67.51610565 0.00727125
67.54473877 0.00726823
67.57337189 0.00726521
67.60200500 0.00726219
67.63063812 0.00725918
67.65927124 0.00725616
67.68790436 0.00725315
67.71653748 0.00725015
67.74517059 0.00724714
67.77380371 0.00724414
67.80243683 0.00724115
67.83106995 0.00723815
67.85970306 0.00723516
67.88833618 0.00723216
67.91696167 0.00722918
67.94559479 0.00722619
67.97422791 0.00722321
68.00286102 0.00722022
68.03149414 0.00721724
68.06012726 0.00721427
68.08876038 0.00721129
68.11739349 0.00720832
68.14602661 0.00720535
68.17465973 0.00720239
68.20329285 0.00719943
68.23192596 0.00719646
68.26055908 0.00719350
68.28919220 0.00719055
68.31782532 0.00718759
68.34645844 0.00718464
68.37509155 0.00718169
68.40372467 0.00717875
68.43235779 0.00717580
68.46099091 0.00717286
68.48962402 0.00716992
68.51825714 0.00716699
68.54689026 0.00716405
68.57551575 0.00716112
68.60414886 0.00715819
68.63278198 0.00715527
68.66141510 0.00715234
68.69004822 0.00714942
68.71868134 0.00714650
68.74731445 0.00714359
68.77594757 0.00714067
68.80458069 0.00713776
68.83321381 0.00713485
68.86184692 0.00713194
68.89048004 0.00712903
68.91911316 0.00712613
68.94774628 0.00712323
68.97637939 0.00712034
69.00501251 0.00711744
69.03364563 0.00711455
69.06227875 0.00711166
69.09091187 0.00710877
69.11954498 0.00710588
69.14817810 0.00710300
69.17681122 0.00710012
69.20544434 0.00709724
69.23406982 0.00709436
69.26270294 0.00709149
69.29133606 0.00708862
69.31996918 0.00708575
69.34860229 0.00708288
69.37723541 0.00708002
69.40586853 0.00707716
69.43450165 0.00707430
69.46313477 0.00707144
69.49176788 0.00706859
69.52040100 0.00706574
69.54903412 0.00706288
69.57766724 0.00706003
69.60630035 0.00705719
69.63493347 0.00705434
69.66356659 0.00705151
69.69219971 0.00704867
69.72083282 0.00704583
69.74946594 0.00704300
69.77809906 0.00704017
69.80673218 0.00703734
69.83536530 0.00703451
69.86399841 0.00703169
69.89262390 0.00702886
69.92125702 0.00702604
69.94989014 0.00702323
69.97852325 0.00702041
70.00715637 0.00701759
70.03578949 0.00701479
70.06442261 0.00701198
70.09305573 0.00700917
70.12168884 0.00700638
70.15032196 0.00700358
70.17895508 0.00700078
70.20758820 0.00699797
70.23622131 0.00699518
70.26485443 0.00699239
70.29348755 0.00698959
70.32212067 0.00698681
70.35075378 0.00698402
70.37938690 0.00698124
70.40802002 0.00697846
70.43665314 0.00697568
70.46528625 0.00697290
70.49391937 0.00697013
70.52255249 0.00696735
70.55117798 0.00696458
70.57981110 0.00696182
70.60844421 0.00695905
70.63707733 0.00695629
70.66571045 0.00695353
70.69434357 0.00695077
70.72297668 0.00694801
70.75160980 0.00694526
70.78024292 0.00694251
70.80887604 0.00693976
70.83750916 0.00693701
70.86614227 0.00693427
70.89477539 0.00693152
70.92340851 0.00692878
70.95204163 0.00692604
70.98067474 0.00692331
71.00930786 0.00692057
71.03794098 0.00691784
71.06657410 0.00691511
71.09520721 0.00691239
71.12384033 0.00690966
71.15247345 0.00690694
71.18110657 0.00690421
71.20973206 0.00690150
71.23836517 0.00689878
71.26699829 0.00689607
71.29563141 0.00689336
71.32426453 0.00689064
71.35289764 0.00688794
71.38153076 0.00688523
71.41016388 0.00688253
71.43879700 0.00687983
71.46743011 0.00687713
71.49606323 0.00687443
71.52469635 0.00687173
71.55332947 0.00686904
71.58196259 0.00686635
71.61059570 0.00686366
71.63922882 0.00686098
71.66786194 0.00685829
71.69649506 0.00685561
71.72512817 0.00685293
71.75376129 0.00685026
71.78239441 0.00684758
71.81102753 0.00684490
71.83966064 0.00684224
71.86828613 0.00683957
71.89691925 0.00683690
71.92555237 0.00683423
71.95418549 0.00683157
71.98281860 0.00682891
72.01145172 0.00682625
72.04008484 0.00682360
72.06871796 0.00682094
72.09735107 0.00681829
72.12598419 0.00681564
72.15461731 0.00681299
72.18325043 0.00681035
72.21188354 0.00680770
72.24051666 0.00680506
72.26914978 0.00680242
72.29778290 0.00679978
72.32641602 0.00679715
72.35504913 0.00679451
72.38368225 0.00679188
72.41231537 0.00678925
72.44094849 0.00678663
72.46958160 0.00678400
72.49821472 0.00678138
72.52684021 0.00677876
72.55547333 0.00677614
72.58410645 0.00677352
72.61273956 0.00677091
72.64137268 0.00676830
72.67000580 0.00676569
72.69863892 0.00676308
72.72727203 0.00676047
72.75590515 0.00675787
72.78453827 0.00675526
72.81317139 0.00675266
72.84180450 0.00675006
72.87043762 0.00674747
72.89907074 0.00674487
72.92770386 0.00674228
72.95633698 0.00673969
72.98497009 0.00673710
73.01360321 0.00673452
73.04223633 0.00673193
73.07086945 0.00672935
73.09950256 0.00672677
73.12813568 0.00672420
73.15676117 0.00672162
73.18539429 0.00671905
73.21402740 0.00671648
73.24266052 0.00671391
73.27129364 0.00671133
73.29992676 0.00670877
73.32855988 0.00670621
73.35719299 0.00670364
73.38582611 0.00670108
73.41445923 0.00669853
73.44309235 0.00669597
73.47172546 0.00669342
73.50035858 0.00669086
73.52899170 0.00668832
73.55762482 0.00668576
73.58625793 0.00668322
73.61489105 0.00668068
73.64352417 0.00667813
73.67215729 0.00667560
73.70079041 0.00667306
73.72942352 0.00667052
73.75805664 0.00666799
73.78668976 0.00666546
73.81531525 0.00666293
73.84394836 0.00666040
73.87258148 0.00665788
73.90121460 0.00665535
73.92984772 0.00665283
73.95848083 0.00665031
73.98711395 0.00664779
74.01574707 0.00664527
74.04438019 0.00664276
74.07301331 0.00664024
74.10164642 0.00663773
74.13027954 0.00663523
74.15891266 0.00663272
74.18754578 0.00663021
74.21617889 0.00662771
74.24481201 0.00662521
74.27344513 0.00662271
74.30207825 0.00662021
74.33071136 0.00661772
74.35934448 0.00661522
74.38797760 0.00661273
74.41661072 0.00661024
74.44524384 0.00660776
74.47386932 0.00660527
74.50250244 0.00660278
74.53113556 0.00660030
74.55976868 0.00659783
74.58840179 0.00659535
74.61703491 0.00659287
74.64566803 0.00659040
74.67430115 0.00658792
74.70293427 0.00658545
74.73156738 0.00658299
74.76020050 0.00658052
74.78883362 0.00657806
74.81746674 0.00657559
74.84609985 0.00657313
74.87473297 0.00657067
74.90336609 0.00656822
74.93199921 0.00656576
74.96063232 0.00656331
74.98926544 0.00656085
75.01789856 0.00655841
75.04653168 0.00655596
75.07516479 0.00655351
75.10379791 0.00655107
75.13242340 0.00654863
75.16105652 0.00654619
75.18968964 0.00654375
75.21832275 0.00654131
75.24695587 0.00653888
75.27558899 0.00653644
75.30422211 0.00653401
75.33285522 0.00653158
75.36148834 0.00652915
75.39012146 0.00652673
75.41875458 0.00652430
75.44738770 0.00652189
75.47602081 0.00651946
75.50465393 0.00651705
75.53328705 0.00651463
75.56192017 0.00651222
75.59055328 0.00650980
75.61918640 0.00650739
75.64781952 0.00650498
75.67645264 0.00650258
75.70508575 0.00650017
75.73371887 0.00649776
75.76235199 0.00649537
75.79097748 0.00649297
75.81961060 0.00649057
75.84824371 0.00648817
75.87687683 0.00648578
75.90550995 0.00648339
75.93414307 0.00648099
75.96277618 0.00647860
75.99140930 0.00647622
76.02004242 0.00647383
76.04867554 0.00647145
76.07730865 0.00646907
76.10594177 0.00646669
76.13457489 0.00646431
76.16320801 0.00646193
76.19184113 0.00645956
76.22047424 0.00645718
76.24910736 0.00645481
76.27774048 0.00645244
76.30637360 0.00645007
76.33500671 0.00644771
76.36363983 0.00644534
76.39227295 0.00644299
76.42090607 0.00644062
76.44953156 0.00643827
76.47816467 0.00643591
76.50679779 0.00643356
76.53543091 0.00643120
76.56406403 0.00642885
76.59269714 0.00642650
76.62133026 0.00642415
76.64996338 0.00642180
76.67859650 0.00641946
76.70722961 0.00641711
76.73586273 0.00641477
76.76449585 0.00641243
76.79312897 0.00641009
76.82176208 0.00640776
76.85039520 0.00640542
76.87902832 0.00640309
76.90766144 0.00640076
76.93629456 0.00639843
76.96492767 0.00639610
76.99356079 0.00639378
77.02219391 0.00639146
77.05082703 0.00638913
77.07946014 0.00638682
77.10808563 0.00638450
77.13671875 0.00638218
77.16535187 0.00637987
77.19398499 0.00637755
77.22261810 0.00637524
77.25125122 0.00637293
77.27988434 0.00637062
77.30851746 0.00636831
77.33715057 0.00636601
77.36578369 0.00636370
77.39441681 0.00636140
77.42304993 0.00635911
77.45168304 0.00635681
77.48031616 0.00635451
77.50894928 0.00635221
77.53758240 0.00634992
77.56621552 0.00634763
77.59484863 0.00634534
77.62348175 0.00634306
77.65211487 0.00634077
77.68074799 0.00633848
77.70938110 0.00633620
77.73801422 0.00633392
77.76663971 0.00633164
77.79527283 0.00632936
77.82390594 0.00632708
77.85253906 0.00632481
77.88117218 0.00632254
77.90980530 0.00632027
77.93843842 0.00631800
77.96707153 0.00631573
77.99570465 0.00631347
78.02433777 0.00631120
78.05297089 0.00630894
78.08160400 0.00630668
78.11023712 0.00630441
78.13887024 0.00630216
78.16750336 0.00629990
78.19613647 0.00629765
78.22476959 0.00629540
78.25340271 0.00629314
78.28203583 0.00629089
78.31066895 0.00628865
78.33930206 0.00628640
78.36793518 0.00628416
78.39656067 0.00628191
78.42519379 0.00627967
78.45382690 0.00627744
78.48246002 0.00627519
78.51109314 0.00627296
78.53972626 0.00627073
78.56835938 0.00626849
78.59699249 0.00626626
78.62562561 0.00626403
78.65425873 0.00626180
78.68289185 0.00625957
78.71152496 0.00625735
78.74015808 0.00625513
78.76879120 0.00625291
78.79742432 0.00625068
78.82605743 0.00624846
78.85469055 0.00624624
78.88332367 0.00624403
78.91195679 0.00624182
78.94058990 0.00623960
78.96922302 0.00623739
78.99785614 0.00623519
79.02648926 0.00623298
79.05511475 0.00623077
79.08374786 0.00622857
79.11238098 0.00622637
79.14101410 0.00622416
79.16964722 0.00622196
79.19828033 0.00621977
79.22691345 0.00621757
79.25554657 0.00621537
79.28417969 0.00621319
79.31281281 0.00621099
79.34144592 0.00620880
79.37007904 0.00620661
79.39871216 0.00620443
79.42734528 0.00620224
79.45597839 0.00620006
79.48461151 0.00619788
79.51324463 0.00619570
79.54187775 0.00619352
79.57051086 0.00619134
79.59914398 0.00618916
79.62777710 0.00618699
79.65641022 0.00618481
79.68504333 0.00618265
79.71366882 0.00618047
79.74230194 0.00617831
79.77093506 0.00617614
79.79956818 0.00617398
79.82820129 0.00617182
79.85683441 0.00616965
79.88546753 0.00616750
79.91410065 0.00616533
79.94273376 0.00616317
79.97136688 0.00616102
80.00000000 0.00615887
80.02863312 0.00615671
80.05726624 0.00615456
80.08589935 0.00615241
80.11453247 0.00615027
80.14316559 0.00614812
80.17179871 0.00614597
80.20043182 0.00614383
80.22906494 0.00614169
80.25769806 0.00613955
80.28633118 0.00613742
80.31496429 0.00613528
80.34359741 0.00613314
80.37222290 0.00613100
80.40085602 0.00612887
80.42948914 0.00612674
80.45812225 0.00612461
80.48675537 0.00612248
80.51538849 0.00612036
80.54402161 0.00611823
80.57265472 0.00611611
80.60128784 0.00611399
80.62992096 0.00611186
80.65855408 0.00610975
80.68718719 0.00610763
80.71582031 0.00610551
80.74445343 0.00610340
80.77308655 0.00610129
80.80171967 0.00609918
80.83035278 0.00609707
80.85898590 0.00609496
80.88761902 0.00609285
80.91625214 0.00609075
80.94488525 0.00608864
80.97351837 0.00608654
81.00215149 0.00608444
81.03077698 0.00608234
81.05941010 0.00608024
81.08804321 0.00607814
81.11667633 0.00607605
81.14530945 0.00607395
81.17394257 0.00607186
81.20257568 0.00606978
81.23120880 0.00606768
81.25984192 0.00606560
81.28847504 0.00606351
81.31710815 0.00606143
81.34574127 0.00605934
81.37437439 0.00605726
81.40300751 0.00605518
81.43164062 0.00605310
81.46027374 0.00605103
81.48890686 0.00604895
81.51753998 0.00604687
81.54617310 0.00604480
81.57480621 0.00604273
81.60343933 0.00604066
81.63207245 0.00603859
81.66070557 0.00603653
81.68933105 0.00603446
81.71796417 0.00603240
81.74659729 0.00603033
81.77523041 0.00602827
81.80386353 0.00602621
81.83249664 0.00602415
81.86112976 0.00602210
81.88976288 0.00602004
81.91839600 0.00601799
81.94702911 0.00601593
81.97566223 0.00601388
82.00429535 0.00601183
82.03292847 0.00600978
82.06156158 0.00600774
82.09019470 0.00600569
82.11882782 0.00600364
82.14746094 0.00600161
82.17609406 0.00599956
82.20472717 0.00599752
82.23336029 0.00599549
82.26199341 0.00599344
82.29062653 0.00599141
82.31925964 0.00598938
82.34788513 0.00598735
82.37651825 0.00598531
82.40515137 0.00598328
82.43378448 0.00598125
82.46241760 0.00597922
82.49105072 0.00597720
82.51968384 0.00597518
82.54831696 0.00597315
82.57695007 0.00597113
82.60558319 0.00596911
82.63421631 0.00596709
82.66284943 0.00596507
82.69148254 0.00596305
82.72011566 0.00596104
82.74874878 0.00595903
82.77738190 0.00595702
82.80601501 0.00595500
82.83464813 0.00595300
82.86328125 0.00595099
82.89191437 0.00594898
82.92054749 0.00594698
82.94918060 0.00594497
82.97781372 0.00594298
83.00643921 0.00594097
83.03507233 0.00593897
83.06370544 0.00593697
83.09233856 0.00593498
83.12097168 0.00593298
83.14960480 0.00593099
83.17823792 0.00592900
83.20687103 0.00592700
83.23550415 0.00592501
83.26413727 0.00592302
83.29277039 0.00592104
83.32140350 0.00591905
83.35003662 0.00591707
83.37866974 0.00591509
83.40730286 0.00591311
83.43593597 0.00591112
83.46456909 0.00590915
83.49320221 0.00590717
83.52183533 0.00590519
83.55046844 0.00590322
83.57910156 0.00590124
83.60773468 0.00589927
83.63636780 0.00589730
83.66499329 0.00589533
83.69362640 0.00589337
83.72225952 0.00589140
83.75089264 0.00588943
83.77952576 0.00588747
83.80815887 0.00588550
83.83679199 0.00588355
83.86542511 0.00588159
83.89405823 0.00587963
83.92269135 0.00587767
83.95132446 0.00587571
83.97995758 0.00587376
84.00859070 0.00587181
84.03722382 0.00586985
84.06585693 0.00586790
84.09449005 0.00586596
84.12312317 0.00586401
84.15175629 0.00586206
84.18038940 0.00586012
84.20902252 0.00585817
84.23765564 0.00585623
84.26628876 0.00585429
84.29491425 0.00585235
84.32354736 0.00585041
84.35218048 0.00584847
84.38081360 0.00584654
84.40944672 0.00584460
84.43807983 0.00584267
84.46671295 0.00584074
84.49534607 0.00583880
84.52397919 0.00583688
84.55261230 0.00583495
84.58124542 0.00583302
84.60987854 0.00583110
84.63851166 0.00582917
84.66714478 0.00582725
84.69577789 0.00582533
84.72441101 0.00582341
84.75304413 0.00582148
84.78167725 0.00581957
84.81031036 0.00581765
84.83894348 0.00581574
84.86757660 0.00581382
84.89620972 0.00581191
84.92484283 0.00581000
84.95346832 0.00580809
84.98210144 0.00580618
85.01073456 0.00580427
85.03936768 0.00580237
85.06800079 0.00580046
85.09663391 0.00579856
85.12526703 0.00579665
85.15390015 0.00579475
85.18253326 0.00579285
85.21116638 0.00579096
85.23979950 0.00578906
85.26843262 0.00578716
85.29706573 0.00578527
85.32569885 0.00578337
85.35433197 0.00578148
85.38296509 0.00577959
85.41159821 0.00577770
85.44023132 0.00577581
85.46886444 0.00577393
85.49749756 0.00577204
85.52613068 0.00577016
85.55476379 0.00576827
85.58339691 0.00576639
85.61202240 0.00576451
85.64065552 0.00576263
85.66928864 0.00576075
85.69792175 0.00575888
85.72655487 0.00575700
85.75518799 0.00575512
85.78382111 0.00575325
85.81245422 0.00575138
85.84108734 0.00574951
85.86972046 0.00574764
85.89835358 0.00574577
85.92698669 0.00574390
85.95561981 0.00574204
85.98425293 0.00574017
86.01288605 0.00573831
86.04151917 0.00573645
86.07015228 0.00573459
86.09878540 0.00573273
86.12741852 0.00573087
86.15605164 0.00572901
86.18468475 0.00572716
86.21331787 0.00572530
86.24195099 0.00572345
86.27057648 0.00572160
86.29920959 0.00571974
86.32784271 0.00571789
86.35647583 0.00571604
86.38510895 0.00571420
86.41374207 0.00571235
86.44237518 0.00571051
86.47100830 0.00570866
86.49964142 0.00570682
86.52827454 0.00570498
86.55690765 0.00570314
86.58554077 0.00570130
86.61417389 0.00569946
86.64280701 0.00569763
86.67144012 0.00569579
86.70007324 0.00569396
86.72870636 0.00569213
86.75733948 0.00569030
86.78597260 0.00568847
86.81460571 0.00568664
86.84323883 0.00568481
86.87187195 0.00568298
86.90050507 0.00568116
86.92913055 0.00567933
86.95776367 0.00567751
86.98639679 0.00567569
87.01502991 0.00567387
87.04366302 0.00567205
87.07229614 0.00567023
87.10092926 0.00566841
87.12956238 0.00566659
87.15819550 0.00566478
87.18682861 0.00566297
87.21546173 0.00566116
87.24409485 0.00565935
87.27272797 0.00565754
87.30136108 0.00565573
87.32999420 0.00565392
87.35862732 0.00565211
87.38726044 0.00565031
87.41589355 0.00564851
87.44452667 0.00564670
87.47315979 0.00564490
87.50179291 0.00564310
87.53042603 0.00564130
87.55905914 0.00563951
87.58768463 0.00563771
87.61631775 0.00563591
87.64495087 0.00563412
87.67358398 0.00563233
87.70221710 0.00563054
87.73085022 0.00562874
87.75948334 0.00562695
87.78811646 0.00562517
87.81674957 0.00562338
87.84538269 0.00562159
87.87401581 0.00561980
87.90264893 0.00561802
87.93128204 0.00561624
87.95991516 0.00561446
87.98854828 0.00561268
88.01718140 0.00561090
88.04581451 0.00560912
88.07444763 0.00560734
88.10308075 0.00560557
88.13171387 0.00560379
88.16034698 0.00560202
88.18898010 0.00560025
88.21761322 0.00559847
88.24623871 0.00559671
88.27487183 0.00559493
88.30350494 0.00559317
88.33213806 0.00559140
88.36077118 0.00558963
88.38940430 0.00558787
88.41803741 0.00558611
88.44667053 0.00558435
88.47530365 0.00558258
88.50393677 0.00558082
88.53256989 0.00557907
88.56120300 0.00557731
88.58983612 0.00557555
88.61846924 0.00557379
88.64710236 0.00557204
88.67573547 0.00557029
88.70436859 0.00556853
88.73300171 0.00556678
88.76163483 0.00556503
88.79026794 0.00556329
88.81890106 0.00556154
88.84753418 0.00555979
88.87616730 0.00555804
88.90479279 0.00555630
88.93342590 0.00555456
88.96205902 0.00555282
88.99069214 0.00555108
89.01932526 0.00554934
89.04795837 0.00554760
89.07659149 0.00554586
89.10522461 0.00554412
89.13385773 0.00554239
89.16249084 0.00554066
89.19112396 0.00553892
89.21975708 0.00553719
89.24839020 0.00553546
89.27702332 0.00553373
89.30565643 0.00553200
89.33428955 0.00553027
89.36292267 0.00552855
89.39155579 0.00552682
89.42018890 0.00552510
89.44882202 0.00552338
89.47745514 0.00552166
89.50608826 0.00551994
89.53471375 0.00551821
89.56334686 0.00551650
89.59197998 0.00551478
89.62061310 0.00551306
89.64924622 0.00551135
89.67787933 0.00550963
89.70651245 0.00550792
89.73514557 0.00550621
89.76377869 0.00550450
89.79241180 0.00550279
89.82104492 0.00550108
89.84967804 0.00549937
89.87831116 0.00549767
89.90694427 0.00549596
89.93557739 0.00549426
89.96421051 0.00549255
89.99284363 0.00549085
90.02147675 0.00548915
90.05010986 0.00548745
90.07874298 0.00548575
90.10737610 0.00548406
90.13600922 0.00548236
90.16464233 0.00548066
90.19326782 0.00547897
90.22190094 0.00547728
90.25053406 0.00547558
90.27916718 0.00547389
90.30780029 0.00547220
90.33643341 0.00547051
90.36506653 0.00546883
90.39369965 0.00546714
90.42233276 0.00546546
90.45096588 0.00546377
90.47959900 0.00546209
90.50823212 0.00546040
90.53686523 0.00545872
90.56549835 0.00545704
90.59413147 0.00545536
90.62276459 0.00545369
90.65139771 0.00545201
90.68003082 0.00545033
90.70866394 0.00544865
90.73729706 0.00544698
90.76593018 0.00544531
90.79456329 0.00544363
90.82319641 0.00544196
90.85182190 0.00544030
90.88045502 0.00543862
90.90908813 0.00543696
90.93772125 0.00543529
90.96635437 0.00543362
90.99498749 0.00543196
91.02362061 0.00543030
91.05225372 0.00542863
91.08088684 0.00542697
91.10951996 0.00542531
91.13815308 0.00542365
91.16678619 0.00542199
91.19541931 0.00542033
91.22405243 0.00541868
91.25268555 0.00541702
91.28131866 0.00541537
91.30995178 0.00541371
91.33858490 0.00541206
91.36721802 0.00541041
91.39585114 0.00540876
91.42448425 0.00540711
91.45311737 0.00540547
91.48175049 0.00540382
91.51037598 0.00540217
91.53900909 0.00540052
91.56764221 0.00539888
91.59627533 0.00539724
91.62490845 0.00539560
91.65354156 0.00539395
91.68217468 0.00539231
91.71080780 0.00539068
91.73944092 0.00538904
91.76807404 0.00538740
91.79670715 0.00538577
91.82534027 0.00538413
91.85397339 0.00538250
91.88260651 0.00538086
91.91123962 0.00537923
91.93987274 0.00537760
91.96850586 0.00537597
91.99713898 0.00537434
92.02577209 0.00537271
92.05440521 0.00537109
92.08303833 0.00536946
92.11167145 0.00536784
92.14030457 0.00536621
92.16893005 0.00536459
92.19756317 0.00536297
92.22619629 0.00536135
92.25482941 0.00535973
92.28346252 0.00535811
92.31209564 0.00535649
92.34072876 0.00535487
92.36936188 0.00535326
92.39799500 0.00535164
92.42662811 0.00535003
92.45526123 0.00534841
92.48389435 0.00534680
92.51252747 0.00534519
92.54116058 0.00534358
92.56979370 0.00534198
92.59842682 0.00534037
92.62705994 0.00533876
92.65569305 0.00533715
92.68432617 0.00533555
92.71295929 0.00533395
92.74159241 0.00533234
92.77022552 0.00533074
92.79885864 0.00532914
92.82748413 0.00532754
92.85611725 0.00532594
92.88475037 0.00532435
92.91338348 0.00532275
92.94201660 0.00532115
92.97064972 0.00531956
92.99928284 0.00531796
93.02791595 0.00531637
93.05654907 0.00531478
93.08518219 0.00531319
93.11381531 0.00531160
93.14244843 0.00531001
93.17108154 0.00530842
93.19971466 0.00530684
93.22834778 0.00530525
93.25698090 0.00530366
93.28561401 0.00530208
93.31424713 0.00530050
93.34288025 0.00529892
93.37151337 0.00529734
93.40014648 0.00529575
93.42877960 0.00529417
93.45741272 0.00529260
93.48603821 0.00529102
93.51467133 0.00528945
93.54330444 0.00528787
93.57193756 0.00528630
93.60057068 0.00528473
93.62920380 0.00528316
93.65783691 0.00528158
93.68647003 0.00528001
93.71510315 0.00527844
93.74373627 0.00527688
93.77236938 0.00527531
93.80100250 0.00527374
93.82963562 0.00527218
93.85826874 0.00527061
93.88690186 0.00526905
93.91553497 0.00526749
93.94416809 0.00526593
93.97280121 0.00526437
94.00143433 0.00526281
94.03006744 0.00526125
94.05870056 0.00525969
94.08733368 0.00525813
94.11596680 0.00525658
94.14459229 0.00525502
94.17322540 0.00525347
94.20185852 0.00525192
94.23049164 0.00525036
94.25912476 0.00524881
94.28775787 0.00524726
94.31639099 0.00524571
94.34502411 0.00524416
94.37365723 0.00524261
94.40229034 0.00524107
94.43092346 0.00523952
94.45955658 0.00523798
94.48818970 0.00523643
94.51682281 0.00523489
94.54545593 0.00523334
94.57408905 0.00523180
94.60272217 0.00523026
94.63135529 0.00522872
94.65998840 0.00522718
94.68862152 0.00522565
94.71725464 0.00522411
94.74588776 0.00522257
94.77452087 0.00522104
94.80314636 0.00521950
94.83177948 0.00521797
94.86041260 0.00521644
94.88904572 0.00521491
94.91767883 0.00521337
94.94631195 0.00521184
94.97494507 0.00521032
95.00357819 0.00520879
95.03221130 0.00520726
95.06084442 0.00520574
95.08947754 0.00520421
95.11811066 0.00520269
95.14674377 0.00520116
95.17537689 0.00519964
95.20401001 0.00519812
95.23264313 0.00519660
95.26127625 0.00519508
95.28990936 0.00519356
95.31854248 0.00519204
95.34717560 0.00519053
95.37580872 0.00518901
95.40444183 0.00518750
95.43306732 0.00518598
95.46170044 0.00518447
95.49033356 0.00518296
95.51896667 0.00518145
95.54759979 0.00517994
95.57623291 0.00517843
95.60486603 0.00517692
95.63349915 0.00517541
95.66213226 0.00517391
95.69076538 0.00517240
95.71939850 0.00517090
95.74803162 0.00516940
95.77666473 0.00516789
95.80529785 0.00516639
95.83393097 0.00516489
95.86256409 0.00516339
95.89119720 0.00516189
95.91983032 0.00516039
95.94846344 0.00515890
95.97709656 0.00515740
96.00572968 0.00515591
96.03436279 0.00515441
96.06299591 0.00515292
96.09162140 0.00515143
96.12025452 0.00514994
96.14888763 0.00514845
96.17752075 0.00514696
96.20615387 0.00514547
96.23478699 0.00514398
96.26342010 0.00514250
96.29205322 0.00514101
96.32068634 0.00513953
96.34931946 0.00513804
96.37795258 0.00513656
96.40658569 0.00513508
96.43521881 0.00513359
96.46385193 0.00513211
96.49248505 0.00513063
96.52111816 0.00512915
96.54975128 0.00512768
96.57838440 0.00512620
96.60701752 0.00512472
96.63565063 0.00512325
96.66428375 0.00512177
96.69291687 0.00512030
96.72154999 0.00511883
96.75017548 0.00511735
96.77880859 0.00511588
96.80744171 0.00511441
96.83607483 0.00511294
96.86470795 0.00511147
96.89334106 0.00511000
96.92197418 0.00510854
96.95060730 0.00510707
96.97924042 0.00510561
97.00787354 0.00510414
97.03650665 0.00510268
97.06513977 0.00510121
97.09377289 0.00509975
97.12240601 0.00509829
97.15103912 0.00509682
97.17967224 0.00509537
97.20830536 0.00509391
97.23693848 0.00509245
97.26557159 0.00509100
97.29420471 0.00508954
97.32283783 0.00508807
97.35147095 0.00508662
97.38010406 0.00508517
97.40872955 0.00508372
97.43736267 0.00508226
97.46599579 0.00508081
97.49462891 0.00507936
97.52326202 0.00507791
97.55189514 0.00507646
97.58052826 0.00507501
97.60916138 0.00507356
97.63779449 0.00507212
97.66642761 0.00507067
97.69506073 0.00506923
97.72369385 0.00506778
97.75232697 0.00506634
97.78096008 0.00506490
97.80959320 0.00506346
97.83822632 0.00506201
97.86685944 0.00506057
97.89549255 0.00505914
97.92412567 0.00505770
97.95275879 0.00505626
97.98139191 0.00505482
98.01002502 0.00505339
98.03865814 0.00505195
98.06728363 0.00505052
98.09591675 0.00504909
98.12454987 0.00504765
98.15318298 0.00504623
98.18181610 0.00504480
98.21044922 0.00504336
98.23908234 0.00504194
98.26771545 0.00504051
98.29634857 0.00503908
98.32498169 0.00503766
98.35361481 0.00503623
98.38224792 0.00503481
98.41088104 0.00503338
98.43951416 0.00503196
98.46814728 0.00503055
98.49678040 0.00502912
98.52541351 0.00502770
98.55404663 0.00502628
98.58267975 0.00502487
98.61131287 0.00502345
98.63994598 0.00502204
98.66857910 0.00502062
98.69721222 0.00501921
98.72583771 0.00501779
98.75447083 0.00501638
98.78310394 0.00501496
98.81173706 0.00501356
98.84037018 0.00501215
98.86900330 0.00501074
98.89763641 0.00500933
98.92626953 0.00500792
98.95490265 0.00500651
98.98353577 0.00500511
99.01216888 0.00500370
99.04080200 0.00500229
99.06943512 0.00500089
99.09806824 0.00499949
99.12670135 0.00499809
99.15533447 0.00499668
99.18396759 0.00499529
99.21260071 0.00499389
99.24123383 0.00499249
99.26986694 0.00499109
99.29850006 0.00498970
99.32713318 0.00498830
99.35576630 0.00498690
99.38439178 0.00498551
99.41302490 0.00498412
99.44165802 0.00498272
99.47029114 0.00498133
99.49892426 0.00497993
99.52755737 0.00497855
99.55619049 0.00497715
99.58482361 0.00497576
99.61345673 0.00497437
99.64208984 0.00497298
99.67072296 0.00497160
99.69935608 0.00497021
99.72798920 0.00496883
99.75662231 0.00496743
99.78525543 0.00496605
99.81388855 0.00496467
99.84252167 0.00496329
99.87115479 0.00496191
99.89978790 0.00496051
99.92842102 0.00495915
99.95705414 0.00495776
99.98568726 0.00495638
100.01432037 0.00495500
100.04294586 0.00495363
100.07157898 0.00495224
100.10021210 0.00495087
100.12884521 0.00494949
100.15747833 0.00494812
100.18611145 0.00494674
100.21474457 0.00494537
100.24337769 0.00494400
100.27201080 0.00494263
100.30064392 0.00494126
100.32927704 0.00493989
100.35791016 0.00493852
100.38654327 0.00493715
100.41517639 0.00493578
100.44380951 0.00493441
100.47244263 0.00493305
100.50107574 0.00493168
100.52970886 0.00493032
100.55834198 0.00492895
100.58697510 0.00492759
100.61560822 0.00492623
100.64424133 0.00492487
100.67286682 0.00492351
100.70149994 0.00492214
100.73013306 0.00492079
100.75876617 0.00491943
100.78739929 0.00491807
100.81603241 0.00491672
100.84466553 0.00491536
100.87329865 0.00491400
100.90193176 0.00491265
100.93056488 0.00491130
100.95919800 0.00490995
100.98783112 0.00490860
101.01646423 0.00490725
101.04509735 0.00490590
101.07373047 0.00490455
101.10236359 0.00490320
101.13099670 0.00490185
101.15962982 0.00490051
101.18826294 0.00489916
101.21689606 0.00489781
101.24552917 0.00489647
101.27416229 0.00489513
101.30279541 0.00489378
101.33142090 0.00489244
101.36005402 0.00489110
101.38868713 0.00488976
101.41732025 0.00488843
101.44595337 0.00488709
101.47458649 0.00488575
101.50321960 0.00488441
101.53185272 0.00488307
101.56048584 0.00488174
101.58911896 0.00488040
101.61775208 0.00487907
101.64638519 0.00487773
101.67501831 0.00487640
101.70365143 0.00487508
101.73228455 0.00487373
101.76091766 0.00487242
101.78955078 0.00487108
101.81818390 0.00486975
101.84681702 0.00486842
101.87545013 0.00486709
101.90408325 0.00486577
101.93271637 0.00486444
101.96134949 0.00486312
101.98997498 0.00486179
102.01860809 0.00486047
102.04724121 0.00485914
102.07587433 0.00485782
102.10450745 0.00485650
102.13314056 0.00485518
102.16177368 0.00485386
102.19040680 0.00485253
102.21903992 0.00485122
102.24767303 0.00484990
102.27630615 0.00484858
102.30493927 0.00484726
102.33357239 0.00484595
102.36220551 0.00484463
102.39083862 0.00484332
102.41947174 0.00484200
102.44810486 0.00484069
102.47673798 0.00483938
102.50537109 0.00483806
102.53400421 0.00483675
102.56263733 0.00483544
102.59127045 0.00483412
102.61990356 0.00483282
102.64852905 0.00483151
102.67716217 0.00483020
102.70579529 0.00482890
102.73442841 0.00482759
102.76306152 0.00482628
102.79169464 0.00482498
102.82032776 0.00482368
102.84896088 0.00482237
102.87759399 0.00482107
102.90622711 0.00481977
102.93486023 0.00481846
102.96349335 0.00481717
102.99212646 0.00481587
103.02075958 0.00481457
103.04939270 0.00481327
103.07802582 0.00481197
103.10665894 0.00481067
103.13529205 0.00480938
103.16392517 0.00480808
103.19255829 0.00480679
103.22119141 0.00480549
103.24982452 0.00480420
103.27845764 0.00480291
103.30708313 0.00480162
103.33571625 0.00480033
103.36434937 0.00479904
103.39298248 0.00479775
103.42161560 0.00479646
103.45024872 0.00479517
103.47888184 0.00479388
103.50751495 0.00479260
103.53614807 0.00479131
103.56478119 0.00479003
103.59341431 0.00478874
103.62204742 0.00478746
103.65068054 0.00478617
103.67931366 0.00478489
103.70794678 0.00478361
103.73657990 0.00478233
103.76521301 0.00478105
103.79384613 0.00477977
103.82247925 0.00477849
103.85111237 0.00477722
103.87974548 0.00477594
103.90837860 0.00477466
103.93701172 0.00477338
103.96563721 0.00477211
103.99427032 0.00477083
104.02290344 0.00476956
104.05153656 0.00476829
104.08016968 0.00476702
104.10880280 0.00476575
104.13743591 0.00476447
104.16606903 0.00476321
104.19470215 0.00476193
104.22333527 0.00476067
104.25196838 0.00475940
104.28060150 0.00475813
104.30923462 0.00475687
104.33786774 0.00475560
104.36650085 0.00475433
104.39513397 0.00475307
104.42376709 0.00475180
104.45240021 0.00475054
104.48103333 0.00474928
104.50966644 0.00474802
104.53829956 0.00474676
104.56693268 0.00474549
104.59556580 0.00474423
104.62419128 0.00474297
104.65282440 0.00474172
104.68145752 0.00474046
104.71009064 0.00473920
104.73872375 0.00473795
104.76735687 0.00473669
104.79598999 0.00473543
104.82462311 0.00473418
104.85325623 0.00473293
104.88188934 0.00473168
104.91052246 0.00473043
104.93915558 0.00472917
104.96778870 0.00472792
104.99642181 0.00472667
105.02505493 0.00472542
105.05368805 0.00472417
105.08232117 0.00472292
105.11095428 0.00472167
105.13958740 0.00472043
105.16822052 0.00471918
105.19685364 0.00471794
105.22548676 0.00471669
105.25411987 0.00471545
105.28274536 0.00471420
105.31137848 0.00471296
105.34001160 0.00471172
105.36864471 0.00471048
105.39727783 0.00470924
105.42591095 0.00470800
105.45454407 0.00470676
105.48317719 0.00470552
105.51181030 0.00470428
105.54044342 0.00470304
105.56907654 0.00470181
105.59770966 0.00470057
105.62634277 0.00469934
105.65497589 0.00469810
105.68360901 0.00469687
105.71224213 0.00469563
105.74087524 0.00469440
105.76950836 0.00469317
105.79814148 0.00469194
105.82677460 0.00469071
105.85540771 0.00468948
105.88404083 0.00468825
105.91267395 0.00468702
105.94129944 0.00468579
105.96993256 0.00468456
105.99856567 0.00468334
106.02719879 0.00468211
106.05583191 0.00468088
106.08446503 0.00467966
106.11309814 0.00467843
106.14173126 0.00467721
106.17036438 0.00467599
106.19899750 0.00467476
106.22763062 0.00467354
106.25626373 0.00467232
106.28489685 0.00467110
106.31352997 0.00466988
106.34216309 0.00466866
106.37079620 0.00466744
106.39942932 0.00466622
106.42806244 0.00466501
106.45669556 0.00466379
106.48532867 0.00466258
106.51396179 0.00466136
106.54259491 0.00466015
106.57122040 0.00465894
106.59985352 0.00465772
106.62848663 0.00465651
106.65711975 0.00465530
106.68575287 0.00465409
106.71438599 0.00465288
106.74301910 0.00465166
106.77165222 0.00465046
106.80028534 0.00464925
106.82891846 0.00464804
106.85755157 0.00464683
106.88618469 0.00464563
106.91481781 0.00464442
106.94345093 0.00464322
106.97208405 0.00464201
107.00071716 0.00464081
107.02935028 0.00463960
107.05798340 0.00463840
107.08661652 0.00463720
107.11524963 0.00463600
107.14388275 0.00463480
107.17251587 0.00463360
107.20114899 0.00463240
107.22977448 0.00463120
107.25840759 0.00463000
107.28704071 0.00462881
107.31567383 0.00462761
107.34430695 0.00462641
107.37294006 0.00462522
107.40157318 0.00462402
107.43020630 0.00462283
107.45883942 0.00462164
107.48747253 0.00462044
107.51610565 0.00461925
107.54473877 0.00461806
107.57337189 0.00461687
107.60200500 0.00461568
107.63063812 0.00461449
107.65927124 0.00461330
107.68790436 0.00461211
107.71653748 0.00461092
107.74517059 0.00460973
107.77380371 0.00460855
107.80243683 0.00460736
107.83106995 0.00460618
107.85970306 0.00460499
107.88832855 0.00460381
107.91696167 0.00460263
107.94559479 0.00460144
107.97422791 0.00460026
108.00286102 0.00459908
108.03149414 0.00459790
108.06012726 0.00459672
108.08876038 0.00459554
108.11739349 0.00459436
108.14602661 0.00459318
108.17465973 0.00459200
108.20329285 0.00459082
108.23192596 0.00458965
108.26055908 0.00458848
108.28919220 0.00458730
108.31782532 0.00458612
108.34645844 0.00458495
108.37509155 0.00458378
108.40372467 0.00458260
108.43235779 0.00458143
108.46099091 0.00458026
108.48962402 0.00457909
108.51825714 0.00457792
108.54688263 0.00457675
108.57551575 0.00457558
108.60414886 0.00457441
108.63278198 0.00457324
108.66141510 0.00457207
108.69004822 0.00457091
108.71868134 0.00456974
108.74731445 0.00456857
108.77594757 0.00456741
108.80458069 0.00456625
108.83321381 0.00456508
108.86184692 0.00456392
108.89048004 0.00456276
108.91911316 0.00456159
108.94774628 0.00456043
108.97637939 0.00455927
109.00501251 0.00455811
109.03364563 0.00455695
109.06227875 0.00455579
109.09091187 0.00455463
109.11954498 0.00455348
109.14817810 0.00455232
109.17681122 0.00455116
109.20543671 0.00455001
109.23406982 0.00454885
109.26270294 0.00454770
109.29133606 0.00454654
109.31996918 0.00454539
109.34860229 0.00454424
109.37723541 0.00454308
109.40586853 0.00454193
109.43450165 0.00454078
109.46313477 0.00453963
109.49176788 0.00453848
109.52040100 0.00453733
109.54903412 0.00453618
109.57766724 0.00453504
109.60630035 0.00453389
109.63493347 0.00453274
109.66356659 0.00453160
109.69219971 0.00453045
109.72083282 0.00452931
109.74946594 0.00452816
109.77809906 0.00452702
109.80673218 0.00452587
109.83536530 0.00452473
109.86399078 0.00452359
109.89262390 0.00452245
109.92125702 0.00452130
109.94989014 0.00452016
109.97852325 0.00451903
110.00715637 0.00451789
110.03578949 0.00451675
110.06442261 0.00451561
110.09305573 0.00451448
110.12168884 0.00451334
110.15032196 0.00451220
110.17895508 0.00451107
110.20758820 0.00450993
110.23622131 0.00450880
110.26485443 0.00450767
110.29348755 0.00450653
110.32212067 0.00450540
110.35075378 0.00450427
110.37938690 0.00450314
110.40802002 0.00450201
110.43665314 0.00450087
110.46528625 0.00449975
110.49391937 0.00449862
110.52254486 0.00449749
110.55117798 0.00449636
110.57981110 0.00449524
110.60844421 0.00449411
110.63707733 0.00449298
110.66571045 0.00449186
110.69434357 0.00449073
110.72297668 0.00448961
110.75160980 0.00448849
110.78024292 0.00448736
110.80887604 0.00448624
110.83750916 0.00448512
110.86614227 0.00448400
110.89477539 0.00448288
110.92340851 0.00448175
110.95204163 0.00448064
110.98067474 0.00447952
111.00930786 0.00447840
111.03794098 0.00447728
111.06657410 0.00447616
111.09520721 0.00447504
111.12384033 0.00447393
111.15247345 0.00447281
111.18109894 0.00447170
111.20973206 0.00447059
111.23836517 0.00446947
111.26699829 0.00446836
111.29563141 0.00446724
111.32426453 0.00446613
111.35289764 0.00446502
111.38153076 0.00446391
111.41016388 0.00446280
111.43879700 0.00446169
111.46743011 0.00446058
111.49606323 0.00445947
111.52469635 0.00445836
111.55332947 0.00445725
111.58196259 0.00445615
111.61059570 0.00445504
111.63922882 0.00445394
111.66786194 0.00445283
111.69649506 0.00445173
111.72512817 0.00445062
111.75376129 0.00444952
111.78239441 0.00444842
111.81101990 0.00444731
111.83965302 0.00444621
111.86828613 0.00444511
111.89691925 0.00444401
111.92555237 0.00444291
111.95418549 0.00444181
111.98281860 0.00444071
112.01145172 0.00443961
112.04008484 0.00443851
112.06871796 0.00443742
112.09735107 0.00443632
112.12598419 0.00443522
112.15461731 0.00443413
112.18325043 0.00443303
112.21188354 0.00443194
112.24051666 0.00443084
112.26914978 0.00442975
112.29778290 0.00442866
112.32641602 0.00442756
112.35504913 0.00442647
112.38368225 0.00442538
112.41231537 0.00442429
112.44094849 0.00442320
112.46957397 0.00442211
112.49820709 0.00442102
112.52684021 0.00441993
112.55547333 0.00441884
112.58410645 0.00441776
112.61273956 0.00441667
112.64137268 0.00441558
112.67000580 0.00441450
112.69863892 0.00441341
112.72727203 0.00441233
112.75590515 0.00441124
112.78453827 0.00441016
112.81317139 0.00440908
112.84180450 0.00440799
112.87043762 0.00440691
112.89907074 0.00440583
112.92770386 0.00440475
112.95633698 0.00440367
112.98497009 0.00440259
113.01360321 0.00440151
113.04223633 0.00440043
113.07086945 0.00439935
113.09950256 0.00439827
113.12812805 0.00439720
113.15676117 0.00439612
113.18539429 0.00439504
113.21402740 0.00439397
113.24266052 0.00439290
113.27129364 0.00439182
113.29992676 0.00439075
113.32855988 0.00438968
113.35719299 0.00438860
113.38582611 0.00438753
113.41445923 0.00438646
113.44309235 0.00438539
113.47172546 0.00438432
113.50035858 0.00438325
113.52899170 0.00438218
113.55762482 0.00438111
113.58625793 0.00438004
113.61489105 0.00437897
113.64352417 0.00437791
113.67215729 0.00437684
113.70079041 0.00437577
113.72942352 0.00437471
113.75805664 0.00437364
113.78668213 0.00437258
113.81531525 0.00437151
113.84394836 0.00437045
113.87258148 0.00436939
113.90121460 0.00436833
113.92984772 0.00436726
113.95848083 0.00436620
113.98711395 0.00436514
114.01574707 0.00436408
114.04438019 0.00436302
114.07301331 0.00436197
114.10164642 0.00436091
114.13027954 0.00435985
114.15891266 0.00435879
114.18754578 0.00435773
114.21617889 0.00435668
114.24481201 0.00435562
114.27344513 0.00435456
114.30207825 0.00435351
114.33071136 0.00435246
114.35934448 0.00435140
114.38797760 0.00435035
114.41661072 0.00434930
114.44523621 0.00434824
114.47386932 0.00434719
114.50250244 0.00434614
114.53113556 0.00434509
114.55976868 0.00434404
114.58840179 0.00434299
114.61703491 0.00434194
114.64566803 0.00434089
114.67430115 0.00433984
114.70293427 0.00433880
114.73156738 0.00433775
114.76020050 0.00433670
114.78883362 0.00433566
114.81746674 0.00433461
114.84609985 0.00433357
114.87473297 0.00433252
114.90336609 0.00433148
114.93199921 0.00433043
114.96063232 0.00432939
114.98926544 0.00432835
115.01789856 0.00432731
115.04653168 0.00432627
115.07516479 0.00432523
115.10379028 0.00432418
115.13242340 0.00432314
115.16105652 0.00432211
115.18968964 0.00432107
115.21832275 0.00432003
115.24695587 0.00431899
115.27558899 0.00431795
115.30422211 0.00431692
115.33285522 0.00431588
115.36148834 0.00431484
115.39012146 0.00431381
115.41875458 0.00431277
115.44738770 0.00431174
115.47602081 0.00431071
115.50465393 0.00430967
115.53328705 0.00430864
115.56192017 0.00430761
115.59055328 0.00430658
115.61918640 0.00430555
115.64781952 0.00430452
115.67645264 0.00430349
115.70508575 0.00430245
115.73371887 0.00430143
115.76234436 0.00430040
115.79097748 0.00429937
115.81961060 0.00429834
115.84824371 0.00429731
115.87687683 0.00429629
115.90550995 0.00429526
115.93414307 0.00429424
115.96277618 0.00429321
115.99140930 0.00429219
116.02004242 0.00429117
116.04867554 0.00429014
116.07730865 0.00428912
116.10594177 0.00428810
116.13457489 0.00428707
116.16320801 0.00428605
116.19184113 0.00428503
116.22047424 0.00428401
116.24910736 0.00428299
116.27774048 0.00428197
116.30637360 0.00428095
116.33500671 0.00427993
116.36363983 0.00427892
116.39227295 0.00427790
116.42089844 0.00427688
116.44953156 0.00427586
116.47816467 0.00427485
116.50679779 0.00427383
116.53543091 0.00427282
116.56406403 0.00427180
116.59269714 0.00427079
116.62133026 0.00426978
116.64996338 0.00426876
116.67859650 0.00426775
116.70722961 0.00426674
116.73586273 0.00426573
116.76449585 0.00426472
116.79312897 0.00426371
116.82176208 0.00426270
116.85039520 0.00426169
116.87902832 0.00426068
116.90766144 0.00425967
116.93629456 0.00425866
116.96492767 0.00425766
116.99356079 0.00425665
117.02219391 0.00425564
117.05082703 0.00425464
117.07945251 0.00425363
117.10808563 0.00425263
117.13671875 0.00425162
117.16535187 0.00425062
117.19398499 0.00424962
117.22261810 0.00424861
117.25125122 0.00424761
117.27988434 0.00424661
117.30851746 0.00424561
117.33715057 0.00424460
117.36578369 0.00424360
117.39441681 0.00424260
117.42304993 0.00424160
117.45168304 0.00424061
117.48031616 0.00423961
117.50894928 0.00423861
117.53758240 0.00423761
117.56621552 0.00423661
117.59484863 0.00423562
117.62348175 0.00423462
117.65211487 0.00423362
117.68074799 0.00423263
117.70937347 0.00423164
117.73800659 0.00423064
117.76663971 0.00422965
117.79527283 0.00422866
117.82390594 0.00422766
117.85253906 0.00422667
117.88117218 0.00422568
117.90980530 0.00422469
117.93843842 0.00422370
117.96707153 0.00422270
117.99570465 0.00422172
118.02433777 0.00422072
118.05297089 0.00421974
118.08160400 0.00421875
118.11023712 0.00421776
118.13887024 0.00421678
118.16750336 0.00421578
118.19613647 0.00421481
118.22476959 0.00421381
118.25340271 0.00421283
118.28203583 0.00421184
118.31066895 0.00421085
118.33930206 0.00420987
118.36792755 0.00420889
118.39656067 0.00420791
118.42519379 0.00420692
118.45382690 0.00420594
118.48246002 0.00420496
118.51109314 0.00420398
118.53972626 0.00420300
118.56835938 0.00420202
118.59699249 0.00420104
118.62562561 0.00420006
118.65425873 0.00419908
118.68289185 0.00419810
118.71152496 0.00419712
118.74015808 0.00419614
118.76879120 0.00419517
118.79742432 0.00419419
118.82605743 0.00419321
118.85469055 0.00419224
118.88332367 0.00419126
118.91195679 0.00419029
118.94058990 0.00418931
118.96922302 0.00418834
118.99785614 0.00418737
119.02648163 0.00418639
119.05511475 0.00418543
119.08374786 0.00418444
119.11238098 0.00418349
119.14101410 0.00418250
119.16964722 0.00418154
119.19828033 0.00418057
119.22691345 0.00417959
119.25554657 0.00417863
119.28417969 0.00417766
119.31281281 0.00417669
119.34144592 0.00417572
119.37007904 0.00417475
119.39871216 0.00417379
119.42734528 0.00417282
119.45597839 0.00417185
119.48461151 0.00417089
119.51324463 0.00416993
119.54187775 0.00416896
119.57051086 0.00416800
119.59914398 0.00416703
119.62777710 0.00416607
119.65641022 0.00416511
119.68503571 0.00416414
119.71366882 0.00416318
119.74230194 0.00416222
119.77093506 0.00416126
119.79956818 0.00416030
119.82820129 0.00415934
119.85683441 0.00415838
119.88546753 0.00415742
119.91410065 0.00415647
119.94273376 0.00415551
119.97136688 0.00415455
120.00000000 0.00415359
