0.000000 	 0.000000
0.003932 	 -0.238778
0.007865 	 -0.477139
0.011797 	 -0.714669
0.015730 	 -0.950952
0.019662 	 -1.185579
0.023595 	 -1.418141
0.027527 	 -1.648234
0.031460 	 -1.875461
0.035392 	 -2.099429
0.039325 	 -2.319754
0.043257 	 -2.536056
0.047190 	 -2.747967
0.051122 	 -2.955126
0.055055 	 -3.157184
0.058987 	 -3.353800
0.062920 	 -3.544646
0.066852 	 -3.729405
0.070784 	 -3.907775
0.074717 	 -4.079464
0.078649 	 -4.244195
0.082582 	 -4.401707
0.086514 	 -4.551752
0.090447 	 -4.694097
0.094379 	 -4.828527
0.098312 	 -4.954841
0.102244 	 -5.072857
0.106177 	 -5.182407
0.110109 	 -5.283342
0.114042 	 -5.375531
0.117974 	 -5.458858
0.121907 	 -5.533229
0.125839 	 -5.598564
0.129771 	 -5.654804
0.133704 	 -5.701906
0.137636 	 -5.739847
0.141569 	 -5.768621
0.145501 	 -5.788239
0.149434 	 -5.798734
0.153366 	 -5.800151
0.157299 	 -5.792558
0.161231 	 -5.776037
0.165164 	 -5.750689
0.169096 	 -5.716631
0.173029 	 -5.673995
0.176961 	 -5.622933
0.180894 	 -5.563608
0.184826 	 -5.496202
0.188759 	 -5.420911
0.192691 	 -5.337943
0.196623 	 -5.247523
0.200556 	 -5.149887
0.204488 	 -5.045284
0.208421 	 -4.933975
0.212353 	 -4.816234
0.216286 	 -4.692342
0.220218 	 -4.562594
0.224151 	 -4.427293
0.228083 	 -4.286748
0.232016 	 -4.141280
0.235948 	 -3.991214
0.239881 	 -3.836883
0.243813 	 -3.678625
0.247746 	 -3.516782
0.251678 	 -3.351703
0.255611 	 -3.183737
0.259543 	 -3.013237
0.263475 	 -2.840557
0.267408 	 -2.666053
0.271340 	 -2.490080
0.275273 	 -2.312993
0.279205 	 -2.135145
0.283138 	 -1.956889
0.287070 	 -1.778571
0.291003 	 -1.600538
0.294935 	 -1.423129
0.298868 	 -1.246680
0.302800 	 -1.071520
0.306733 	 -0.897973
0.310665 	 -0.726355
0.314598 	 -0.556975
0.318530 	 -0.390132
0.322462 	 -0.226118
0.326395 	 -0.065215
0.330327 	 0.092305
0.334260 	 0.246180
0.338192 	 0.396159
0.342125 	 0.542004
0.346057 	 0.683487
0.349990 	 0.820392
0.353922 	 0.952515
0.357855 	 1.079668
0.361787 	 1.201672
0.365720 	 1.318363
0.369652 	 1.429592
0.373585 	 1.535221
0.377517 	 1.635128
0.381450 	 1.729204
0.385382 	 1.817353
0.389314 	 1.899495
0.393247 	 1.975564
0.397179 	 2.045506
0.401112 	 2.109283
0.405044 	 2.166870
0.408977 	 2.218257
0.412909 	 2.263445
0.416842 	 2.302452
0.420774 	 2.335306
0.424707 	 2.362050
0.428639 	 2.382739
0.432572 	 2.397440
0.436504 	 2.406234
0.440437 	 2.409211
0.444369 	 2.406475
0.448302 	 2.398139
0.452234 	 2.384328
0.456166 	 2.365177
0.460099 	 2.340829
0.464031 	 2.311439
0.467964 	 2.277168
0.471896 	 2.238188
0.475829 	 2.194675
0.479761 	 2.146816
0.483694 	 2.094802
0.487626 	 2.038832
0.491559 	 1.979110
0.495491 	 1.915843
0.499424 	 1.849245
0.503356 	 1.779533
0.507289 	 1.706927
0.511221 	 1.631649
0.515153 	 1.553925
0.519086 	 1.473981
0.523018 	 1.392045
0.526951 	 1.308344
0.530883 	 1.223106
0.534816 	 1.136559
0.538748 	 1.048928
0.542681 	 0.960438
0.546613 	 0.871310
0.550546 	 0.781764
0.554478 	 0.692016
0.558411 	 0.602279
0.562343 	 0.512760
0.566276 	 0.423664
0.570208 	 0.335189
0.574141 	 0.247529
0.578073 	 0.160870
0.582005 	 0.075396
0.585938 	 -0.008720
0.589870 	 -0.091308
0.593803 	 -0.172208
0.597735 	 -0.251265
0.601668 	 -0.328334
0.605600 	 -0.403275
0.609533 	 -0.475958
0.613465 	 -0.546260
0.617398 	 -0.614067
0.621330 	 -0.679273
0.625263 	 -0.741782
0.629195 	 -0.801505
0.633128 	 -0.858361
0.637060 	 -0.912280
0.640993 	 -0.963199
0.644925 	 -1.011065
0.648857 	 -1.055832
0.652790 	 -1.097465
0.656722 	 -1.135934
0.660655 	 -1.171221
0.664587 	 -1.203315
0.668520 	 -1.232213
0.672452 	 -1.257920
0.676385 	 -1.280448
0.680317 	 -1.299819
0.684250 	 -1.316061
0.688182 	 -1.329208
0.692115 	 -1.339304
0.696047 	 -1.346397
0.699980 	 -1.350542
0.703912 	 -1.351801
0.707845 	 -1.350242
0.711777 	 -1.345937
0.715709 	 -1.338965
0.719642 	 -1.329409
0.723574 	 -1.317358
0.727507 	 -1.302902
0.731439 	 -1.286138
0.735372 	 -1.267166
0.739304 	 -1.246089
0.743237 	 -1.223012
0.747169 	 -1.198044
0.751102 	 -1.171295
0.755034 	 -1.142878
0.758967 	 -1.112906
0.762899 	 -1.081495
0.766832 	 -1.048760
0.770764 	 -1.014818
0.774696 	 -0.979785
0.778629 	 -0.943778
0.782561 	 -0.906912
0.786494 	 -0.869303
0.790426 	 -0.831064
0.794359 	 -0.792309
0.798291 	 -0.753147
0.802224 	 -0.713687
0.806156 	 -0.674038
0.810089 	 -0.634302
0.814021 	 -0.594582
0.817954 	 -0.554977
0.821886 	 -0.515581
0.825819 	 -0.476488
0.829751 	 -0.437786
0.833684 	 -0.399560
0.837616 	 -0.361892
0.841548 	 -0.324859
0.845481 	 -0.288535
0.849413 	 -0.252989
0.853346 	 -0.218286
0.857278 	 -0.184486
0.861211 	 -0.151646
0.865143 	 -0.119818
0.869076 	 -0.089048
0.873008 	 -0.059379
0.876941 	 -0.030850
0.880873 	 -0.003495
0.884806 	 0.022659
0.888738 	 0.047585
0.892671 	 0.071264
0.896603 	 0.093679
0.900536 	 0.114820
0.904468 	 0.134678
0.908400 	 0.153251
0.912333 	 0.170540
0.916265 	 0.186548
0.920198 	 0.201284
0.924130 	 0.214761
0.928063 	 0.226994
0.931995 	 0.238001
0.935928 	 0.247806
0.939860 	 0.256434
0.943793 	 0.263912
0.947725 	 0.270271
0.951658 	 0.275544
0.955590 	 0.279768
0.959523 	 0.282981
0.963455 	 0.285221
0.967387 	 0.286530
0.971320 	 0.286953
0.975252 	 0.286533
0.979185 	 0.285317
0.983117 	 0.283350
0.987050 	 0.280682
0.990982 	 0.277360
0.994915 	 0.273434
0.998847 	 0.268951
1.002780 	 0.263963
1.006712 	 0.258517
1.010645 	 0.252664
1.014577 	 0.246451
1.018510 	 0.239926
1.022442 	 0.233137
1.026375 	 0.226131
1.030307 	 0.218953
1.034239 	 0.211647
1.038172 	 0.204256
1.042104 	 0.196822
1.046037 	 0.189386
1.049969 	 0.181985
1.053902 	 0.174658
1.057834 	 0.167438
1.061767 	 0.160361
1.065699 	 0.153456
1.069632 	 0.146753
1.073564 	 0.140280
1.077497 	 0.134062
1.081429 	 0.128123
1.085362 	 0.122482
1.089294 	 0.117160
1.093227 	 0.112173
1.097159 	 0.107535
1.101091 	 0.103259
1.105024 	 0.099355
1.108956 	 0.095831
1.112889 	 0.092693
1.116821 	 0.089944
1.120754 	 0.087587
1.124686 	 0.085621
1.128619 	 0.084045
1.132551 	 0.082854
1.136484 	 0.082042
1.140416 	 0.081602
1.144349 	 0.081525
1.148281 	 0.081799
1.152214 	 0.082413
1.156146 	 0.083354
1.160078 	 0.084605
1.164011 	 0.086151
1.167943 	 0.087974
1.171876 	 0.090057
1.175808 	 0.092379
1.179741 	 0.094921
1.183673 	 0.097662
1.187606 	 0.100581
1.191538 	 0.103656
1.195471 	 0.106864
1.199403 	 0.110183
1.203336 	 0.113590
1.207268 	 0.117063
1.211201 	 0.120579
1.215133 	 0.124114
1.219066 	 0.127647
1.222998 	 0.131155
1.226930 	 0.134616
1.230863 	 0.138010
1.234795 	 0.141315
1.238728 	 0.144511
1.242660 	 0.147579
1.246593 	 0.150501
1.250525 	 0.153258
1.254458 	 0.155835
1.258390 	 0.158214
1.262323 	 0.160381
1.266255 	 0.162323
1.270188 	 0.164027
1.274120 	 0.165481
1.278053 	 0.166675
1.281985 	 0.167601
1.285918 	 0.168249
1.289850 	 0.168615
1.293782 	 0.168692
1.297715 	 0.168476
1.301647 	 0.167965
1.305580 	 0.167157
1.309512 	 0.166053
1.313445 	 0.164652
1.317377 	 0.162958
1.321310 	 0.160973
1.325242 	 0.158703
1.329175 	 0.156153
1.333107 	 0.153330
1.337040 	 0.150242
1.340972 	 0.146898
1.344905 	 0.143307
1.348837 	 0.139482
1.352769 	 0.135433
1.356702 	 0.131173
1.360634 	 0.126715
1.364567 	 0.122073
1.368499 	 0.117263
1.372432 	 0.112298
1.376364 	 0.107196
1.380297 	 0.101971
1.384229 	 0.096641
1.388162 	 0.091222
1.392094 	 0.085732
1.396027 	 0.080186
1.399959 	 0.074604
1.403892 	 0.069002
1.407824 	 0.063397
1.411757 	 0.057807
1.415689 	 0.052248
1.419621 	 0.046737
1.423554 	 0.041292
1.427486 	 0.035927
1.431419 	 0.030658
1.435351 	 0.025501
1.439284 	 0.020470
1.443216 	 0.015580
1.447149 	 0.010843
1.451081 	 0.006273
1.455014 	 0.001882
1.458946 	 -0.002319
1.462879 	 -0.006320
1.466811 	 -0.010111
1.470744 	 -0.013682
1.474676 	 -0.017027
1.478609 	 -0.020138
1.482541 	 -0.023008
1.486473 	 -0.025633
1.490406 	 -0.028008
1.494338 	 -0.030130
1.498271 	 -0.031996
1.502203 	 -0.033606
1.506136 	 -0.034958
1.510068 	 -0.036053
1.514001 	 -0.036892
1.517933 	 -0.037478
1.521866 	 -0.037813
1.525798 	 -0.037903
1.529731 	 -0.037751
1.533663 	 -0.037363
1.537596 	 -0.036746
1.541528 	 -0.035907
1.545460 	 -0.034854
1.549393 	 -0.033596
1.553325 	 -0.032141
1.557258 	 -0.030501
1.561190 	 -0.028685
1.565123 	 -0.026704
1.569055 	 -0.024570
1.572988 	 -0.022294
1.576920 	 -0.019889
1.580853 	 -0.017368
1.584785 	 -0.014742
1.588718 	 -0.012026
1.592650 	 -0.009233
1.596583 	 -0.006375
1.600515 	 -0.003466
1.604448 	 -0.000520
1.608380 	 0.002451
1.612312 	 0.005432
1.616245 	 0.008411
1.620177 	 0.011374
1.624110 	 0.014310
1.628042 	 0.017205
1.631975 	 0.020047
1.635907 	 0.022825
1.639840 	 0.025528
1.643772 	 0.028143
1.647705 	 0.030661
1.651637 	 0.033073
1.655570 	 0.035368
1.659502 	 0.037537
1.663435 	 0.039573
1.667367 	 0.041468
1.671300 	 0.043215
1.675232 	 0.044807
1.679164 	 0.046239
1.683097 	 0.047507
1.687029 	 0.048606
1.690962 	 0.049532
1.694894 	 0.050283
1.698827 	 0.050856
1.702759 	 0.051251
1.706692 	 0.051467
1.710624 	 0.051504
1.714557 	 0.051363
1.718489 	 0.051045
1.722422 	 0.050553
1.726354 	 0.049890
1.730287 	 0.049058
1.734219 	 0.048063
1.738151 	 0.046909
1.742084 	 0.045601
1.746016 	 0.044146
1.749949 	 0.042550
1.753881 	 0.040820
1.757814 	 0.038962
1.761746 	 0.036986
1.765679 	 0.034900
1.769611 	 0.032711
1.773544 	 0.030429
1.777476 	 0.028064
1.781409 	 0.025624
1.785341 	 0.023119
1.789274 	 0.020560
1.793206 	 0.017956
1.797139 	 0.015317
1.801071 	 0.012654
1.805003 	 0.009976
1.808936 	 0.007294
1.812868 	 0.004618
1.816801 	 0.001958
1.820733 	 -0.000676
1.824666 	 -0.003276
1.828598 	 -0.005831
1.832531 	 -0.008332
1.836463 	 -0.010770
1.840396 	 -0.013137
1.844328 	 -0.015424
1.848261 	 -0.017624
1.852193 	 -0.019729
1.856126 	 -0.021731
1.860058 	 -0.023626
1.863991 	 -0.025405
1.867923 	 -0.027064
1.871855 	 -0.028598
1.875788 	 -0.030002
1.879720 	 -0.031271
1.883653 	 -0.032402
1.887585 	 -0.033393
1.891518 	 -0.034240
1.895450 	 -0.034943
1.899383 	 -0.035499
1.903315 	 -0.035908
1.907248 	 -0.036170
1.911180 	 -0.036284
1.915113 	 -0.036253
1.919045 	 -0.036078
1.922978 	 -0.035760
1.926910 	 -0.035302
1.930842 	 -0.034708
1.934775 	 -0.033980
1.938707 	 -0.033123
1.942640 	 -0.032142
1.946572 	 -0.031041
1.950505 	 -0.029825
1.954437 	 -0.028501
1.958370 	 -0.027074
1.962302 	 -0.025552
1.966235 	 -0.023940
1.970167 	 -0.022246
1.974100 	 -0.020476
1.978032 	 -0.018640
1.981965 	 -0.016743
1.985897 	 -0.014795
1.989830 	 -0.012803
1.993762 	 -0.010775
1.997694 	 -0.008720
2.001627 	 -0.006645
2.005559 	 -0.004559
2.009492 	 -0.002470
2.013424 	 -0.000386
2.017357 	 0.001684
2.021289 	 0.003734
2.025222 	 0.005754
2.029154 	 0.007738
2.033087 	 0.009678
2.037019 	 0.011567
2.040952 	 0.013398
2.044884 	 0.015164
2.048817 	 0.016859
2.052749 	 0.018478
2.056682 	 0.020013
2.060614 	 0.021461
2.064546 	 0.022816
2.068479 	 0.024073
2.072411 	 0.025229
2.076344 	 0.026279
2.080276 	 0.027221
2.084209 	 0.028052
2.088141 	 0.028769
2.092074 	 0.029370
2.096006 	 0.029855
2.099939 	 0.030221
2.103871 	 0.030469
2.107804 	 0.030598
2.111736 	 0.030609
2.115669 	 0.030502
2.119601 	 0.030279
2.123534 	 0.029942
2.127466 	 0.029492
2.131398 	 0.028933
2.135331 	 0.028266
2.139263 	 0.027497
2.143196 	 0.026627
2.147128 	 0.025662
2.151061 	 0.024606
2.154993 	 0.023463
2.158926 	 0.022238
2.162858 	 0.020937
2.166791 	 0.019566
2.170723 	 0.018130
2.174656 	 0.016634
2.178588 	 0.015086
2.182521 	 0.013491
2.186453 	 0.011857
2.190385 	 0.010189
2.194318 	 0.008494
2.198250 	 0.006779
2.202183 	 0.005050
2.206115 	 0.003315
2.210048 	 0.001580
2.213980 	 -0.000148
2.217913 	 -0.001863
2.221845 	 -0.003559
2.225778 	 -0.005228
2.229710 	 -0.006865
2.233643 	 -0.008464
2.237575 	 -0.010019
2.241508 	 -0.011523
2.245440 	 -0.012973
2.249373 	 -0.014362
2.253305 	 -0.015686
2.257237 	 -0.016939
2.261170 	 -0.018119
2.265102 	 -0.019220
2.269035 	 -0.020240
2.272967 	 -0.021174
2.276900 	 -0.022020
2.280832 	 -0.022776
2.284765 	 -0.023438
2.288697 	 -0.024005
2.292630 	 -0.024476
2.296562 	 -0.024850
2.300495 	 -0.025125
2.304427 	 -0.025301
2.308360 	 -0.025379
2.312292 	 -0.025358
2.316225 	 -0.025240
2.320157 	 -0.025025
2.324089 	 -0.024716
2.328022 	 -0.024313
2.331954 	 -0.023820
2.335887 	 -0.023238
2.339819 	 -0.022571
2.343752 	 -0.021821
2.347684 	 -0.020993
2.351617 	 -0.020089
2.355549 	 -0.019114
2.359482 	 -0.018072
2.363414 	 -0.016968
2.367347 	 -0.015805
2.371279 	 -0.014590
2.375212 	 -0.013326
2.379144 	 -0.012020
2.383076 	 -0.010676
2.387009 	 -0.009300
2.390941 	 -0.007898
2.394874 	 -0.006474
2.398806 	 -0.005035
2.402739 	 -0.003585
2.406671 	 -0.002132
2.410604 	 -0.000680
2.414536 	 0.000765
2.418469 	 0.002198
2.422401 	 0.003613
2.426334 	 0.005005
2.430266 	 0.006368
2.434199 	 0.007698
2.438131 	 0.008990
2.442064 	 0.010239
2.445996 	 0.011441
2.449928 	 0.012591
2.453861 	 0.013685
2.457793 	 0.014720
2.461726 	 0.015691
2.465658 	 0.016596
2.469591 	 0.017431
2.473523 	 0.018194
2.477456 	 0.018882
2.481388 	 0.019494
2.485321 	 0.020026
2.489253 	 0.020478
2.493186 	 0.020849
2.497118 	 0.021137
2.501051 	 0.021343
2.504983 	 0.021465
2.508916 	 0.021504
2.512848 	 0.021460
2.516780 	 0.021334
2.520713 	 0.021127
2.524645 	 0.020840
2.528578 	 0.020475
2.532510 	 0.020033
2.536443 	 0.019518
2.540375 	 0.018931
2.544308 	 0.018274
2.548240 	 0.017552
2.552173 	 0.016767
2.556105 	 0.015922
2.560038 	 0.015022
2.563970 	 0.014069
2.567903 	 0.013069
2.571835 	 0.012024
2.575767 	 0.010939
2.579700 	 0.009820
2.583632 	 0.008669
2.587565 	 0.007493
2.591497 	 0.006294
2.595430 	 0.005079
2.599362 	 0.003852
2.603295 	 0.002618
2.607227 	 0.001381
2.611160 	 0.000146
2.615092 	 -0.001082
2.619025 	 -0.002298
2.622957 	 -0.003498
2.626890 	 -0.004677
2.630822 	 -0.005832
2.634755 	 -0.006957
2.638687 	 -0.008048
2.642619 	 -0.009102
2.646552 	 -0.010115
2.650484 	 -0.011083
2.654417 	 -0.012003
2.658349 	 -0.012871
2.662282 	 -0.013685
2.666214 	 -0.014441
2.670147 	 -0.015138
2.674079 	 -0.015772
2.678012 	 -0.016342
2.681944 	 -0.016846
2.685877 	 -0.017282
2.689809 	 -0.017650
2.693742 	 -0.017947
2.697674 	 -0.018175
2.701607 	 -0.018331
2.705539 	 -0.018416
2.709471 	 -0.018429
2.713404 	 -0.018372
2.717336 	 -0.018245
2.721269 	 -0.018049
2.725201 	 -0.017785
2.729134 	 -0.017454
2.733066 	 -0.017058
2.736999 	 -0.016599
2.740931 	 -0.016079
2.744864 	 -0.015500
2.748796 	 -0.014865
2.752729 	 -0.014177
2.756661 	 -0.013439
2.760594 	 -0.012653
2.764526 	 -0.011823
2.768458 	 -0.010953
2.772391 	 -0.010046
2.776323 	 -0.009105
2.780256 	 -0.008135
2.784188 	 -0.007139
2.788121 	 -0.006121
2.792053 	 -0.005086
2.795986 	 -0.004037
2.799918 	 -0.002979
2.803851 	 -0.001915
2.807783 	 -0.000850
2.811716 	 0.000212
2.815648 	 0.001268
2.819581 	 0.002313
2.823513 	 0.003343
2.827446 	 0.004355
2.831378 	 0.005344
2.835310 	 0.006307
2.839243 	 0.007241
2.843175 	 0.008141
2.847108 	 0.009006
2.851040 	 0.009831
2.854973 	 0.010614
2.858905 	 0.011352
2.862838 	 0.012042
2.866770 	 0.012683
2.870703 	 0.013271
2.874635 	 0.013805
2.878568 	 0.014284
2.882500 	 0.014705
2.886433 	 0.015067
2.890365 	 0.015370
2.894298 	 0.015612
2.898230 	 0.015793
2.902162 	 0.015913
2.906095 	 0.015971
2.910027 	 0.015967
2.913960 	 0.015903
2.917892 	 0.015778
2.921825 	 0.015593
2.925757 	 0.015349
2.929690 	 0.015048
2.933622 	 0.014691
2.937555 	 0.014280
2.941487 	 0.013816
2.945420 	 0.013301
2.949352 	 0.012739
2.953285 	 0.012131
2.957217 	 0.011479
2.961149 	 0.010787
2.965082 	 0.010058
2.969014 	 0.009294
2.972947 	 0.008498
2.976879 	 0.007674
2.980812 	 0.006825
2.984744 	 0.005955
2.988677 	 0.005066
2.992609 	 0.004162
2.996542 	 0.003248
3.000474 	 0.002326
3.004407 	 0.001399
3.008339 	 0.000473
3.012272 	 -0.000451
3.016204 	 -0.001368
3.020137 	 -0.002275
3.024069 	 -0.003169
3.028001 	 -0.004046
3.031934 	 -0.004903
3.035866 	 -0.005736
3.039799 	 -0.006543
3.043731 	 -0.007321
3.047664 	 -0.008067
3.051596 	 -0.008778
3.055529 	 -0.009452
3.059461 	 -0.010086
3.063394 	 -0.010679
3.067326 	 -0.011227
3.071259 	 -0.011730
3.075191 	 -0.012185
3.079124 	 -0.012591
3.083056 	 -0.012947
3.086989 	 -0.013252
3.090921 	 -0.013504
3.094853 	 -0.013703
3.098786 	 -0.013849
3.102718 	 -0.013941
3.106651 	 -0.013979
3.110583 	 -0.013964
3.114516 	 -0.013895
3.118448 	 -0.013774
3.122381 	 -0.013600
3.126313 	 -0.013375
3.130246 	 -0.013100
3.134178 	 -0.012777
3.138111 	 -0.012406
3.142043 	 -0.011989
3.145976 	 -0.011529
3.149908 	 -0.011027
3.153840 	 -0.010485
3.157773 	 -0.009906
3.161705 	 -0.009292
3.165638 	 -0.008645
3.169570 	 -0.007969
3.173503 	 -0.007265
3.177435 	 -0.006538
3.181368 	 -0.005788
3.185300 	 -0.005021
3.189233 	 -0.004238
3.193165 	 -0.003442
3.197098 	 -0.002637
3.201030 	 -0.001827
3.204963 	 -0.001013
3.208895 	 -0.000199
3.212828 	 0.000611
3.216760 	 0.001415
3.220692 	 0.002210
3.224625 	 0.002992
3.228557 	 0.003759
3.232490 	 0.004508
3.236422 	 0.005236
3.240355 	 0.005940
3.244287 	 0.006619
3.248220 	 0.007268
3.252152 	 0.007887
3.256085 	 0.008473
3.260017 	 0.009023
3.263950 	 0.009536
3.267882 	 0.010010
3.271815 	 0.010444
3.275747 	 0.010835
3.279680 	 0.011184
3.283612 	 0.011487
3.287544 	 0.011746
3.291477 	 0.011958
3.295409 	 0.012124
3.299342 	 0.012242
3.303274 	 0.012313
3.307207 	 0.012336
3.311139 	 0.012313
3.315072 	 0.012242
3.319004 	 0.012125
3.322937 	 0.011962
3.326869 	 0.011754
3.330802 	 0.011502
3.334734 	 0.011207
3.338667 	 0.010871
3.342599 	 0.010495
3.346531 	 0.010080
3.350464 	 0.009629
3.354396 	 0.009143
3.358329 	 0.008625
3.362261 	 0.008076
3.366194 	 0.007499
3.370126 	 0.006895
3.374059 	 0.006269
3.377991 	 0.005621
3.381924 	 0.004954
3.385856 	 0.004272
3.389789 	 0.003577
3.393721 	 0.002871
3.397654 	 0.002158
3.401586 	 0.001440
3.405519 	 0.000719
3.409451 	 -0.000001
3.413383 	 -0.000717
3.417316 	 -0.001428
3.421248 	 -0.002130
3.425181 	 -0.002820
3.429113 	 -0.003496
3.433046 	 -0.004156
3.436978 	 -0.004797
3.440911 	 -0.005417
3.444843 	 -0.006013
3.448776 	 -0.006584
3.452708 	 -0.007127
3.456641 	 -0.007640
3.460573 	 -0.008121
3.464506 	 -0.008569
3.468438 	 -0.008983
3.472371 	 -0.009360
3.476303 	 -0.009699
3.480235 	 -0.010001
3.484168 	 -0.010262
3.488100 	 -0.010483
3.492033 	 -0.010663
3.495965 	 -0.010802
3.499898 	 -0.010898
3.503830 	 -0.010953
3.507763 	 -0.010965
3.511695 	 -0.010935
3.515628 	 -0.010864
3.519560 	 -0.010752
3.523493 	 -0.010599
3.527425 	 -0.010406
3.531358 	 -0.010174
3.535290 	 -0.009904
3.539223 	 -0.009598
3.543155 	 -0.009256
3.547087 	 -0.008881
3.551020 	 -0.008473
3.554952 	 -0.008035
3.558885 	 -0.007568
3.562817 	 -0.007074
3.566750 	 -0.006555
3.570682 	 -0.006014
3.574615 	 -0.005452
3.578547 	 -0.004871
3.582480 	 -0.004275
3.586412 	 -0.003665
3.590345 	 -0.003043
3.594277 	 -0.002413
3.598210 	 -0.001776
3.602142 	 -0.001135
3.606074 	 -0.000493
3.610007 	 0.000149
3.613939 	 0.000787
3.617872 	 0.001419
3.621804 	 0.002043
3.625737 	 0.002657
3.629669 	 0.003258
3.633602 	 0.003843
3.637534 	 0.004412
3.641467 	 0.004961
3.645399 	 0.005489
3.649332 	 0.005993
3.653264 	 0.006473
3.657197 	 0.006925
3.661129 	 0.007350
3.665062 	 0.007744
3.668994 	 0.008107
3.672926 	 0.008438
3.676859 	 0.008735
3.680791 	 0.008997
3.684724 	 0.009224
3.688656 	 0.009414
3.692589 	 0.009568
3.696521 	 0.009684
3.700454 	 0.009764
3.704386 	 0.009805
3.708319 	 0.009809
3.712251 	 0.009775
3.716184 	 0.009704
3.720116 	 0.009596
3.724049 	 0.009453
3.727981 	 0.009273
3.731914 	 0.009059
3.735846 	 0.008812
3.739778 	 0.008531
3.743711 	 0.008219
3.747643 	 0.007878
3.751576 	 0.007507
3.755508 	 0.007109
3.759441 	 0.006686
3.763373 	 0.006240
3.767306 	 0.005771
3.771238 	 0.005282
3.775171 	 0.004775
3.779103 	 0.004252
3.783036 	 0.003714
3.786968 	 0.003165
3.790901 	 0.002606
3.794833 	 0.002040
3.798765 	 0.001468
3.802698 	 0.000892
3.806630 	 0.000316
3.810563 	 -0.000259
3.814495 	 -0.000831
3.818428 	 -0.001397
3.822360 	 -0.001955
3.826293 	 -0.002504
3.830225 	 -0.003041
3.834158 	 -0.003564
3.838090 	 -0.004071
3.842023 	 -0.004561
3.845955 	 -0.005031
3.849888 	 -0.005480
3.853820 	 -0.005907
3.857753 	 -0.006309
3.861685 	 -0.006685
3.865617 	 -0.007034
3.869550 	 -0.007355
3.873482 	 -0.007647
3.877415 	 -0.007908
3.881347 	 -0.008138
3.885280 	 -0.008336
3.889212 	 -0.008501
3.893145 	 -0.008633
3.897077 	 -0.008732
3.901010 	 -0.008797
3.904942 	 -0.008828
3.908875 	 -0.008825
3.912807 	 -0.008788
3.916740 	 -0.008718
3.920672 	 -0.008616
3.924605 	 -0.008480
3.928537 	 -0.008313
3.932469 	 -0.008115
3.936402 	 -0.007886
3.940334 	 -0.007628
3.944267 	 -0.007342
3.948199 	 -0.007030
3.952132 	 -0.006691
3.956064 	 -0.006329
3.959997 	 -0.005944
3.963929 	 -0.005537
3.967862 	 -0.005111
3.971794 	 -0.004668
3.975727 	 -0.004208
3.979659 	 -0.003734
3.983592 	 -0.003247
3.987524 	 -0.002750
3.991456 	 -0.002245
3.995389 	 -0.001733
3.999321 	 -0.001216
4.003254 	 -0.000697
4.007186 	 -0.000177
4.011119 	 0.000341
4.015051 	 0.000856
4.018984 	 0.001366
4.022916 	 0.001869
