0.000000 	 0.000000
0.003932 	 -0.028424
0.007865 	 -0.056823
0.011797 	 -0.085171
0.015730 	 -0.113442
0.019662 	 -0.141612
0.023595 	 -0.169653
0.027527 	 -0.197543
0.031460 	 -0.225255
0.035392 	 -0.252765
0.039325 	 -0.280048
0.043257 	 -0.307081
0.047190 	 -0.333839
0.051122 	 -0.360299
0.055055 	 -0.386437
0.058987 	 -0.412232
0.062920 	 -0.437659
0.066852 	 -0.462699
0.070784 	 -0.487328
0.074717 	 -0.511526
0.078649 	 -0.535273
0.082582 	 -0.558549
0.086514 	 -0.581334
0.090447 	 -0.603609
0.094379 	 -0.625357
0.098312 	 -0.646560
0.102244 	 -0.667201
0.106177 	 -0.687264
0.110109 	 -0.706733
0.114042 	 -0.725593
0.117974 	 -0.743830
0.121907 	 -0.761432
0.125839 	 -0.778385
0.129771 	 -0.794677
0.133704 	 -0.810297
0.137636 	 -0.825235
0.141569 	 -0.839482
0.145501 	 -0.853028
0.149434 	 -0.865865
0.153366 	 -0.877987
0.157299 	 -0.889387
0.161231 	 -0.900059
0.165164 	 -0.909998
0.169096 	 -0.919202
0.173029 	 -0.927666
0.176961 	 -0.935388
0.180894 	 -0.942366
0.184826 	 -0.948601
0.188759 	 -0.954092
0.192691 	 -0.958839
0.196623 	 -0.962846
0.200556 	 -0.966113
0.204488 	 -0.968644
0.208421 	 -0.970444
0.212353 	 -0.971517
0.216286 	 -0.971868
0.220218 	 -0.971503
0.224151 	 -0.970430
0.228083 	 -0.968656
0.232016 	 -0.966190
0.235948 	 -0.963039
0.239881 	 -0.959215
0.243813 	 -0.954726
0.247746 	 -0.949584
0.251678 	 -0.943801
0.255611 	 -0.937388
0.259543 	 -0.930357
0.263475 	 -0.922723
0.267408 	 -0.914498
0.271340 	 -0.905696
0.275273 	 -0.896333
0.279205 	 -0.886422
0.283138 	 -0.875980
0.287070 	 -0.865022
0.291003 	 -0.853565
0.294935 	 -0.841625
0.298868 	 -0.829218
0.302800 	 -0.816362
0.306733 	 -0.803074
0.310665 	 -0.789373
0.314598 	 -0.775275
0.318530 	 -0.760799
0.322462 	 -0.745964
0.326395 	 -0.730787
0.330327 	 -0.715288
0.334260 	 -0.699484
0.338192 	 -0.683395
0.342125 	 -0.667039
0.346057 	 -0.650436
0.349990 	 -0.633603
0.353922 	 -0.616560
0.357855 	 -0.599326
0.361787 	 -0.581920
0.365720 	 -0.564359
0.369652 	 -0.546663
0.373585 	 -0.528849
0.377517 	 -0.510937
0.381450 	 -0.492944
0.385382 	 -0.474888
0.389314 	 -0.456787
0.393247 	 -0.438658
0.397179 	 -0.420518
0.401112 	 -0.402385
0.405044 	 -0.384275
0.408977 	 -0.366205
0.412909 	 -0.348190
0.416842 	 -0.330247
0.420774 	 -0.312390
0.424707 	 -0.294635
0.428639 	 -0.276996
0.432572 	 -0.259489
0.436504 	 -0.242126
0.440437 	 -0.224921
0.444369 	 -0.207888
0.448302 	 -0.191040
0.452234 	 -0.174387
0.456166 	 -0.157943
0.460099 	 -0.141719
0.464031 	 -0.125726
0.467964 	 -0.109974
0.471896 	 -0.094473
0.475829 	 -0.079233
0.479761 	 -0.064264
0.483694 	 -0.049573
0.487626 	 -0.035169
0.491559 	 -0.021061
0.495491 	 -0.007254
0.499424 	 0.006244
0.503356 	 0.019426
0.507289 	 0.032287
0.511221 	 0.044822
0.515153 	 0.057025
0.519086 	 0.068891
0.523018 	 0.080418
0.526951 	 0.091600
0.530883 	 0.102436
0.534816 	 0.112922
0.538748 	 0.123056
0.542681 	 0.132836
0.546613 	 0.142260
0.550546 	 0.151328
0.554478 	 0.160039
0.558411 	 0.168393
0.562343 	 0.176389
0.566276 	 0.184029
0.570208 	 0.191313
0.574141 	 0.198242
0.578073 	 0.204818
0.582005 	 0.211044
0.585938 	 0.216920
0.589870 	 0.222450
0.593803 	 0.227636
0.597735 	 0.232483
0.601668 	 0.236992
0.605600 	 0.241168
0.609533 	 0.245016
0.613465 	 0.248538
0.617398 	 0.251740
0.621330 	 0.254627
0.625263 	 0.257202
0.629195 	 0.259473
0.633128 	 0.261442
0.637060 	 0.263117
0.640993 	 0.264504
0.644925 	 0.265606
0.648857 	 0.266432
0.652790 	 0.266986
0.656722 	 0.267276
0.660655 	 0.267307
0.664587 	 0.267086
0.668520 	 0.266619
0.672452 	 0.265914
0.676385 	 0.264977
0.680317 	 0.263814
0.684250 	 0.262433
0.688182 	 0.260840
0.692115 	 0.259043
0.696047 	 0.257048
0.699980 	 0.254862
0.703912 	 0.252492
0.707845 	 0.249946
0.711777 	 0.247230
0.715709 	 0.244350
0.719642 	 0.241315
0.723574 	 0.238131
0.727507 	 0.234805
0.731439 	 0.231343
0.735372 	 0.227752
0.739304 	 0.224040
0.743237 	 0.220212
0.747169 	 0.216275
0.751102 	 0.212236
0.755034 	 0.208101
0.758967 	 0.203877
0.762899 	 0.199569
0.766832 	 0.195183
0.770764 	 0.190727
0.774696 	 0.186205
0.778629 	 0.181624
0.782561 	 0.176989
0.786494 	 0.172305
0.790426 	 0.167580
0.794359 	 0.162816
0.798291 	 0.158021
0.802224 	 0.153199
0.806156 	 0.148354
0.810089 	 0.143493
0.814021 	 0.138619
0.817954 	 0.133738
0.821886 	 0.128853
0.825819 	 0.123969
0.829751 	 0.119091
0.833684 	 0.114222
0.837616 	 0.109367
0.841548 	 0.104529
0.845481 	 0.099712
0.849413 	 0.094919
0.853346 	 0.090155
0.857278 	 0.085421
0.861211 	 0.080723
0.865143 	 0.076062
0.869076 	 0.071441
0.873008 	 0.066864
0.876941 	 0.062333
0.880873 	 0.057850
0.884806 	 0.053419
0.888738 	 0.049041
0.892671 	 0.044718
0.896603 	 0.040453
0.900536 	 0.036248
0.904468 	 0.032105
0.908400 	 0.028025
0.912333 	 0.024009
0.916265 	 0.020061
0.920198 	 0.016180
0.924130 	 0.012368
0.928063 	 0.008627
0.931995 	 0.004958
0.935928 	 0.001362
0.939860 	 -0.002161
0.943793 	 -0.005610
0.947725 	 -0.008983
0.951658 	 -0.012280
0.955590 	 -0.015500
0.959523 	 -0.018643
0.963455 	 -0.021709
0.967387 	 -0.024697
0.971320 	 -0.027607
0.975252 	 -0.030438
0.979185 	 -0.033191
0.983117 	 -0.035866
0.987050 	 -0.038461
0.990982 	 -0.040979
0.994915 	 -0.043417
0.998847 	 -0.045778
1.002780 	 -0.048061
1.006712 	 -0.050266
1.010645 	 -0.052393
1.014577 	 -0.054444
1.018510 	 -0.056419
1.022442 	 -0.058317
1.026375 	 -0.060140
1.030307 	 -0.061889
1.034239 	 -0.063563
1.038172 	 -0.065164
1.042104 	 -0.066692
1.046037 	 -0.068149
1.049969 	 -0.069534
1.053902 	 -0.070849
1.057834 	 -0.072094
1.061767 	 -0.073271
1.065699 	 -0.074381
1.069632 	 -0.075423
1.073564 	 -0.076401
1.077497 	 -0.077313
1.081429 	 -0.078162
1.085362 	 -0.078948
1.089294 	 -0.079673
1.093227 	 -0.080337
1.097159 	 -0.080942
1.101091 	 -0.081489
1.105024 	 -0.081978
1.108956 	 -0.082412
1.112889 	 -0.082791
1.116821 	 -0.083117
1.120754 	 -0.083390
1.124686 	 -0.083611
1.128619 	 -0.083783
1.132551 	 -0.083906
1.136484 	 -0.083981
1.140416 	 -0.084010
1.144349 	 -0.083993
1.148281 	 -0.083933
1.152214 	 -0.083830
1.156146 	 -0.083685
1.160078 	 -0.083500
1.164011 	 -0.083275
1.167943 	 -0.083013
1.171876 	 -0.082714
1.175808 	 -0.082379
1.179741 	 -0.082010
1.183673 	 -0.081607
1.187606 	 -0.081173
1.191538 	 -0.080707
1.195471 	 -0.080212
1.199403 	 -0.079688
1.203336 	 -0.079137
1.207268 	 -0.078559
1.211201 	 -0.077956
1.215133 	 -0.077328
1.219066 	 -0.076678
1.222998 	 -0.076005
1.226930 	 -0.075311
1.230863 	 -0.074598
1.234795 	 -0.073865
1.238728 	 -0.073114
1.242660 	 -0.072346
1.246593 	 -0.071563
1.250525 	 -0.070764
1.254458 	 -0.069950
1.258390 	 -0.069124
1.262323 	 -0.068285
1.266255 	 -0.067434
1.270188 	 -0.066573
1.274120 	 -0.065702
1.278053 	 -0.064822
1.281985 	 -0.063933
1.285918 	 -0.063037
1.289850 	 -0.062134
1.293782 	 -0.061225
1.297715 	 -0.060311
1.301647 	 -0.059392
1.305580 	 -0.058469
1.309512 	 -0.057543
1.313445 	 -0.056614
1.317377 	 -0.055682
1.321310 	 -0.054750
1.325242 	 -0.053816
1.329175 	 -0.052882
1.333107 	 -0.051947
1.337040 	 -0.051014
1.340972 	 -0.050081
1.344905 	 -0.049150
1.348837 	 -0.048221
1.352769 	 -0.047295
1.356702 	 -0.046371
1.360634 	 -0.045450
1.364567 	 -0.044533
1.368499 	 -0.043620
1.372432 	 -0.042711
1.376364 	 -0.041807
1.380297 	 -0.040907
1.384229 	 -0.040013
1.388162 	 -0.039124
1.392094 	 -0.038241
1.396027 	 -0.037364
1.399959 	 -0.036493
1.403892 	 -0.035629
1.407824 	 -0.034771
1.411757 	 -0.033920
1.415689 	 -0.033076
1.419621 	 -0.032239
1.423554 	 -0.031409
1.427486 	 -0.030587
1.431419 	 -0.029773
1.435351 	 -0.028966
1.439284 	 -0.028167
1.443216 	 -0.027376
1.447149 	 -0.026593
1.451081 	 -0.025818
1.455014 	 -0.025051
1.458946 	 -0.024293
1.462879 	 -0.023543
1.466811 	 -0.022801
1.470744 	 -0.022068
1.474676 	 -0.021343
1.478609 	 -0.020627
1.482541 	 -0.019920
1.486473 	 -0.019221
1.490406 	 -0.018530
1.494338 	 -0.017849
1.498271 	 -0.017176
1.502203 	 -0.016511
1.506136 	 -0.015856
1.510068 	 -0.015209
1.514001 	 -0.014570
1.517933 	 -0.013941
1.521866 	 -0.013320
1.525798 	 -0.012707
1.529731 	 -0.012104
1.533663 	 -0.011509
1.537596 	 -0.010923
1.541528 	 -0.010345
1.545460 	 -0.009776
1.549393 	 -0.009216
1.553325 	 -0.008664
1.557258 	 -0.008121
1.561190 	 -0.007586
1.565123 	 -0.007060
1.569055 	 -0.006542
1.572988 	 -0.006033
1.576920 	 -0.005532
1.580853 	 -0.005040
1.584785 	 -0.004556
1.588718 	 -0.004081
1.592650 	 -0.003614
1.596583 	 -0.003155
1.600515 	 -0.002704
1.604448 	 -0.002262
1.608380 	 -0.001828
1.612312 	 -0.001402
1.616245 	 -0.000984
1.620177 	 -0.000574
1.624110 	 -0.000173
1.628042 	 0.000221
1.631975 	 0.000607
1.635907 	 0.000984
1.639840 	 0.001354
1.643772 	 0.001716
1.647705 	 0.002070
1.651637 	 0.002416
1.655570 	 0.002755
1.659502 	 0.003086
1.663435 	 0.003409
1.667367 	 0.003725
1.671300 	 0.004034
1.675232 	 0.004335
1.679164 	 0.004628
1.683097 	 0.004914
1.687029 	 0.005193
1.690962 	 0.005465
1.694894 	 0.005730
1.698827 	 0.005988
1.702759 	 0.006238
1.706692 	 0.006482
1.710624 	 0.006719
1.714557 	 0.006949
1.718489 	 0.007173
1.722422 	 0.007390
1.726354 	 0.007601
1.730287 	 0.007805
1.734219 	 0.008003
1.738151 	 0.008195
1.742084 	 0.008380
1.746016 	 0.008560
1.749949 	 0.008733
1.753881 	 0.008901
1.757814 	 0.009063
1.761746 	 0.009220
1.765679 	 0.009370
1.769611 	 0.009516
1.773544 	 0.009656
1.777476 	 0.009791
1.781409 	 0.009921
1.785341 	 0.010045
1.789274 	 0.010165
1.793206 	 0.010280
1.797139 	 0.010390
1.801071 	 0.010496
1.805003 	 0.010597
1.808936 	 0.010694
1.812868 	 0.010786
1.816801 	 0.010875
1.820733 	 0.010959
1.824666 	 0.011039
1.828598 	 0.011116
1.832531 	 0.011188
1.836463 	 0.011257
1.840396 	 0.011323
1.844328 	 0.011385
1.848261 	 0.011443
1.852193 	 0.011498
1.856126 	 0.011551
1.860058 	 0.011600
1.863991 	 0.011646
1.867923 	 0.011689
1.871855 	 0.011729
1.875788 	 0.011767
1.879720 	 0.011801
1.883653 	 0.011834
1.887585 	 0.011864
1.891518 	 0.011891
1.895450 	 0.011916
1.899383 	 0.011939
1.903315 	 0.011959
1.907248 	 0.011978
1.911180 	 0.011994
1.915113 	 0.012008
1.919045 	 0.012021
1.922978 	 0.012031
1.926910 	 0.012040
1.930842 	 0.012047
1.934775 	 0.012052
1.938707 	 0.012055
1.942640 	 0.012057
1.946572 	 0.012057
1.950505 	 0.012055
1.954437 	 0.012052
1.958370 	 0.012047
1.962302 	 0.012041
1.966235 	 0.012034
1.970167 	 0.012025
1.974100 	 0.012015
1.978032 	 0.012003
1.981965 	 0.011990
1.985897 	 0.011975
1.989830 	 0.011960
1.993762 	 0.011943
1.997694 	 0.011924
2.001627 	 0.011905
2.005559 	 0.011884
2.009492 	 0.011862
2.013424 	 0.011839
2.017357 	 0.011814
2.021289 	 0.011789
2.025222 	 0.011762
2.029154 	 0.011734
2.033087 	 0.011705
2.037019 	 0.011674
2.040952 	 0.011643
2.044884 	 0.011610
2.048817 	 0.011576
2.052749 	 0.011541
2.056682 	 0.011505
2.060614 	 0.011468
2.064546 	 0.011430
2.068479 	 0.011390
2.072411 	 0.011350
2.076344 	 0.011308
2.080276 	 0.011265
2.084209 	 0.011222
2.088141 	 0.011177
2.092074 	 0.011131
2.096006 	 0.011084
2.099939 	 0.011036
2.103871 	 0.010988
2.107804 	 0.010938
2.111736 	 0.010887
2.115669 	 0.010835
2.119601 	 0.010782
2.123534 	 0.010729
2.127466 	 0.010674
2.131398 	 0.010619
2.135331 	 0.010563
2.139263 	 0.010506
2.143196 	 0.010448
2.147128 	 0.010390
2.151061 	 0.010330
2.154993 	 0.010270
2.158926 	 0.010210
2.162858 	 0.010148
2.166791 	 0.010086
2.170723 	 0.010024
2.174656 	 0.009961
2.178588 	 0.009897
2.182521 	 0.009833
2.186453 	 0.009769
2.190385 	 0.009704
2.194318 	 0.009638
2.198250 	 0.009572
2.202183 	 0.009506
2.206115 	 0.009440
2.210048 	 0.009373
2.213980 	 0.009306
2.217913 	 0.009239
2.221845 	 0.009172
2.225778 	 0.009105
2.229710 	 0.009037
2.233643 	 0.008970
2.237575 	 0.008902
2.241508 	 0.008835
2.245440 	 0.008768
2.249373 	 0.008700
2.253305 	 0.008633
2.257237 	 0.008566
2.261170 	 0.008499
2.265102 	 0.008432
2.269035 	 0.008365
2.272967 	 0.008299
2.276900 	 0.008233
2.280832 	 0.008167
2.284765 	 0.008101
2.288697 	 0.008036
2.292630 	 0.007971
2.296562 	 0.007907
2.300495 	 0.007843
2.304427 	 0.007779
2.308360 	 0.007715
2.312292 	 0.007653
2.316225 	 0.007590
2.320157 	 0.007528
2.324089 	 0.007466
2.328022 	 0.007405
2.331954 	 0.007344
2.335887 	 0.007284
2.339819 	 0.007224
2.343752 	 0.007165
2.347684 	 0.007106
2.351617 	 0.007047
2.355549 	 0.006989
2.359482 	 0.006932
2.363414 	 0.006875
2.367347 	 0.006818
2.371279 	 0.006762
2.375212 	 0.006706
2.379144 	 0.006651
2.383076 	 0.006596
2.387009 	 0.006541
2.390941 	 0.006487
2.394874 	 0.006433
2.398806 	 0.006380
2.402739 	 0.006326
2.406671 	 0.006274
2.410604 	 0.006221
2.414536 	 0.006169
2.418469 	 0.006117
2.422401 	 0.006066
2.426334 	 0.006014
2.430266 	 0.005963
2.434199 	 0.005913
2.438131 	 0.005862
2.442064 	 0.005812
2.445996 	 0.005761
2.449928 	 0.005711
2.453861 	 0.005662
2.457793 	 0.005612
2.461726 	 0.005562
2.465658 	 0.005513
2.469591 	 0.005464
2.473523 	 0.005415
2.477456 	 0.005366
2.481388 	 0.005317
2.485321 	 0.005268
2.489253 	 0.005219
2.493186 	 0.005170
2.497118 	 0.005122
2.501051 	 0.005073
2.504983 	 0.005024
2.508916 	 0.004976
2.512848 	 0.004928
2.516780 	 0.004879
2.520713 	 0.004831
2.524645 	 0.004783
2.528578 	 0.004734
2.532510 	 0.004686
2.536443 	 0.004638
2.540375 	 0.004590
2.544308 	 0.004542
2.548240 	 0.004494
2.552173 	 0.004446
2.556105 	 0.004399
2.560038 	 0.004351
2.563970 	 0.004304
2.567903 	 0.004256
2.571835 	 0.004209
2.575767 	 0.004162
2.579700 	 0.004115
2.583632 	 0.004068
2.587565 	 0.004022
2.591497 	 0.003975
2.595430 	 0.003929
2.599362 	 0.003883
2.603295 	 0.003838
2.607227 	 0.003792
2.611160 	 0.003747
2.615092 	 0.003702
2.619025 	 0.003657
2.622957 	 0.003613
2.626890 	 0.003569
2.630822 	 0.003526
2.634755 	 0.003482
2.638687 	 0.003439
2.642619 	 0.003397
2.646552 	 0.003355
2.650484 	 0.003313
2.654417 	 0.003272
2.658349 	 0.003231
2.662282 	 0.003190
2.666214 	 0.003151
2.670147 	 0.003111
2.674079 	 0.003072
2.678012 	 0.003034
2.681944 	 0.002996
2.685877 	 0.002958
2.689809 	 0.002921
2.693742 	 0.002884
2.697674 	 0.002848
2.701607 	 0.002813
2.705539 	 0.002778
2.709471 	 0.002744
2.713404 	 0.002710
2.717336 	 0.002676
2.721269 	 0.002644
2.725201 	 0.002611
2.729134 	 0.002579
2.733066 	 0.002548
2.736999 	 0.002517
2.740931 	 0.002487
2.744864 	 0.002457
2.748796 	 0.002428
2.752729 	 0.002399
2.756661 	 0.002371
2.760594 	 0.002343
2.764526 	 0.002316
2.768458 	 0.002289
2.772391 	 0.002263
2.776323 	 0.002237
2.780256 	 0.002211
2.784188 	 0.002186
2.788121 	 0.002161
2.792053 	 0.002137
2.795986 	 0.002113
2.799918 	 0.002089
2.803851 	 0.002066
2.807783 	 0.002043
2.811716 	 0.002020
2.815648 	 0.001998
2.819581 	 0.001975
2.823513 	 0.001954
2.827446 	 0.001932
2.831378 	 0.001911
2.835310 	 0.001889
2.839243 	 0.001868
2.843175 	 0.001848
2.847108 	 0.001827
2.851040 	 0.001807
2.854973 	 0.001786
2.858905 	 0.001766
2.862838 	 0.001746
2.866770 	 0.001726
2.870703 	 0.001707
2.874635 	 0.001687
2.878568 	 0.001667
2.882500 	 0.001648
2.886433 	 0.001628
2.890365 	 0.001609
2.894298 	 0.001589
2.898230 	 0.001570
2.902162 	 0.001551
2.906095 	 0.001532
2.910027 	 0.001512
2.913960 	 0.001493
2.917892 	 0.001474
2.921825 	 0.001455
2.925757 	 0.001436
2.929690 	 0.001417
2.933622 	 0.001398
2.937555 	 0.001379
2.941487 	 0.001359
2.945420 	 0.001340
2.949352 	 0.001322
2.953285 	 0.001303
2.957217 	 0.001284
2.961149 	 0.001265
2.965082 	 0.001246
2.969014 	 0.001227
2.972947 	 0.001208
2.976879 	 0.001190
2.980812 	 0.001171
2.984744 	 0.001153
2.988677 	 0.001134
2.992609 	 0.001116
2.996542 	 0.001098
3.000474 	 0.001080
3.004407 	 0.001062
3.008339 	 0.001044
3.012272 	 0.001027
3.016204 	 0.001009
3.020137 	 0.000992
3.024069 	 0.000975
3.028001 	 0.000958
3.031934 	 0.000941
3.035866 	 0.000924
3.039799 	 0.000908
3.043731 	 0.000892
3.047664 	 0.000876
3.051596 	 0.000861
3.055529 	 0.000845
3.059461 	 0.000830
3.063394 	 0.000815
3.067326 	 0.000801
3.071259 	 0.000786
3.075191 	 0.000772
3.079124 	 0.000759
3.083056 	 0.000745
3.086989 	 0.000732
3.090921 	 0.000719
3.094853 	 0.000707
3.098786 	 0.000695
3.102718 	 0.000683
3.106651 	 0.000671
3.110583 	 0.000660
3.114516 	 0.000649
3.118448 	 0.000638
3.122381 	 0.000628
3.126313 	 0.000618
3.130246 	 0.000608
3.134178 	 0.000599
3.138111 	 0.000590
3.142043 	 0.000581
3.145976 	 0.000572
3.149908 	 0.000564
3.153840 	 0.000556
3.157773 	 0.000548
3.161705 	 0.000541
3.165638 	 0.000534
3.169570 	 0.000527
3.173503 	 0.000520
3.177435 	 0.000514
3.181368 	 0.000507
3.185300 	 0.000501
3.189233 	 0.000496
3.193165 	 0.000490
3.197098 	 0.000484
3.201030 	 0.000479
3.204963 	 0.000474
3.208895 	 0.000469
3.212828 	 0.000464
3.216760 	 0.000459
3.220692 	 0.000454
3.224625 	 0.000450
3.228557 	 0.000445
3.232490 	 0.000441
3.236422 	 0.000437
3.240355 	 0.000432
3.244287 	 0.000428
3.248220 	 0.000424
3.252152 	 0.000419
3.256085 	 0.000415
3.260017 	 0.000411
3.263950 	 0.000407
3.267882 	 0.000403
3.271815 	 0.000398
3.275747 	 0.000394
3.279680 	 0.000390
3.283612 	 0.000385
3.287544 	 0.000381
3.291477 	 0.000377
3.295409 	 0.000372
3.299342 	 0.000367
3.303274 	 0.000363
3.307207 	 0.000358
3.311139 	 0.000353
3.315072 	 0.000348
3.319004 	 0.000343
3.322937 	 0.000338
3.326869 	 0.000333
3.330802 	 0.000328
3.334734 	 0.000323
3.338667 	 0.000317
3.342599 	 0.000312
3.346531 	 0.000306
3.350464 	 0.000301
3.354396 	 0.000295
3.358329 	 0.000290
3.362261 	 0.000284
3.366194 	 0.000278
3.370126 	 0.000272
3.374059 	 0.000266
3.377991 	 0.000260
3.381924 	 0.000254
3.385856 	 0.000249
3.389789 	 0.000243
3.393721 	 0.000237
3.397654 	 0.000231
3.401586 	 0.000225
3.405519 	 0.000219
3.409451 	 0.000213
3.413383 	 0.000207
3.417316 	 0.000201
3.421248 	 0.000195
3.425181 	 0.000190
3.429113 	 0.000184
3.433046 	 0.000179
3.436978 	 0.000173
3.440911 	 0.000168
3.444843 	 0.000162
3.448776 	 0.000157
3.452708 	 0.000152
3.456641 	 0.000147
3.460573 	 0.000143
3.464506 	 0.000138
3.468438 	 0.000133
3.472371 	 0.000129
3.476303 	 0.000125
3.480235 	 0.000121
3.484168 	 0.000117
3.488100 	 0.000113
3.492033 	 0.000109
3.495965 	 0.000106
3.499898 	 0.000103
3.503830 	 0.000100
3.507763 	 0.000097
3.511695 	 0.000094
3.515628 	 0.000092
3.519560 	 0.000089
3.523493 	 0.000087
3.527425 	 0.000085
3.531358 	 0.000083
3.535290 	 0.000082
3.539223 	 0.000080
3.543155 	 0.000079
3.547087 	 0.000078
3.551020 	 0.000077
3.554952 	 0.000076
3.558885 	 0.000075
3.562817 	 0.000074
3.566750 	 0.000074
3.570682 	 0.000074
3.574615 	 0.000073
3.578547 	 0.000073
3.582480 	 0.000073
3.586412 	 0.000073
3.590345 	 0.000074
3.594277 	 0.000074
3.598210 	 0.000074
3.602142 	 0.000075
3.606074 	 0.000075
3.610007 	 0.000076
3.613939 	 0.000076
3.617872 	 0.000077
3.621804 	 0.000077
3.625737 	 0.000078
3.629669 	 0.000079
3.633602 	 0.000079
3.637534 	 0.000080
3.641467 	 0.000081
3.645399 	 0.000081
3.649332 	 0.000082
3.653264 	 0.000082
3.657197 	 0.000083
3.661129 	 0.000083
3.665062 	 0.000084
3.668994 	 0.000084
3.672926 	 0.000084
3.676859 	 0.000084
3.680791 	 0.000084
3.684724 	 0.000084
3.688656 	 0.000084
3.692589 	 0.000084
3.696521 	 0.000084
3.700454 	 0.000083
3.704386 	 0.000083
3.708319 	 0.000082
3.712251 	 0.000082
3.716184 	 0.000081
3.720116 	 0.000080
3.724049 	 0.000079
3.727981 	 0.000078
3.731914 	 0.000077
3.735846 	 0.000075
3.739778 	 0.000074
3.743711 	 0.000072
3.747643 	 0.000071
3.751576 	 0.000069
3.755508 	 0.000067
3.759441 	 0.000065
3.763373 	 0.000063
3.767306 	 0.000061
3.771238 	 0.000059
3.775171 	 0.000057
3.779103 	 0.000055
3.783036 	 0.000052
3.786968 	 0.000050
3.790901 	 0.000048
3.794833 	 0.000045
3.798765 	 0.000043
3.802698 	 0.000040
3.806630 	 0.000038
3.810563 	 0.000035
3.814495 	 0.000033
3.818428 	 0.000030
3.822360 	 0.000028
3.826293 	 0.000025
3.830225 	 0.000023
3.834158 	 0.000021
3.838090 	 0.000018
3.842023 	 0.000016
3.845955 	 0.000014
3.849888 	 0.000012
3.853820 	 0.000009
3.857753 	 0.000007
3.861685 	 0.000005
3.865617 	 0.000003
3.869550 	 0.000002
3.873482 	 -0.000000
3.877415 	 -0.000002
3.881347 	 -0.000003
3.885280 	 -0.000005
3.889212 	 -0.000006
3.893145 	 -0.000007
3.897077 	 -0.000008
3.901010 	 -0.000009
3.904942 	 -0.000010
3.908875 	 -0.000011
3.912807 	 -0.000012
3.916740 	 -0.000012
3.920672 	 -0.000013
3.924605 	 -0.000013
3.928537 	 -0.000013
3.932469 	 -0.000013
3.936402 	 -0.000013
3.940334 	 -0.000013
3.944267 	 -0.000013
3.948199 	 -0.000012
3.952132 	 -0.000012
3.956064 	 -0.000011
3.959997 	 -0.000011
3.963929 	 -0.000010
3.967862 	 -0.000009
3.971794 	 -0.000008
3.975727 	 -0.000007
3.979659 	 -0.000006
3.983592 	 -0.000005
3.987524 	 -0.000004
3.991456 	 -0.000003
3.995389 	 -0.000002
3.999321 	 -0.000000
4.003254 	 0.000001
4.007186 	 0.000002
4.011119 	 0.000004
4.015051 	 0.000005
4.018984 	 0.000006
4.022916 	 0.000008
