0.000000 	 0.000000
0.003932 	 0.239588
0.007865 	 0.478863
0.011797 	 0.717511
0.015730 	 0.955218
0.019662 	 1.191676
0.023595 	 1.426575
0.027527 	 1.659609
0.031460 	 1.890476
0.035392 	 2.118876
0.039325 	 2.344516
0.043257 	 2.567104
0.047190 	 2.786356
0.051122 	 3.001993
0.055055 	 3.213742
0.058987 	 3.421336
0.062920 	 3.624516
0.066852 	 3.823029
0.070784 	 4.016633
0.074717 	 4.205091
0.078649 	 4.388176
0.082582 	 4.565670
0.086514 	 4.737364
0.090447 	 4.903060
0.094379 	 5.062567
0.098312 	 5.215708
0.102244 	 5.362314
0.106177 	 5.502228
0.110109 	 5.635303
0.114042 	 5.761405
0.117974 	 5.880409
0.121907 	 5.992204
0.125839 	 6.096688
0.129771 	 6.193773
0.133704 	 6.283383
0.137636 	 6.365452
0.141569 	 6.439928
0.145501 	 6.506770
0.149434 	 6.565949
0.153366 	 6.617449
0.157299 	 6.661264
0.161231 	 6.697402
0.165164 	 6.725882
0.169096 	 6.746734
0.173029 	 6.760000
0.176961 	 6.765735
0.180894 	 6.764002
0.184826 	 6.754878
0.188759 	 6.738448
0.192691 	 6.714811
0.196623 	 6.684074
0.200556 	 6.646354
0.204488 	 6.601778
0.208421 	 6.550483
0.212353 	 6.492615
0.216286 	 6.428328
0.220218 	 6.357786
0.224151 	 6.281159
0.228083 	 6.198627
0.232016 	 6.110375
0.235948 	 6.016597
0.239881 	 5.917492
0.243813 	 5.813265
0.247746 	 5.704128
0.251678 	 5.590297
0.255611 	 5.471994
0.259543 	 5.349443
0.263475 	 5.222876
0.267408 	 5.092524
0.271340 	 4.958624
0.275273 	 4.821414
0.279205 	 4.681135
0.283138 	 4.538028
0.287070 	 4.392338
0.291003 	 4.244309
0.294935 	 4.094184
0.298868 	 3.942209
0.302800 	 3.788626
0.306733 	 3.633679
0.310665 	 3.477609
0.314598 	 3.320656
0.318530 	 3.163055
0.322462 	 3.005043
0.326395 	 2.846850
0.330327 	 2.688705
0.334260 	 2.530831
0.338192 	 2.373450
0.342125 	 2.216775
0.346057 	 2.061020
0.349990 	 1.906388
0.353922 	 1.753081
0.357855 	 1.601294
0.361787 	 1.451214
0.365720 	 1.303025
0.369652 	 1.156902
0.373585 	 1.013016
0.377517 	 0.871528
0.381450 	 0.732595
0.385382 	 0.596363
0.389314 	 0.462976
0.393247 	 0.332565
0.397179 	 0.205257
0.401112 	 0.081170
0.405044 	 -0.039587
0.408977 	 -0.156909
0.412909 	 -0.270704
0.416842 	 -0.380884
0.420774 	 -0.487371
0.424707 	 -0.590094
0.428639 	 -0.688991
0.432572 	 -0.784006
0.436504 	 -0.875093
0.440437 	 -0.962213
0.444369 	 -1.045334
0.448302 	 -1.124432
0.452234 	 -1.199492
0.456166 	 -1.270504
0.460099 	 -1.337466
0.464031 	 -1.400384
0.467964 	 -1.459271
0.471896 	 -1.514146
0.475829 	 -1.565033
0.479761 	 -1.611966
0.483694 	 -1.654983
0.487626 	 -1.694129
0.491559 	 -1.729452
0.495491 	 -1.761009
0.499424 	 -1.788861
0.503356 	 -1.813073
0.507289 	 -1.833717
0.511221 	 -1.850867
0.515153 	 -1.864603
0.519086 	 -1.875009
0.523018 	 -1.882171
0.526951 	 -1.886182
0.530883 	 -1.887135
0.534816 	 -1.885126
0.538748 	 -1.880255
0.542681 	 -1.872626
0.546613 	 -1.862341
0.550546 	 -1.849506
0.554478 	 -1.834231
0.558411 	 -1.816622
0.562343 	 -1.796792
0.566276 	 -1.774849
0.570208 	 -1.750906
0.574141 	 -1.725075
0.578073 	 -1.697467
0.582005 	 -1.668195
0.585938 	 -1.637368
0.589870 	 -1.605098
0.593803 	 -1.571495
0.597735 	 -1.536667
0.601668 	 -1.500721
0.605600 	 -1.463765
0.609533 	 -1.425901
0.613465 	 -1.387233
0.617398 	 -1.347861
0.621330 	 -1.307883
0.625263 	 -1.267395
0.629195 	 -1.226492
0.633128 	 -1.185264
0.637060 	 -1.143799
0.640993 	 -1.102183
0.644925 	 -1.060499
0.648857 	 -1.018827
0.652790 	 -0.977241
0.656722 	 -0.935818
0.660655 	 -0.894625
0.664587 	 -0.853731
0.668520 	 -0.813198
0.672452 	 -0.773088
0.676385 	 -0.733456
0.680317 	 -0.694357
0.684250 	 -0.655840
0.688182 	 -0.617952
0.692115 	 -0.580736
0.696047 	 -0.544232
0.699980 	 -0.508477
0.703912 	 -0.473504
0.707845 	 -0.439343
0.711777 	 -0.406020
0.715709 	 -0.373559
0.719642 	 -0.341981
0.723574 	 -0.311303
0.727507 	 -0.281540
0.731439 	 -0.252704
0.735372 	 -0.224802
0.739304 	 -0.197842
0.743237 	 -0.171826
0.747169 	 -0.146757
0.751102 	 -0.122632
0.755034 	 -0.099448
0.758967 	 -0.077200
0.762899 	 -0.055879
0.766832 	 -0.035475
0.770764 	 -0.015976
0.774696 	 0.002630
0.778629 	 0.020359
0.782561 	 0.037227
0.786494 	 0.053253
0.790426 	 0.068455
0.794359 	 0.082855
0.798291 	 0.096473
0.802224 	 0.109332
0.806156 	 0.121455
0.810089 	 0.132866
0.814021 	 0.143589
0.817954 	 0.153649
0.821886 	 0.163072
0.825819 	 0.171883
0.829751 	 0.180109
0.833684 	 0.187774
0.837616 	 0.194904
0.841548 	 0.201527
0.845481 	 0.207666
0.849413 	 0.213347
0.853346 	 0.218596
0.857278 	 0.223437
0.861211 	 0.227894
0.865143 	 0.231990
0.869076 	 0.235749
0.873008 	 0.239192
0.876941 	 0.242342
0.880873 	 0.245219
0.884806 	 0.247844
0.888738 	 0.250235
0.892671 	 0.252411
0.896603 	 0.254389
0.900536 	 0.256186
0.904468 	 0.257818
0.908400 	 0.259300
0.912333 	 0.260645
0.916265 	 0.261865
0.920198 	 0.262974
0.924130 	 0.263981
0.928063 	 0.264897
0.931995 	 0.265731
0.935928 	 0.266490
0.939860 	 0.267183
0.943793 	 0.267815
0.947725 	 0.268391
0.951658 	 0.268917
0.955590 	 0.269396
0.959523 	 0.269832
0.963455 	 0.270225
0.967387 	 0.270579
0.971320 	 0.270893
0.975252 	 0.271169
0.979185 	 0.271404
0.983117 	 0.271600
0.987050 	 0.271754
0.990982 	 0.271863
0.994915 	 0.271927
0.998847 	 0.271942
1.002780 	 0.271904
1.006712 	 0.271811
1.010645 	 0.271659
1.014577 	 0.271444
1.018510 	 0.271162
1.022442 	 0.270809
1.026375 	 0.270380
1.030307 	 0.269871
1.034239 	 0.269278
1.038172 	 0.268597
1.042104 	 0.267823
1.046037 	 0.266953
1.049969 	 0.265981
1.053902 	 0.264906
1.057834 	 0.263722
1.061767 	 0.262427
1.065699 	 0.261018
1.069632 	 0.259492
1.073564 	 0.257846
1.077497 	 0.256078
1.081429 	 0.254187
1.085362 	 0.252171
1.089294 	 0.250028
1.093227 	 0.247760
1.097159 	 0.245365
1.101091 	 0.242843
1.105024 	 0.240195
1.108956 	 0.237422
1.112889 	 0.234526
1.116821 	 0.231508
1.120754 	 0.228372
1.124686 	 0.225118
1.128619 	 0.221751
1.132551 	 0.218275
1.136484 	 0.214692
1.140416 	 0.211008
1.144349 	 0.207227
1.148281 	 0.203354
1.152214 	 0.199394
1.156146 	 0.195354
1.160078 	 0.191238
1.164011 	 0.187053
1.167943 	 0.182807
1.171876 	 0.178504
1.175808 	 0.174153
1.179741 	 0.169760
1.183673 	 0.165332
1.187606 	 0.160878
1.191538 	 0.156404
1.195471 	 0.151917
1.199403 	 0.147426
1.203336 	 0.142938
1.207268 	 0.138460
1.211201 	 0.134000
1.215133 	 0.129566
1.219066 	 0.125165
1.222998 	 0.120804
1.226930 	 0.116490
1.230863 	 0.112230
1.234795 	 0.108032
1.238728 	 0.103901
1.242660 	 0.099845
1.246593 	 0.095868
1.250525 	 0.091978
1.254458 	 0.088179
1.258390 	 0.084477
1.262323 	 0.080876
1.266255 	 0.077382
1.270188 	 0.073999
1.274120 	 0.070730
1.278053 	 0.067579
1.281985 	 0.064549
1.285918 	 0.061643
1.289850 	 0.058863
1.293782 	 0.056212
1.297715 	 0.053690
1.301647 	 0.051300
1.305580 	 0.049040
1.309512 	 0.046913
1.313445 	 0.044918
1.317377 	 0.043055
1.321310 	 0.041322
1.325242 	 0.039719
1.329175 	 0.038244
1.333107 	 0.036895
1.337040 	 0.035670
1.340972 	 0.034565
1.344905 	 0.033579
1.348837 	 0.032708
1.352769 	 0.031948
1.356702 	 0.031296
1.360634 	 0.030747
1.364567 	 0.030297
1.368499 	 0.029941
1.372432 	 0.029675
1.376364 	 0.029493
1.380297 	 0.029391
1.384229 	 0.029364
1.388162 	 0.029405
1.392094 	 0.029509
1.396027 	 0.029670
1.399959 	 0.029884
1.403892 	 0.030144
1.407824 	 0.030444
1.411757 	 0.030779
1.415689 	 0.031142
1.419621 	 0.031529
1.423554 	 0.031934
1.427486 	 0.032351
1.431419 	 0.032774
1.435351 	 0.033199
1.439284 	 0.033619
1.443216 	 0.034031
1.447149 	 0.034429
1.451081 	 0.034809
1.455014 	 0.035165
1.458946 	 0.035494
1.462879 	 0.035792
1.466811 	 0.036055
1.470744 	 0.036279
1.474676 	 0.036462
1.478609 	 0.036599
1.482541 	 0.036688
1.486473 	 0.036728
1.490406 	 0.036714
1.494338 	 0.036647
1.498271 	 0.036523
1.502203 	 0.036343
1.506136 	 0.036104
1.510068 	 0.035806
1.514001 	 0.035449
1.517933 	 0.035032
1.521866 	 0.034555
1.525798 	 0.034020
1.529731 	 0.033426
1.533663 	 0.032775
1.537596 	 0.032068
1.541528 	 0.031306
1.545460 	 0.030492
1.549393 	 0.029626
1.553325 	 0.028712
1.557258 	 0.027752
1.561190 	 0.026748
1.565123 	 0.025703
1.569055 	 0.024620
1.572988 	 0.023502
1.576920 	 0.022352
1.580853 	 0.021175
1.584785 	 0.019972
1.588718 	 0.018749
1.592650 	 0.017508
1.596583 	 0.016253
1.600515 	 0.014989
1.604448 	 0.013718
1.608380 	 0.012445
1.612312 	 0.011174
1.616245 	 0.009908
1.620177 	 0.008652
1.624110 	 0.007408
1.628042 	 0.006181
1.631975 	 0.004975
1.635907 	 0.003792
1.639840 	 0.002637
1.643772 	 0.001512
1.647705 	 0.000421
1.651637 	 -0.000633
1.655570 	 -0.001647
1.659502 	 -0.002619
1.663435 	 -0.003545
1.667367 	 -0.004424
1.671300 	 -0.005253
1.675232 	 -0.006030
1.679164 	 -0.006754
1.683097 	 -0.007422
1.687029 	 -0.008034
1.690962 	 -0.008588
1.694894 	 -0.009082
1.698827 	 -0.009517
1.702759 	 -0.009892
1.706692 	 -0.010207
1.710624 	 -0.010460
1.714557 	 -0.010653
1.718489 	 -0.010786
1.722422 	 -0.010860
1.726354 	 -0.010874
1.730287 	 -0.010831
1.734219 	 -0.010730
1.738151 	 -0.010575
1.742084 	 -0.010365
1.746016 	 -0.010103
1.749949 	 -0.009792
1.753881 	 -0.009431
1.757814 	 -0.009025
1.761746 	 -0.008576
1.765679 	 -0.008085
1.769611 	 -0.007556
1.773544 	 -0.006991
1.777476 	 -0.006394
1.781409 	 -0.005766
1.785341 	 -0.005112
1.789274 	 -0.004434
1.793206 	 -0.003735
1.797139 	 -0.003018
1.801071 	 -0.002288
1.805003 	 -0.001546
1.808936 	 -0.000796
1.812868 	 -0.000042
1.816801 	 0.000713
1.820733 	 0.001467
1.824666 	 0.002215
1.828598 	 0.002956
1.832531 	 0.003685
1.836463 	 0.004400
1.840396 	 0.005099
1.844328 	 0.005778
1.848261 	 0.006434
1.852193 	 0.007066
1.856126 	 0.007670
1.860058 	 0.008245
1.863991 	 0.008788
1.867923 	 0.009298
1.871855 	 0.009771
1.875788 	 0.010208
1.879720 	 0.010606
1.883653 	 0.010963
1.887585 	 0.011279
1.891518 	 0.011553
1.895450 	 0.011784
1.899383 	 0.011970
1.903315 	 0.012112
1.907248 	 0.012210
1.911180 	 0.012263
1.915113 	 0.012271
1.919045 	 0.012234
1.922978 	 0.012154
1.926910 	 0.012029
1.930842 	 0.011862
1.934775 	 0.011653
1.938707 	 0.011403
1.942640 	 0.011114
1.946572 	 0.010786
1.950505 	 0.010421
1.954437 	 0.010021
1.958370 	 0.009587
1.962302 	 0.009122
1.966235 	 0.008627
1.970167 	 0.008105
1.974100 	 0.007557
1.978032 	 0.006986
1.981965 	 0.006395
1.985897 	 0.005785
1.989830 	 0.005159
1.993762 	 0.004519
1.997694 	 0.003869
2.001627 	 0.003210
2.005559 	 0.002545
2.009492 	 0.001877
2.013424 	 0.001208
2.017357 	 0.000541
2.021289 	 -0.000122
2.025222 	 -0.000778
2.029154 	 -0.001425
2.033087 	 -0.002060
2.037019 	 -0.002682
2.040952 	 -0.003287
2.044884 	 -0.003874
2.048817 	 -0.004440
2.052749 	 -0.004984
2.056682 	 -0.005503
2.060614 	 -0.005997
2.064546 	 -0.006463
2.068479 	 -0.006899
2.072411 	 -0.007304
2.076344 	 -0.007678
2.080276 	 -0.008018
2.084209 	 -0.008324
2.088141 	 -0.008595
2.092074 	 -0.008829
2.096006 	 -0.009028
2.099939 	 -0.009189
2.103871 	 -0.009313
2.107804 	 -0.009399
2.111736 	 -0.009448
2.115669 	 -0.009459
2.119601 	 -0.009433
2.123534 	 -0.009371
2.127466 	 -0.009272
2.131398 	 -0.009137
2.135331 	 -0.008968
2.139263 	 -0.008764
2.143196 	 -0.008528
2.147128 	 -0.008260
2.151061 	 -0.007962
2.154993 	 -0.007635
2.158926 	 -0.007280
2.162858 	 -0.006900
2.166791 	 -0.006495
2.170723 	 -0.006067
2.174656 	 -0.005619
2.178588 	 -0.005152
2.182521 	 -0.004668
2.186453 	 -0.004169
2.190385 	 -0.003658
2.194318 	 -0.003135
2.198250 	 -0.002604
2.202183 	 -0.002066
2.206115 	 -0.001524
2.210048 	 -0.000980
2.213980 	 -0.000435
2.217913 	 0.000107
2.221845 	 0.000646
2.225778 	 0.001179
2.229710 	 0.001703
2.233643 	 0.002218
2.237575 	 0.002720
2.241508 	 0.003209
2.245440 	 0.003682
2.249373 	 0.004138
2.253305 	 0.004575
2.257237 	 0.004991
2.261170 	 0.005385
2.265102 	 0.005756
2.269035 	 0.006102
2.272967 	 0.006423
2.276900 	 0.006716
2.280832 	 0.006982
2.284765 	 0.007220
2.288697 	 0.007427
2.292630 	 0.007605
2.296562 	 0.007753
2.300495 	 0.007869
2.304427 	 0.007955
2.308360 	 0.008009
2.312292 	 0.008032
2.316225 	 0.008024
2.320157 	 0.007986
2.324089 	 0.007917
2.328022 	 0.007817
2.331954 	 0.007689
2.335887 	 0.007531
2.339819 	 0.007346
2.343752 	 0.007134
2.347684 	 0.006896
2.351617 	 0.006632
2.355549 	 0.006345
2.359482 	 0.006036
2.363414 	 0.005705
2.367347 	 0.005354
2.371279 	 0.004985
2.375212 	 0.004600
2.379144 	 0.004199
2.383076 	 0.003785
2.387009 	 0.003358
2.390941 	 0.002922
2.394874 	 0.002477
2.398806 	 0.002026
2.402739 	 0.001570
2.406671 	 0.001111
2.410604 	 0.000650
2.414536 	 0.000190
2.418469 	 -0.000268
2.422401 	 -0.000722
2.426334 	 -0.001170
2.430266 	 -0.001611
2.434199 	 -0.002042
2.438131 	 -0.002463
2.442064 	 -0.002872
2.445996 	 -0.003267
2.449928 	 -0.003647
2.453861 	 -0.004011
2.457793 	 -0.004357
2.461726 	 -0.004684
2.465658 	 -0.004990
2.469591 	 -0.005276
2.473523 	 -0.005539
2.477456 	 -0.005780
2.481388 	 -0.005996
2.485321 	 -0.006189
2.489253 	 -0.006356
2.493186 	 -0.006497
2.497118 	 -0.006613
2.501051 	 -0.006703
2.504983 	 -0.006766
2.508916 	 -0.006803
2.512848 	 -0.006813
2.516780 	 -0.006797
2.520713 	 -0.006755
2.524645 	 -0.006687
2.528578 	 -0.006594
2.532510 	 -0.006476
2.536443 	 -0.006334
2.540375 	 -0.006168
2.544308 	 -0.005980
2.548240 	 -0.005770
2.552173 	 -0.005539
2.556105 	 -0.005288
2.560038 	 -0.005018
2.563970 	 -0.004730
2.567903 	 -0.004426
2.571835 	 -0.004107
2.575767 	 -0.003774
2.579700 	 -0.003428
2.583632 	 -0.003072
2.587565 	 -0.002705
2.591497 	 -0.002331
2.595430 	 -0.001949
2.599362 	 -0.001563
2.603295 	 -0.001173
2.607227 	 -0.000780
2.611160 	 -0.000387
2.615092 	 0.000005
2.619025 	 0.000395
2.622957 	 0.000781
2.626890 	 0.001162
2.630822 	 0.001536
2.634755 	 0.001902
2.638687 	 0.002258
2.642619 	 0.002604
2.646552 	 0.002937
2.650484 	 0.003258
2.654417 	 0.003564
2.658349 	 0.003854
2.662282 	 0.004128
2.666214 	 0.004385
2.670147 	 0.004623
2.674079 	 0.004842
2.678012 	 0.005041
2.681944 	 0.005220
2.685877 	 0.005377
2.689809 	 0.005513
2.693742 	 0.005627
2.697674 	 0.005719
2.701607 	 0.005788
2.705539 	 0.005834
2.709471 	 0.005858
2.713404 	 0.005859
2.717336 	 0.005838
2.721269 	 0.005795
2.725201 	 0.005729
2.729134 	 0.005642
2.733066 	 0.005533
2.736999 	 0.005404
2.740931 	 0.005255
2.744864 	 0.005087
2.748796 	 0.004900
2.752729 	 0.004695
2.756661 	 0.004473
2.760594 	 0.004235
2.764526 	 0.003983
2.768458 	 0.003717
2.772391 	 0.003437
2.776323 	 0.003147
2.780256 	 0.002845
2.784188 	 0.002535
2.788121 	 0.002216
2.792053 	 0.001891
2.795986 	 0.001560
2.799918 	 0.001226
2.803851 	 0.000888
2.807783 	 0.000549
2.811716 	 0.000209
2.815648 	 -0.000129
2.819581 	 -0.000465
2.823513 	 -0.000797
2.827446 	 -0.001125
2.831378 	 -0.001446
2.835310 	 -0.001760
2.839243 	 -0.002066
2.843175 	 -0.002362
2.847108 	 -0.002647
2.851040 	 -0.002920
2.854973 	 -0.003181
2.858905 	 -0.003428
2.862838 	 -0.003661
2.866770 	 -0.003878
2.870703 	 -0.004080
2.874635 	 -0.004264
2.878568 	 -0.004431
2.882500 	 -0.004581
2.886433 	 -0.004711
2.890365 	 -0.004824
2.894298 	 -0.004916
2.898230 	 -0.004990
2.902162 	 -0.005044
2.906095 	 -0.005079
2.910027 	 -0.005093
2.913960 	 -0.005088
2.917892 	 -0.005064
2.921825 	 -0.005020
2.925757 	 -0.004958
2.929690 	 -0.004876
2.933622 	 -0.004776
2.937555 	 -0.004659
2.941487 	 -0.004524
2.945420 	 -0.004373
2.949352 	 -0.004206
2.953285 	 -0.004023
2.957217 	 -0.003826
2.961149 	 -0.003615
2.965082 	 -0.003392
2.969014 	 -0.003156
2.972947 	 -0.002910
2.976879 	 -0.002654
2.980812 	 -0.002389
2.984744 	 -0.002117
2.988677 	 -0.001837
2.992609 	 -0.001552
2.996542 	 -0.001263
3.000474 	 -0.000970
3.004407 	 -0.000675
3.008339 	 -0.000379
3.012272 	 -0.000083
3.016204 	 0.000212
3.020137 	 0.000504
3.024069 	 0.000793
3.028001 	 0.001077
3.031934 	 0.001356
3.035866 	 0.001628
3.039799 	 0.001893
3.043731 	 0.002149
3.047664 	 0.002395
3.051596 	 0.002631
3.055529 	 0.002856
3.059461 	 0.003068
3.063394 	 0.003268
3.067326 	 0.003454
3.071259 	 0.003626
3.075191 	 0.003783
3.079124 	 0.003925
3.083056 	 0.004051
3.086989 	 0.004161
3.090921 	 0.004255
3.094853 	 0.004331
3.098786 	 0.004391
3.102718 	 0.004434
3.106651 	 0.004459
3.110583 	 0.004467
3.114516 	 0.004458
3.118448 	 0.004432
3.122381 	 0.004389
3.126313 	 0.004329
3.130246 	 0.004253
3.134178 	 0.004162
3.138111 	 0.004054
3.142043 	 0.003932
3.145976 	 0.003795
3.149908 	 0.003645
3.153840 	 0.003481
3.157773 	 0.003305
3.161705 	 0.003116
3.165638 	 0.002917
3.169570 	 0.002708
3.173503 	 0.002489
3.177435 	 0.002262
3.181368 	 0.002027
3.185300 	 0.001786
3.189233 	 0.001539
3.193165 	 0.001287
3.197098 	 0.001032
3.201030 	 0.000774
3.204963 	 0.000514
3.208895 	 0.000253
3.212828 	 -0.000007
3.216760 	 -0.000266
3.220692 	 -0.000522
3.224625 	 -0.000776
3.228557 	 -0.001025
3.232490 	 -0.001269
3.236422 	 -0.001507
3.240355 	 -0.001738
3.244287 	 -0.001962
3.248220 	 -0.002176
3.252152 	 -0.002382
3.256085 	 -0.002577
3.260017 	 -0.002762
3.263950 	 -0.002935
3.267882 	 -0.003096
3.271815 	 -0.003244
3.275747 	 -0.003379
3.279680 	 -0.003501
3.283612 	 -0.003608
3.287544 	 -0.003701
3.291477 	 -0.003780
3.295409 	 -0.003844
3.299342 	 -0.003893
3.303274 	 -0.003926
3.307207 	 -0.003945
3.311139 	 -0.003948
3.315072 	 -0.003936
3.319004 	 -0.003909
3.322937 	 -0.003867
3.326869 	 -0.003811
3.330802 	 -0.003740
3.334734 	 -0.003656
3.338667 	 -0.003557
3.342599 	 -0.003446
3.346531 	 -0.003322
3.350464 	 -0.003186
3.354396 	 -0.003038
3.358329 	 -0.002879
3.362261 	 -0.002710
3.366194 	 -0.002531
3.370126 	 -0.002344
3.374059 	 -0.002148
3.377991 	 -0.001945
3.381924 	 -0.001736
3.385856 	 -0.001520
3.389789 	 -0.001301
3.393721 	 -0.001077
3.397654 	 -0.000850
3.401586 	 -0.000620
3.405519 	 -0.000390
3.409451 	 -0.000159
3.413383 	 0.000072
3.417316 	 0.000301
3.421248 	 0.000528
3.425181 	 0.000752
3.429113 	 0.000972
3.433046 	 0.001187
3.436978 	 0.001397
3.440911 	 0.001601
3.444843 	 0.001797
3.448776 	 0.001986
3.452708 	 0.002166
3.456641 	 0.002337
3.460573 	 0.002498
3.464506 	 0.002650
3.468438 	 0.002790
3.472371 	 0.002919
3.476303 	 0.003036
3.480235 	 0.003141
3.484168 	 0.003234
3.488100 	 0.003314
3.492033 	 0.003380
3.495965 	 0.003434
3.499898 	 0.003474
3.503830 	 0.003501
3.507763 	 0.003514
3.511695 	 0.003513
3.515628 	 0.003499
3.519560 	 0.003472
3.523493 	 0.003432
3.527425 	 0.003379
3.531358 	 0.003313
3.535290 	 0.003234
3.539223 	 0.003144
3.543155 	 0.003042
3.547087 	 0.002929
3.551020 	 0.002805
3.554952 	 0.002671
3.558885 	 0.002527
3.562817 	 0.002374
3.566750 	 0.002213
3.570682 	 0.002044
3.574615 	 0.001868
3.578547 	 0.001686
3.582480 	 0.001498
3.586412 	 0.001305
3.590345 	 0.001108
3.594277 	 0.000907
3.598210 	 0.000704
3.602142 	 0.000499
3.606074 	 0.000293
3.610007 	 0.000087
3.613939 	 -0.000119
3.617872 	 -0.000323
3.621804 	 -0.000525
3.625737 	 -0.000724
3.629669 	 -0.000920
3.633602 	 -0.001111
3.637534 	 -0.001298
3.641467 	 -0.001478
3.645399 	 -0.001652
3.649332 	 -0.001819
3.653264 	 -0.001978
3.657197 	 -0.002129
3.661129 	 -0.002271
3.665062 	 -0.002404
3.668994 	 -0.002527
3.672926 	 -0.002640
3.676859 	 -0.002743
3.680791 	 -0.002834
3.684724 	 -0.002915
3.688656 	 -0.002983
3.692589 	 -0.003040
3.696521 	 -0.003085
3.700454 	 -0.003119
3.704386 	 -0.003140
3.708319 	 -0.003149
3.712251 	 -0.003146
3.716184 	 -0.003131
3.720116 	 -0.003104
3.724049 	 -0.003065
3.727981 	 -0.003015
3.731914 	 -0.002953
3.735846 	 -0.002880
3.739778 	 -0.002797
3.743711 	 -0.002703
3.747643 	 -0.002599
3.751576 	 -0.002486
3.755508 	 -0.002364
3.759441 	 -0.002233
3.763373 	 -0.002094
3.767306 	 -0.001948
3.771238 	 -0.001795
3.775171 	 -0.001636
3.779103 	 -0.001471
3.783036 	 -0.001301
3.786968 	 -0.001127
3.790901 	 -0.000949
3.794833 	 -0.000769
3.798765 	 -0.000586
3.802698 	 -0.000402
3.806630 	 -0.000217
3.810563 	 -0.000032
3.814495 	 0.000153
3.818428 	 0.000336
3.822360 	 0.000517
3.826293 	 0.000695
3.830225 	 0.000870
3.834158 	 0.001041
3.838090 	 0.001208
3.842023 	 0.001369
3.845955 	 0.001524
3.849888 	 0.001672
3.853820 	 0.001814
3.857753 	 0.001948
3.861685 	 0.002074
3.865617 	 0.002192
3.869550 	 0.002301
3.873482 	 0.002400
3.877415 	 0.002490
3.881347 	 0.002570
3.885280 	 0.002640
3.889212 	 0.002700
3.893145 	 0.002749
3.897077 	 0.002787
3.901010 	 0.002815
3.904942 	 0.002832
3.908875 	 0.002837
3.912807 	 0.002832
3.916740 	 0.002816
3.920672 	 0.002790
3.924605 	 0.002752
3.928537 	 0.002705
3.932469 	 0.002647
3.936402 	 0.002580
3.940334 	 0.002502
3.944267 	 0.002416
3.948199 	 0.002321
3.952132 	 0.002217
3.956064 	 0.002105
3.959997 	 0.001985
3.963929 	 0.001859
3.967862 	 0.001726
3.971794 	 0.001586
3.975727 	 0.001441
3.979659 	 0.001292
3.983592 	 0.001138
3.987524 	 0.000980
3.991456 	 0.000819
3.995389 	 0.000655
3.999321 	 0.000490
4.003254 	 0.000323
4.007186 	 0.000156
4.011119 	 -0.000011
4.015051 	 -0.000177
4.018984 	 -0.000342
4.022916 	 -0.000505
