0 -0.384
0.0251327 -0.383891
0.0502655 -0.383565
0.0753982 -0.383022
0.100531 -0.382263
0.125664 -0.381289
0.150796 -0.380102
0.175929 -0.378704
0.201062 -0.377098
0.226195 -0.375285
0.251327 -0.37327
0.27646 -0.371055
0.301593 -0.368644
0.326726 -0.366041
0.351858 -0.363251
0.376991 -0.360277
0.402124 -0.357126
0.427257 -0.353801
0.452389 -0.350309
0.477522 -0.346655
0.502655 -0.342844
0.527788 -0.338883
0.55292 -0.334778
0.578053 -0.330536
0.603186 -0.326162
0.628319 -0.321664
0.653451 -0.317048
0.678584 -0.312321
0.703717 -0.30749
0.728849 -0.302563
0.753982 -0.297545
0.779115 -0.292445
0.804248 -0.28727
0.82938 -0.282026
0.854513 -0.276721
0.879646 -0.271362
0.904779 -0.265956
0.929911 -0.260511
0.955044 -0.255032
0.980177 -0.249526
1.00531 -0.244001
1.03044 -0.238464
1.05558 -0.232918
1.08071 -0.227375
1.10584 -0.221838
1.13097 -0.216313
1.15611 -0.210803
1.18124 -0.20532
1.20637 -0.199866
1.2315 -0.194447
1.25664 -0.189066
1.28177 -0.183731
1.3069 -0.178445
1.33204 -0.173212
1.35717 -0.168039
1.3823 -0.162927
1.40743 -0.157882
1.43257 -0.152904
1.4577 -0.148002
1.48283 -0.143175
1.50796 -0.138427
1.5331 -0.133759
1.55823 -0.129177
1.58336 -0.124681
1.6085 -0.120272
1.63363 -0.115955
1.65876 -0.111729
1.68389 -0.107596
1.70903 -0.103556
1.73416 -0.0996125
1.75929 -0.095765
1.78442 -0.0920139
1.80956 -0.0883582
1.83469 -0.0848011
1.85982 -0.081341
1.88496 -0.0779766
1.91009 -0.0747102
1.93522 -0.0715402
1.96035 -0.0684658
1.98549 -0.0654852
2.01062 -0.0626
2.03575 -0.0598081
2.06088 -0.0571083
2.08602 -0.0544984
2.11115 -0.0519793
2.13628 -0.0495486
2.16142 -0.0472038
2.18655 -0.0449454
2.21168 -0.0427708
2.23681 -0.0406784
2.26195 -0.0386656
2.28708 -0.0367323
2.31221 -0.0348759
2.33734 -0.0330946
2.36248 -0.0313858
2.38761 -0.029749
2.41274 -0.0281816
2.43788 -0.026681
2.46301 -0.0252466
2.48814 -0.0238758
2.51327 -0.0225666
2.53841 -0.0213166
2.56354 -0.020125
2.58867 -0.0189891
2.61381 -0.0179068
2.63894 -0.016877
2.66407 -0.0158975
2.6892 -0.0149662
2.71434 -0.0140813
2.73947 -0.0132414
2.7646 -0.0124446
2.78973 -0.0116891
2.81487 -0.010973
2.84 -0.0102952
2.86513 -0.00965377
2.89027 -0.00904694
2.9154 -0.00847368
2.94053 -0.00793224
2.96566 -0.00742119
2.9908 -0.00693895
3.01593 -0.00648454
3.04106 -0.00605645
3.06619 -0.00565342
3.09133 -0.00527408
3.11646 -0.00491753
3.14159 -0.00458249
3.16673 -0.00426774
3.19186 -0.00397247
3.21699 -0.00369553
3.24212 -0.00343595
3.26726 -0.0031927
3.29239 -0.00296508
3.31752 -0.00275212
3.34265 -0.00255301
3.36779 -0.0023669
3.39292 -0.00219317
3.41805 -0.00203105
3.44319 -0.00187978
3.46832 -0.00173885
3.49345 -0.00160757
3.51858 -0.00148537
3.54372 -0.00137163
3.56885 -0.00126592
3.59398 -0.0011677
3.61911 -0.00107649
3.64425 -0.000991804
3.66938 -0.000913296
3.69451 -0.000840526
3.71965 -0.00077309
3.74478 -0.000710685
3.76991 -0.000652947
3.79504 -0.00059956
3.82018 -0.000550208
3.84531 -0.000504649
3.87044 -0.0004626
3.89557 -0.000423815
3.92071 -0.000388048
3.94584 -0.00035511
3.97097 -0.000324784
3.99611 -0.000296869
4.02124 -0.000271209
4.04637 -0.000247627
4.0715 -0.000225967
4.09664 -0.000206078
4.12177 -0.000187839
4.1469 -0.000171118
4.17204 -0.000155791
4.19717 -0.000141761
4.2223 -0.000128922
4.24743 -0.00011718
4.27257 -0.000106442
4.2977 -9.66375e-05
4.32283 -8.76862e-05
4.34796 -7.9519e-05
4.3731 -7.20688e-05
4.39823 -6.52822e-05
4.42336 -5.91012e-05
4.4485 -5.34729e-05
4.47363 -4.83552e-05
4.49876 -4.37024e-05
4.52389 -3.9475e-05
4.54903 -3.56349e-05
4.57416 -3.21514e-05
4.59929 -2.8992e-05
4.62442 -2.61282e-05
4.64956 -2.3533e-05
4.67469 -2.11844e-05
4.69982 -1.90595e-05
4.72496 -1.71372e-05
4.75009 -1.54007e-05
4.77522 -1.38324e-05
4.80035 -1.24167e-05
4.82549 -1.11391e-05
4.85062 -9.98771e-06
4.87575 -8.95028e-06
4.90088 -8.01606e-06
4.92602 -7.17497e-06
4.95115 -6.41878e-06
4.97628 -5.73903e-06
5.00142 -5.12813e-06
5.02655 -4.57986e-06
5.05168 -4.0879e-06
5.07681 -3.64671e-06
5.10195 -3.25115e-06
5.12708 -2.89698e-06
5.15221 -2.57994e-06
5.17734 -2.29628e-06
5.20248 -2.04257e-06
5.22761 -1.81594e-06
5.25274 -1.61354e-06
5.27788 -1.43282e-06
5.30301 -1.27168e-06
5.32814 -1.12802e-06
5.35327 -1.00002e-06
5.37841 -8.86007e-07
5.40354 -7.84583e-07
5.42867 -6.94375e-07
5.4538 -6.14191e-07
5.47894 -5.42931e-07
5.50407 -4.79691e-07
5.5292 -4.23577e-07
5.55434 -3.73797e-07
5.57947 -3.29696e-07
5.6046 -2.90634e-07
5.62973 -2.56055e-07
5.65487 -2.2545e-07
5.68 -1.98401e-07
5.70513 -1.74499e-07
5.73027 -1.53381e-07
5.7554 -1.34749e-07
5.78053 -1.18314e-07
5.80566 -1.03824e-07
5.8308 -9.10529e-08
5.85593 -7.98113e-08
5.88106 -6.9918e-08
5.90619 -6.12164e-08
5.93133 -5.35645e-08
5.95646 -4.6845e-08
5.98159 -4.09452e-08
6.00673 -3.57663e-08
6.03186 -3.12264e-08
6.05699 -2.72473e-08
6.08212 -2.37618e-08
6.10726 -2.07093e-08
6.13239 -1.80396e-08
6.15752 -1.57053e-08
6.18265 -1.36652e-08
6.20779 -1.18827e-08
6.23292 -1.03275e-08
6.25805 -8.97073e-09
6.28319 -7.78735e-09
6.30832 -6.75662e-09
6.33345 -5.859e-09
6.35858 -5.07775e-09
6.38372 -4.39793e-09
6.40885 -3.80719e-09
6.43398 -3.29392e-09
6.45911 -2.84824e-09
6.48425 -2.46132e-09
6.50938 -2.12589e-09
6.53451 -1.83512e-09
6.55965 -1.58314e-09
6.58478 -1.36506e-09
6.60991 -1.17635e-09
6.63504 -1.01316e-09
6.66018 -8.72058e-10
6.68531 -7.50228e-10
6.71044 -6.45053e-10
6.73557 -5.54308e-10
6.76071 -4.7603e-10
6.78584 -4.08599e-10
6.81097 -3.50522e-10
6.83611 -3.0051e-10
6.86124 -2.57504e-10
6.88637 -2.20528e-10
6.9115 -1.88754e-10
6.93664 -1.61457e-10
6.96177 -1.38037e-10
6.9869 -1.17948e-10
7.01203 -1.00725e-10
7.03717 -8.59633e-11
7.0623 -7.33278e-11
7.08743 -6.25141e-11
7.11257 -5.32616e-11
7.1377 -4.53557e-11
7.16283 -3.86014e-11
7.18796 -3.28343e-11
7.2131 -2.79112e-11
7.23823 -2.37144e-11
7.26336 -2.01371e-11
7.28849 -1.70899e-11
7.31363 -1.44945e-11
7.33876 -1.22872e-11
7.36389 -1.04101e-11
7.38903 -8.81417e-12
7.41416 -7.45918e-12
7.43929 -6.30892e-12
7.46442 -5.33301e-12
7.48956 -4.50521e-12
7.51469 -3.80399e-12
7.53982 -3.2101e-12
7.56496 -2.70721e-12
7.59009 -2.28196e-12
7.61522 -1.92242e-12
7.64035 -1.61862e-12
7.66549 -1.36195e-12
7.69062 -1.14542e-12
7.71575 -9.62765e-13
7.74088 -8.08779e-13
7.76602 -6.7899e-13
7.79115 -5.69746e-13
7.81628 -4.77807e-13
7.84142 -4.00449e-13
7.86655 -3.35449e-13
7.89168 -2.8084e-13
7.91681 -2.34988e-13
7.94195 -1.96497e-13
7.96708 -1.64229e-13
7.99221 -1.37182e-13
8.01734 -1.14525e-13
8.04248 -9.55489e-14
8.06761 -7.96775e-14
8.09274 -6.64048e-14
8.11788 -5.53077e-14
8.14301 -4.60423e-14
8.16814 -3.83073e-14
8.19327 -3.18538e-14
8.21841 -2.64705e-14
8.24354 -2.19861e-14
8.26867 -1.82511e-14
8.2938 -1.5142e-14
8.31894 -1.25545e-14
8.34407 -1.04041e-14
8.3692 -8.61706e-15
8.39434 -7.13241e-15
8.41947 -5.90065e-15
8.4446 -4.87886e-15
8.46973 -4.03171e-15
8.49487 -3.32952e-15
8.52 -2.74828e-15
8.54513 -2.26722e-15
8.57026 -1.86931e-15
8.5954 -1.54024e-15
8.62053 -1.26848e-15
8.64566 -1.04408e-15
8.6708 -8.58817e-16
8.69593 -7.06085e-16
8.72106 -5.80185e-16
8.74619 -4.76465e-16
8.77133 -3.91034e-16
8.79646 -3.20764e-16
8.82159 -2.62973e-16
8.84672 -2.15472e-16
8.87186 -1.76437e-16
8.89699 -1.44403e-16
8.92212 -1.18118e-16
8.94726 -9.65556e-17
8.97239 -7.88908e-17
8.99752 -6.44212e-17
9.02265 -5.25757e-17
9.04779 -4.28805e-17
9.07292 -3.49562e-17
9.09805 -2.84801e-17
9.12319 -2.31888e-17
9.14832 -1.88714e-17
9.17345 -1.53491e-17
9.19858 -1.24772e-17
9.22372 -1.0136e-17
9.24885 -8.23017e-18
9.27398 -6.67888e-18
9.29911 -5.41692e-18
9.32425 -4.39055e-18
9.34938 -3.55693e-18
9.37451 -2.87995e-18
9.39965 -2.33031e-18
9.42478 -1.88465e-18
9.44991 -1.52336e-18
9.47504 -1.23063e-18
9.50018 -9.93507e-19
9.52531 -8.01686e-19
9.55044 -6.46534e-19
9.57557 -5.21114e-19
9.60071 -4.1975e-19
9.62584 -3.3794e-19
9.65097 -2.7192e-19
9.67611 -2.18656e-19
9.70124 -1.7574e-19
9.72637 -1.41168e-19
9.7515 -1.13332e-19
9.77664 -9.09258e-20
9.80177 -7.29143e-20
9.8269 -5.84376e-20
9.85203 -4.68086e-20
9.87717 -3.74692e-20
9.9023 -2.99789e-20
9.92743 -2.39724e-20
9.95257 -1.91567e-20
9.9777 -1.53011e-20
10.0028 -1.22179e-20
10.028 -9.7417e-21
10.0531 -7.76991e-21
10.0782 -6.19373e-21
10.1034 -4.93002e-21
10.1285 -3.92548e-21
10.1536 -3.12386e-21
10.1788 -2.48226e-21
10.2039 -1.97312e-21
10.229 -1.56753e-21
10.2542 -1.24346e-21
10.2793 -9.86731e-22
10.3044 -7.82568e-22
10.3296 -6.19723e-22
10.3547 -4.9094e-22
10.3798 -3.887e-22
10.405 -3.0729e-22
10.4301 -2.4302e-22
10.4552 -1.92084e-22
10.4804 -1.51595e-22
10.5055 -1.19685e-22
10.5306 -9.4439e-23
10.5558 -7.44055e-23
10.5809 -5.8644e-23
10.606 -4.61951e-23
10.6311 -3.63683e-23
10.6563 -2.85884e-23
10.6814 -2.24815e-23
10.7065 -1.76691e-23
10.7317 -1.38657e-23
10.7568 -1.08853e-23
10.7819 -8.54066e-24
10.8071 -6.69078e-24
10.8322 -5.24369e-24
10.8573 -4.10726e-24
10.8825 -3.21216e-24
10.9076 -2.51316e-24
10.9327 -1.96515e-24
10.9579 -1.53427e-24
10.983 -1.19836e-24
11.0081 -9.35461e-25
11.0333 -7.29104e-25
11.0584 -5.68509e-25
11.0835 -4.43036e-25
11.1087 -3.44717e-25
11.1338 -2.68332e-25
11.1589 -2.08755e-25
11.1841 -1.62151e-25
11.2092 -1.26006e-25
11.2343 -9.78631e-26
11.2595 -7.58859e-26
11.2846 -5.88703e-26
11.3097 -4.56442e-26
11.3349 -3.53335e-26
11.36 -2.73643e-26
11.3851 -2.11805e-26
11.4103 -1.63681e-26
11.4354 -1.26549e-26
11.4605 -9.77847e-27
11.4857 -7.54383e-27
11.5108 -5.82256e-27
11.5359 -4.49149e-27
11.5611 -3.45916e-27
11.5862 -2.66536e-27
11.6113 -2.05255e-27
11.6365 -1.5781e-27
11.6616 -1.21389e-27
11.6867 -9.33216e-28
11.7119 -7.16278e-28
11.737 -5.50036e-28
11.7621 -4.22138e-28
11.7873 -3.23455e-28
11.8124 -2.47962e-28
11.8375 -1.89982e-28
11.8627 -1.45321e-28
11.8878 -1.11215e-28
11.9129 -8.50653e-29
11.9381 -6.49576e-29
11.9632 -4.9628e-29
11.9883 -3.78946e-29
12.0135 -2.88878e-29
12.0386 -2.2033e-29
12.0637 -1.67953e-29
12.0888 -1.27954e-29
12.114 -9.73208e-30
12.1391 -7.40596e-30
12.1642 -5.63264e-30
12.1894 -4.27683e-30
12.2145 -3.24908e-30
12.2396 -2.46691e-30
12.2648 -1.86992e-30
12.2899 -1.41815e-30
12.315 -1.07492e-30
12.3402 -8.13405e-31
12.3653 -6.15843e-31
12.3904 -4.66002e-31
12.4156 -3.52027e-31
12.4407 -2.66073e-31
12.4658 -2.00993e-31
12.491 -1.51575e-31
12.5161 -1.14371e-31
12.5412 -8.625e-32
12.5664 -6.49332e-32
12.5915 -4.89122e-32
12.6166 -3.68232e-32
12.6418 -2.76751e-32
12.6669 -2.08114e-32
12.692 -1.56411e-32
12.7172 -1.17353e-32
12.7423 -8.80988e-33
12.7674 -6.60997e-33
12.7926 -4.95091e-33
12.8177 -3.71042e-33
12.8428 -2.77917e-33
12.868 -2.07807e-33
12.8931 -1.55475e-33
12.9182 -1.16256e-33
12.9434 -8.678e-34
12.9685 -6.4816e-34
12.9936 -4.83837e-34
13.0188 -3.60548e-34
13.0439 -2.68836e-34
13.069 -2.0034e-34
13.0942 -1.49036e-34
13.1193 -1.10938e-34
13.1444 -8.25316e-35
13.1696 -6.12919e-35
13.1947 -4.55463e-35
13.2198 -3.38265e-35
13.245 -2.50784e-35
13.2701 -1.86043e-35
13.2952 -1.37936e-35
13.3204 -1.02089e-35
13.3455 -7.56059e-36
13.3706 -5.59609e-36
13.3958 -4.13472e-36
13.4209 -3.05691e-36
13.446 -2.25878e-36
13.4711 -1.6681e-36
13.4963 -1.22969e-36
13.5214 -9.07088e-37
13.5465 -6.68741e-37
13.5717 -4.92143e-37
13.5968 -3.62417e-37
13.6219 -2.66734e-37
13.6471 -1.95962e-37
13.6722 -1.44063e-37
13.6973 -1.05848e-37
13.7225 -7.76314e-38
13.7476 -5.69743e-38
13.7727 -4.17902e-38
13.7979 -3.05976e-38
13.823 -2.24177e-38
13.8481 -1.64153e-38
13.8733 -1.19983e-38
13.8984 -8.7758e-39
13.9235 -6.41515e-39
13.9487 -4.681e-39
13.9738 -3.41796e-39
13.9989 -2.49431e-39
14.0241 -1.81694e-39
14.0492 -1.32444e-39
14.0743 -9.64888e-40
14.0995 -7.01661e-40
14.1246 -5.106e-40
14.1497 -3.71354e-40
14.1749 -2.69587e-40
14.2 -1.95846e-40
14.2251 -1.42195e-40
14.2503 -1.03051e-40
14.2754 -7.47364e-41
14.3005 -5.41707e-41
14.3257 -3.91916e-41
14.3508 -2.83749e-41
14.3759 -2.05319e-41
14.4011 -1.48292e-41
14.4262 -1.07182e-41
14.4513 -7.74244e-42
14.4765 -5.58246e-42
14.5016 -4.02802e-42
14.5267 -2.90477e-42
14.5519 -2.09083e-42
14.577 -1.50607e-42
14.6021 -1.08425e-42
14.6273 -7.79104e-43
14.6524 -5.60255e-43
14.6775 -4.02653e-43
14.7027 -2.8884e-43
14.7278 -2.07353e-43
14.7529 -1.4877e-43
14.7781 -1.06538e-43
14.8032 -7.63515e-44
14.8283 -5.46874e-44
14.8535 -3.9096e-44
14.8786 -2.79711e-44
14.9037 -2.00006e-44
14.9288 -1.42932e-44
14.954 -1.0195e-44
14.9791 -7.27749e-45
15.0042 -5.19195e-45
15.0294 -3.69699e-45
15.0545 -2.63454e-45
15.0796 -1.87636e-45
15.1048 -1.33381e-45
15.1299 -9.48883e-46
15.155 -6.74662e-46
15.1802 -4.78766e-46
15.2053 -3.4002e-46
15.2304 -2.41347e-46
15.2556 -1.70977e-46
15.2807 -1.21222e-46
15.3058 -8.58974e-47
15.331 -6.07485e-47
15.3561 -4.29974e-47
15.3812 -3.04161e-47
15.4064 -2.14743e-47
15.4315 -1.51736e-47
15.4566 -1.07155e-47
15.4818 -7.55241e-48
15.5069 -5.32742e-48
15.532 -3.7558e-48
15.5572 -2.64263e-48
15.5823 -1.86093e-48
15.6074 -1.30972e-48
15.6326 -9.19968e-49
15.6577 -6.46739e-49
15.6828 -4.54401e-49
15.708 -3.18634e-49
15.7331 -2.2362e-49
15.7582 -1.5685e-49
15.7834 -1.09799e-49
15.8085 -7.69269e-50
15.8336 -5.38659e-50
15.8588 -3.76431e-50
15.8839 -2.63287e-50
15.909 -1.84046e-50
15.9342 -1.28398e-50
15.9593 -8.9653e-51
15.9844 -6.25641e-51
16.0096 -4.35729e-51
16.0347 -3.03728e-51
16.0598 -2.11596e-51
16.085 -1.47115e-51
16.1101 -1.02374e-51
16.1352 -7.1199e-52
16.1604 -4.94179e-52
16.1855 -3.43303e-52
16.2106 -2.38355e-52
16.2358 -1.65156e-52
16.2609 -1.14538e-52
16.286 -7.9389e-53
16.3111 -5.49952e-53
16.3363 -3.80196e-53
16.3614 -2.63075e-53
16.3865 -1.81931e-53
16.4117 -1.25559e-53
16.4368 -8.67329e-54
16.4619 -5.98788e-54
16.4871 -4.12548e-54
16.5122 -2.84493e-54
16.5373 -1.96076e-54
16.5625 -1.3486e-54
16.5876 -9.2842e-55
16.6127 -6.38791e-55
16.6379 -4.38611e-55
16.663 -3.0144e-55
16.6881 -2.07051e-55
16.7133 -1.41925e-55
16.7384 -9.73739e-56
16.7635 -6.67701e-56
16.7887 -4.569e-56
16.8138 -3.12945e-56
16.8389 -2.14225e-56
16.8641 -1.46342e-56
16.8892 -1.00064e-56
16.9143 -6.8382e-57
16.9395 -4.66337e-57
16.9646 -3.18326e-57
16.9897 -2.17169e-57
17.0149 -1.47848e-57
17.04 -1.00751e-57
17.0651 -6.86183e-58
17.0903 -4.66355e-58
17.1154 -3.17259e-58
17.1405 -2.15707e-58
17.1657 -1.46353e-58
17.1908 -9.93942e-59
17.2159 -6.74644e-59
17.2411 -4.56952e-59
17.2662 -3.09808e-59
17.2913 -2.09927e-59
17.3165 -1.41946e-59
17.3416 -9.60745e-60
17.3667 -6.49901e-60
17.3919 -4.38694e-60
17.417 -2.96421e-60
17.4421 -2.00175e-60
17.4673 -1.34891e-60
17.4924 -9.09899e-61
17.5175 -6.13418e-61
17.5427 -4.12658e-61
17.5678 -2.77883e-61
17.5929 -1.8702e-61
17.6181 -1.25598e-61
17.6432 -8.44336e-62
17.6683 -5.67288e-62
17.6934 -3.80931e-62
17.7186 -2.55242e-62
17.7437 -1.712e-62
17.7688 -1.14765e-62
17.794 -7.6767e-63
17.8191 -5.14029e-63
17.8442 -3.43997e-63
17.8694 -2.2971e-63
17.8945 -1.53552e-63
17.9196 -1.02586e-63
17.9448 -6.83867e-64
17.9699 -4.56362e-64
17.995 -3.0437e-64
18.0202 -2.02557e-64
18.0453 -1.34942e-64
18.0704 -8.98465e-65
18.0956 -5.96905e-65
18.1207 -3.9698e-65
18.1458 -2.63867e-65
18.171 -1.75004e-65
18.1961 -1.16191e-65
18.2212 -7.70999e-66
18.2464 -5.10478e-66
18.2715 -3.38349e-66
18.2966 -2.24133e-66
18.3218 -1.48146e-66
18.3469 -9.80255e-67
18.372 -6.48251e-67
18.3972 -4.27746e-67
18.4223 -2.82552e-67
18.4474 -1.86537e-67
18.4726 -1.22876e-67
18.4977 -8.10291e-68
18.5228 -5.34036e-68
18.548 -3.51181e-68
18.5731 -2.3119e-68
18.5982 -1.52111e-68
18.6234 -9.98576e-69
18.6485 -6.56267e-69
18.6736 -4.31057e-69
18.6988 -2.82498e-69
18.7239 -1.85343e-69
18.749 -1.21533e-69
18.7742 -7.95121e-70
18.7993 -5.20784e-70
18.8244 -3.40908e-70
18.8496 -2.22657e-70
18.8747 -1.45587e-70
18.8998 -9.51402e-71
18.925 -6.2033e-71
18.9501 -4.04922e-71
18.9752 -2.64165e-71
19.0004 -1.71947e-71
19.0255 -1.12048e-71
19.0506 -7.29746e-72
19.0758 -4.74186e-72
19.1009 -3.08477e-72
19.126 -2.00564e-72
19.1511 -1.30327e-72
19.1763 -8.4494e-73
19.2014 -5.48425e-73
19.2265 -3.55764e-73
19.2517 -2.30257e-73
19.2768 -1.49199e-73
19.3019 -9.66215e-74
19.3271 -6.24285e-74
19.3522 -4.03831e-74
19.3773 -2.61078e-74
19.4025 -1.68399e-74
19.4276 -1.08747e-74
19.4527 -7.01859e-75
19.4779 -4.51937e-75
19.503 -2.91353e-75
19.5281 -1.87722e-75
19.5533 -1.20671e-75
19.5784 -7.76614e-76
19.6035 -4.99532e-76
19.6287 -3.20561e-76
19.6538 -2.05957e-76
19.6789 -1.3225e-76
19.7041 -8.47233e-77
19.7292 -5.43414e-77
19.7543 -3.48348e-77
19.7795 -2.22782e-77
19.8046 -1.4265e-77
19.8297 -9.12883e-78
19.8549 -5.82829e-78
19.88 -3.72558e-78
19.9051 -2.38013e-78
19.9303 -1.517e-78
19.9554 -9.68059e-79
19.9805 -6.17407e-79
20.0057 -3.92841e-79
20.0308 -2.50262e-79
20.0559 -1.59341e-79
20.0811 -1.01212e-79
20.1062 -6.43681e-80
20.1313 -4.09134e-80
20.1565 -2.59435e-80
20.1816 -1.64715e-80
20.2067 -1.04518e-80
20.2319 -6.61626e-81
20.257 -4.19351e-81
20.2821 -2.65642e-81
20.3073 -1.67872e-81
20.3324 -1.0622e-81
20.3575 -6.71721e-82
20.3827 -4.23771e-82
20.4078 -2.67683e-82
20.4329 -1.68992e-82
20.4581 -1.06431e-82
20.4832 -6.7115e-83
20.5083 -4.22986e-83
20.5334 -2.66433e-83
20.5586 -1.67418e-83
20.5837 -1.05335e-83
20.6088 -6.62361e-84
20.634 -4.15498e-84
20.6591 -2.60976e-84
20.6842 -1.63827e-84
20.7094 -1.02594e-84
20.7345 -6.43301e-85
20.7596 -4.03147e-85
20.7848 -2.52032e-85
20.8099 -1.57766e-85
20.835 -9.87014e-86
20.8602 -6.15993e-86
20.8853 -3.84942e-86
20.9104 -2.40419e-86
20.9356 -1.49789e-86
20.9607 -9.34462e-87
20.9858 -5.82636e-87
21.011 -3.62384e-87
21.0361 -2.2569e-87
21.0612 -1.40479e-87
21.0864 -8.72252e-88
21.1115 -5.42311e-88
21.1366 -3.36984e-88
21.1618 -2.08881e-88
21.1869 -1.29649e-88
21.212 -8.0425e-89
21.2372 -4.97669e-89
21.2623 -3.0837e-89
21.2874 -1.90967e-89
21.3126 -1.17969e-89
21.3377 -7.29727e-90
21.3628 -4.51137e-90
21.388 -2.78213e-90
21.4131 -1.71804e-90
21.4382 -1.06034e-90
21.4634 -6.52787e-91
21.4885 -4.0243e-91
21.5136 -2.47949e-91
21.5388 -1.52388e-91
21.5639 -9.37846e-92
21.589 -5.76855e-92
21.6142 -3.53927e-92
21.6393 -2.17449e-92
21.6644 -1.33523e-92
21.6896 -8.17827e-93
21.7147 -5.01611e-93
21.7398 -3.07487e-93
21.765 -1.88016e-93
21.7901 -1.15123e-93
21.8152 -7.04505e-94
21.8404 -4.30041e-94
21.8655 -2.6287e-94
21.8906 -1.60593e-94
21.9158 -9.78612e-95
21.9409 -5.97178e-95
21.966 -3.64209e-95
21.9911 -2.22e-95
22.0163 -1.34974e-95
22.0414 -8.2179e-96
22.0665 -5.00063e-96
22.0917 -3.03517e-96
22.1168 -1.84482e-96
22.1419 -1.12068e-96
22.1671 -6.79045e-97
22.1922 -4.12034e-97
22.2173 -2.49875e-97
22.2425 -1.51147e-97
22.2676 -9.15579e-98
22.2927 -5.54303e-98
22.3179 -3.34722e-98
22.343 -2.02415e-98
22.3681 -1.22337e-98
22.3933 -7.37484e-99
22.4184 -4.4522e-99
22.4435 -2.68628e-99
22.4687 -1.61661e-99
22.4938 -9.74295e-100
22.5189 -5.86853e-100
22.5441 -3.52569e-100
22.5692 -2.12124e-100
22.5943 -1.27553e-100
22.6195 -7.65008e-101
22.6446 -4.59489e-101
22.6697 -2.75828e-101
22.6949 -1.65148e-101
22.72 -9.90248e-102
22.7451 -5.9343e-102
22.7703 -3.54701e-102
22.7954 -2.12323e-102
22.8205 -1.27024e-102
22.8457 -7.57946e-103
22.8708 -4.52933e-103
22.8959 -2.70511e-103
22.9211 -1.61138e-103
22.9462 -9.61294e-104
22.9713 -5.73152e-104
22.9965 -3.40833e-104
23.0216 -2.02984e-104
23.0467 -1.2082e-104
23.0719 -7.17248e-105
23.097 -4.26435e-105
23.1221 -2.53391e-105
23.1473 -1.50169e-105
23.1724 -8.91307e-106
23.1975 -5.28723e-106
23.2227 -3.12808e-106
23.2478 -1.85347e-106
23.2729 -1.09761e-106
23.2981 -6.48275e-107
23.3232 -3.83469e-107
23.3483 -2.26702e-107
23.3734 -1.33948e-107
23.3986 -7.89329e-108
23.4237 -4.6585e-108
23.4488 -2.74782e-108
23.474 -1.61648e-108
23.4991 -9.52402e-109
23.5242 -5.60822e-109
23.5494 -3.29357e-109
23.5745 -1.93722e-109
23.5996 -1.1388e-109
23.6248 -6.67648e-110
23.6499 -3.92033e-110
23.675 -2.30066e-110
23.7002 -1.34652e-110
23.7253 -7.89314e-111
23.7504 -4.62426e-111
23.7756 -2.70185e-111
23.8007 -1.58111e-111
23.8258 -9.24733e-112
23.851 -5.39381e-112
23.8761 -3.15107e-112
23.9012 -1.83982e-112
23.9264 -1.07131e-112
23.9515 -6.24796e-113
23.9766 -3.64181e-113
24.0018 -2.11698e-113
24.0269 -1.23255e-113
24.052 -7.17208e-114
24.0772 -4.16201e-114
24.1023 -2.41909e-114
24.1274 -1.40526e-114
24.1526 -8.14093e-115
24.1777 -4.72374e-115
24.2028 -2.73938e-115
24.228 -1.58427e-115
24.2531 -9.17707e-116
24.2782 -5.31291e-116
24.3034 -3.06739e-116
24.3285 -1.77381e-116
24.3536 -1.02517e-116
24.3788 -5.90872e-117
24.4039 -3.41109e-117
24.429 -1.9681e-117
24.4542 -1.1324e-117
24.4793 -6.52625e-118
24.5044 -3.75906e-118
24.5296 -2.15921e-118
24.5547 -1.24228e-118
24.5798 -7.14327e-119
24.605 -4.09611e-119
24.6301 -2.35265e-119
24.6552 -1.35051e-119
24.6804 -7.73095e-120
24.7055 -4.43284e-120
24.7306 -2.5403e-120
24.7558 -1.45171e-120
24.7809 -8.30979e-121
24.806 -4.75397e-121
24.8311 -2.71817e-121
24.8563 -1.54982e-121
24.8814 -8.85138e-122
24.9065 -5.05235e-122
24.9317 -2.87581e-122
24.9568 -1.63965e-122
24.9819 -9.3432e-123
25.0071 -5.3091e-123
25.0322 -3.02186e-123
25.0573 -1.71902e-123
25.0825 -9.75138e-124
25.1076 -5.54091e-124
25.1327 -3.14667e-124
25.1579 -1.78195e-124
25.183 -1.01081e-124
25.2081 -5.73063e-125
25.2333 -3.23968e-125
25.2584 -1.83458e-125
25.2835 -1.0383e-125
25.3087 -5.85956e-126
25.3338 -3.31234e-126
25.3589 -1.87125e-126
25.3841 -1.05402e-126
25.4092 -5.94602e-127
25.4343 -3.3513e-127
25.4595 -1.88235e-127
25.4846 -1.05797e-127
25.5097 -5.93165e-128
25.5349 -3.30472e-128
25.56 -1.83299e-128
25.5851 -1.0046e-128
25.6103 -5.37214e-129
25.6354 -2.75811e-129
25.6605 -1.28925e-129
25.6857 -4.61928e-130
25.7108 0
