150
Cd -0.00000000 -4.69033014  4.14570544
Cd  8.12389045 -4.69033014  4.14570544
Se  8.12389045 -4.69033014 -0.82913995
Cd  16.24777901 -4.69033014  4.14570544
Cd -4.06194334  2.34516507  4.14570544
Cd  4.06194523  2.34516507  4.14570544
Se  4.06194523  2.34516507 -0.82913995
Cd  12.18583379  2.34516507  4.14570544
Cd  8.12389045 -0.00000000 -2.48742175
Se  12.18583379  2.34516507 -0.82913995
Cd  20.30972424  2.34516507  4.14570544
Cd -0.00000000  9.38066028  4.14570544
Se -0.00000000  9.38066028 -0.82913995
Cd  8.12389045  9.38066028  4.14570544
Cd  4.06194523  7.03549521 -2.48742175
Se  8.12389045  9.38066028 -0.82913995
Cd  16.24777901  9.38066028  4.14570544
Cd  12.18583379  7.03549521 -2.48742175
Se  16.24777901  9.38066028 -0.82913995
Cd  4.06194523  16.41615360  4.14570544
Cd  12.18583379  16.41615360  4.14570544
Se -0.00000000 -4.69033014  12.43711443
Cd  8.12389045 -4.69033014  17.41196171
Cd  4.06194523 -7.03549332  10.77883263
Se  8.12389045 -4.69033014  12.43711443
Se  4.06194523 -7.03549332  5.80398724
Cd  12.18583379 -7.03549332  10.77883263
Se  16.24777901 -4.69033014  12.43711443
Se  12.18583379 -7.03549332  5.80398724
Se -4.06194334  2.34516507  12.43711443
Cd  4.06194523  2.34516507  17.41196171
Cd -0.00000000 -0.00000000  10.77883263
Se  4.06194523  2.34516507  12.43711443
Se -0.00000000 -0.00000000  5.80398724
Cd  12.18583379  2.34516507  17.41196171
Cd  8.12389045 -0.00000000  10.77883263
Se  12.18583379  2.34516507  12.43711443
Se  8.12389045 -0.00000000  5.80398724
Cd  16.24777901 -0.00000000  10.77883263
Se  20.30972424  2.34516507  12.43711443
Se  16.24777901 -0.00000000  5.80398724
Cd -0.00000000  9.38066028  17.41196171
Cd -4.06194334  7.03549521  10.77883263
Se -0.00000000  9.38066028  12.43711443
Se -4.06194334  7.03549521  5.80398724
Cd  8.12389045  9.38066028  17.41196171
Cd  4.06194523  7.03549521  10.77883263
Se  8.12389045  9.38066028  12.43711443
Se  4.06194523  7.03549521  5.80398724
Cd  16.24777901  9.38066028  17.41196171
Cd  12.18583379  7.03549521  10.77883263
Se  16.24777901  9.38066028  12.43711443
Se  12.18583379  7.03549521  5.80398724
Cd  20.30972424  7.03549521  10.77883263
Se  20.30972424  7.03549521  5.80398724
Cd -0.00000000  14.07098853  10.77883263
Se  4.06194523  16.41615360  12.43711443
Se -0.00000000  14.07098853  5.80398724
Cd  8.12389045  14.07098853  10.77883263
Se  12.18583379  16.41615360  12.43711443
Se  8.12389045  14.07098853  5.80398724
Cd  16.24777901  14.07098853  10.77883263
Se  16.24777901  14.07098853  5.80398724
Se  8.12389045 -0.00000000  19.07024351
Se  4.06194523  7.03549521  19.07024351
Se  12.18583379  7.03549521  19.07024351
Se -4.06194523 -7.03549521  5.80398724
Se  20.30972424 -7.03549521  5.80398724
Se -8.12388856  0.00000000  5.80398724
Se  24.37166946  0.00000000  5.80398724
Se  4.06194523  21.10648374  5.80398724
Se  12.18583379  21.10648374  5.80398724
Cd -4.06194419 -7.03549372  10.77883263
Cd  20.30972407 -7.03549521  10.77883263
Cd -8.12388752  0.00000149  10.77883263
Cd  24.37166929 -0.00000000  10.77883263
Cd  4.06194532  21.10648389  10.77883263
Cd  12.18583388  21.10648389  10.77883263
P1  0.00000000 -4.69033014  1.40954047
P2  9.13937671 -5.27662141 -1.24371040
P2  7.10840440 -5.27662103 -1.24371040
P1  16.24777901 -4.69033014  1.40954047
P1 -4.06194334  2.34516507  1.40954047
P2  2.84336197  1.64161600 -1.32662449
P1  8.12389045  0.00000000 -5.22358672
P2  13.40441730  1.64161555 -1.32662449
P1  20.30972424  2.34516507  1.40954047
P2 -1.01548605  8.79436938 -1.24371040
P2  0.00000002  10.55324285 -1.24371040
P1  4.06194523  7.03549521 -5.22358672
P2  8.12389048  10.78775937 -1.32662449
P1  12.18583379  7.03549521 -5.22358672
P2  17.26326528  8.79436901 -1.24371040
P2  16.24777904  10.55324285 -1.24371040
P1  4.06194523  16.41615360  1.40954047
P1  12.18583379  16.41615360  1.40954047
P2  0.00000000 -4.69033014  13.92956805
P1  5.88982058 -5.98017093  18.32401670
P1  10.35796032 -5.98017093  18.32401670
P1  4.06194517 -9.61517498  11.69088762
P2  4.06194523 -8.44259236  5.30650270
P1  12.18583373 -9.61517498  11.69088762
P2  16.24777901 -4.69033014  13.92956805
P2  12.18583379 -8.44259236  5.30650270
P2 -4.06194334  2.34516507  13.92956805
P1  1.82787535  1.05532428  18.32401670
P1  14.41990366  1.05532428  18.32401670
P2  20.30972424  2.34516507  13.92956805
P1 -2.23406987  8.09081949  18.32401670
P1  0.00000000  11.96034186  18.32401670
P1 -6.29601312  8.32533600  11.69088762
P2 -5.28052634  7.73904473  5.30650270
P1  8.12389045  11.96034186  18.32401670
P1  18.48184889  8.09081949  18.32401670
P1  16.24777901  11.96034186  18.32401670
P1  22.54379406  8.32533608  11.69088762
P2  21.52830781  7.73904473  5.30650270
P1 -2.23406978  15.36082932  11.69088762
P2  4.06194523  16.41615360  13.92956805
P2 -1.21858300  14.77453805  5.30650270
P2  12.18583379  16.41615360  13.92956805
P1  18.48184883  15.36082940  11.69088762
P2  17.46636258  14.77453805  5.30650270
P2  8.12389045  0.00000000  20.56269713
P2  4.06194523  7.03549521  20.56269713
P2  12.18583379  7.03549521  20.56269713
P2 -4.06194523 -8.20807774  5.38941679
P2 -5.07743106 -6.44920394  5.38941679
P2  20.30972424 -8.20807774  5.38941679
P2  21.32521054 -6.44920394  5.38941679
P2 -8.12388856 -1.17258253  5.38941679
P2 -9.13937440  0.58629127  5.38941679
P2  24.37166946 -1.17258253  5.38941679
P2  25.38715577  0.58629127  5.38941679
P2  3.04645939  21.69277500  5.38941679
P2  5.07743153  21.69277500  5.38941679
P2  11.17034795  21.69277500  5.38941679
P2  13.20132009  21.69277500  5.38941679
P1 -4.06194424 -9.61517538  11.69088762
P1 -6.29601397 -5.74565293  11.69088762
P1  20.30972402 -9.61517687  11.69088762
P1  22.54379389 -5.74565434  11.69088762
P1 -8.12388847 -2.57968008  11.69088762
P1 -10.35795730  1.28984228  11.69088762
P1  24.37166924 -2.57968149  11.69088762
P1  26.60573912  1.28984087  11.69088762
P1  6.29601514  22.39632476  11.69088762
P1  1.82787554  22.39632468  11.69088762
P1  9.95176499  22.39632476  11.69088762
P1  14.41990370  22.39632476  11.69088762
