509
Cd -12.18583369 -11.72582394 -14.92453732
Cd -4.06194456 -11.72582394 -14.92453732
Se -4.06194456 -11.72582394 -19.89938309
Cd  4.06194456 -11.72582394 -14.92453732
Se  4.06194456 -11.72582394 -19.89938309
Cd  12.18583369 -11.72582394 -14.92453732
Cd -16.24777826 -4.69032957 -14.92453732
Cd -8.12388913 -4.69032957 -14.92453732
Se -8.12388913 -4.69032957 -19.89938309
Cd  0.00000000 -4.69032957 -14.92453732
Cd -4.06194456 -7.03549436 -21.55766502
Se  0.00000000 -4.69032957 -19.89938309
Cd  8.12388913 -4.69032957 -14.92453732
Cd  4.06194456 -7.03549436 -21.55766502
Se  8.12388913 -4.69032957 -19.89938309
Cd  16.24777826 -4.69032957 -14.92453732
Cd -12.18583369  2.34516479 -14.92453732
Se -12.18583369  2.34516479 -19.89938309
Cd -4.06194456  2.34516479 -14.92453732
Cd -8.12388913  0.00000000 -21.55766502
Se -4.06194456  2.34516479 -19.89938309
Cd  4.06194456  2.34516479 -14.92453732
Cd  0.00000000  0.00000000 -21.55766502
Se  4.06194456  2.34516479 -19.89938309
Cd  12.18583369  2.34516479 -14.92453732
Cd  8.12388913  0.00000000 -21.55766502
Se  12.18583369  2.34516479 -19.89938309
Cd -8.12388913  9.38065915 -14.92453732
Se -8.12388913  9.38065915 -19.89938309
Cd  0.00000000  9.38065915 -14.92453732
Cd -4.06194456  7.03549436 -21.55766502
Se  0.00000000  9.38065915 -19.89938309
Cd  8.12388913  9.38065915 -14.92453732
Cd  4.06194456  7.03549436 -21.55766502
Se  8.12388913  9.38065915 -19.89938309
Cd -4.06194456  16.41615351 -14.92453732
Cd  4.06194456  16.41615351 -14.92453732
Cd -8.12388913 -18.76131830 -1.65828192
Se -8.12388913 -18.76131830 -6.63312770
Cd  0.00000000 -18.76131830 -1.65828192
Cd -4.06194456 -21.10648309 -8.29140962
Se  0.00000000 -18.76131830 -6.63312770
Cd  8.12388913 -18.76131830 -1.65828192
Cd  4.06194456 -21.10648309 -8.29140962
Se  8.12388913 -18.76131830 -6.63312770
Cd -20.30972282 -11.72582394 -1.65828192
Cd -12.18583369 -11.72582394 -1.65828192
Cd -16.24777826 -14.07098872 -8.29140962
Se -12.18583369 -11.72582394 -6.63312770
Se -16.24777826 -14.07098872 -13.26625539
Cd -4.06194456 -11.72582394 -1.65828192
Cd -8.12388913 -14.07098872 -8.29140962
Se -4.06194456 -11.72582394 -6.63312770
Se -8.12388913 -14.07098872 -13.26625539
Cd  4.06194456 -11.72582394 -1.65828192
Cd  0.00000000 -14.07098872 -8.29140962
Se  4.06194456 -11.72582394 -6.63312770
Se  0.00000000 -14.07098872 -13.26625539
Cd  12.18583369 -11.72582394 -1.65828192
Cd  8.12388913 -14.07098872 -8.29140962
Se  12.18583369 -11.72582394 -6.63312770
Se  8.12388913 -14.07098872 -13.26625539
Cd  20.30972282 -11.72582394 -1.65828192
Cd  16.24777826 -14.07098872 -8.29140962
Se  16.24777826 -14.07098872 -13.26625539
Cd -16.24777826 -4.69032957 -1.65828192
Cd -20.30972282 -7.03549436 -8.29140962
Se -16.24777826 -4.69032957 -6.63312770
Se -20.30972282 -7.03549436 -13.26625539
Cd -8.12388913 -4.69032957 -1.65828192
Cd -12.18583369 -7.03549436 -8.29140962
Se -8.12388913 -4.69032957 -6.63312770
Se -12.18583369 -7.03549436 -13.26625539
Cd  0.00000000 -4.69032957 -1.65828192
Cd -4.06194456 -7.03549436 -8.29140962
Se  0.00000000 -4.69032957 -6.63312770
Se -4.06194456 -7.03549436 -13.26625539
Cd  8.12388913 -4.69032957 -1.65828192
Cd  4.06194456 -7.03549436 -8.29140962
Se  8.12388913 -4.69032957 -6.63312770
Se  4.06194456 -7.03549436 -13.26625539
Cd  16.24777826 -4.69032957 -1.65828192
Cd  12.18583369 -7.03549436 -8.29140962
Se  16.24777826 -4.69032957 -6.63312770
Se  12.18583369 -7.03549436 -13.26625539
Cd  20.30972282 -7.03549436 -8.29140962
Se  20.30972282 -7.03549436 -13.26625539
Cd -20.30972282  2.34516479 -1.65828192
Se -20.30972282  2.34516479 -6.63312770
Cd -12.18583369  2.34516479 -1.65828192
Cd -16.24777826  0.00000000 -8.29140962
Se -12.18583369  2.34516479 -6.63312770
Se -16.24777826  0.00000000 -13.26625539
Cd -4.06194456  2.34516479 -1.65828192
Cd -8.12388913  0.00000000 -8.29140962
Se -4.06194456  2.34516479 -6.63312770
Se -8.12388913  0.00000000 -13.26625539
Cd  4.06194456  2.34516479 -1.65828192
Cd  0.00000000  0.00000000 -8.29140962
Se  4.06194456  2.34516479 -6.63312770
Se  0.00000000  0.00000000 -13.26625539
Cd  12.18583369  2.34516479 -1.65828192
Cd  8.12388913  0.00000000 -8.29140962
Se  12.18583369  2.34516479 -6.63312770
Se  8.12388913  0.00000000 -13.26625539
Cd  20.30972282  2.34516479 -1.65828192
Cd  16.24777826  0.00000000 -8.29140962
Se  20.30972282  2.34516479 -6.63312770
Se  16.24777826  0.00000000 -13.26625539
Cd -16.24777826  9.38065915 -1.65828192
Cd -20.30972282  7.03549436 -8.29140962
Se -16.24777826  9.38065915 -6.63312770
Cd -8.12388913  9.38065915 -1.65828192
Cd -12.18583369  7.03549436 -8.29140962
Se -8.12388913  9.38065915 -6.63312770
Se -12.18583369  7.03549436 -13.26625539
Cd  0.00000000  9.38065915 -1.65828192
Cd -4.06194456  7.03549436 -8.29140962
Se  0.00000000  9.38065915 -6.63312770
Se -4.06194456  7.03549436 -13.26625539
Cd  8.12388913  9.38065915 -1.65828192
Cd  4.06194456  7.03549436 -8.29140962
Se  8.12388913  9.38065915 -6.63312770
Se  4.06194456  7.03549436 -13.26625539
Cd  16.24777826  9.38065915 -1.65828192
Cd  12.18583369  7.03549436 -8.29140962
Se  16.24777826  9.38065915 -6.63312770
Se  12.18583369  7.03549436 -13.26625539
Cd  20.30972282  7.03549436 -8.29140962
Cd -12.18583369  16.41615351 -1.65828192
Cd -16.24777826  14.07098872 -8.29140962
Se -12.18583369  16.41615351 -6.63312770
Cd -4.06194456  16.41615351 -1.65828192
Cd -8.12388913  14.07098872 -8.29140962
Se -4.06194456  16.41615351 -6.63312770
Se -8.12388913  14.07098872 -13.26625539
Cd  4.06194456  16.41615351 -1.65828192
Cd  0.00000000  14.07098872 -8.29140962
Se  4.06194456  16.41615351 -6.63312770
Se  0.00000000  14.07098872 -13.26625539
Cd  12.18583369  16.41615351 -1.65828192
Cd  8.12388913  14.07098872 -8.29140962
Se  12.18583369  16.41615351 -6.63312770
Se  8.12388913  14.07098872 -13.26625539
Cd  16.24777826  14.07098872 -8.29140962
Cd  0.00000000  23.45164787 -1.65828192
Cd -4.06194456  21.10648309 -8.29140962
Se -4.06194456  21.10648309 -13.26625539
Cd  4.06194456  21.10648309 -8.29140962
Se  4.06194456  21.10648309 -13.26625539
Cd -8.12388913 -18.76131830  11.60797347
Se -8.12388913 -18.76131830  6.63312770
Cd  0.00000000 -18.76131830  11.60797347
Cd -4.06194456 -21.10648309  4.97484577
Se  0.00000000 -18.76131830  6.63312770
Se -4.06194456 -21.10648309  0.00000000
Cd  8.12388913 -18.76131830  11.60797347
Cd  4.06194456 -21.10648309  4.97484577
Se  8.12388913 -18.76131830  6.63312770
Se  4.06194456 -21.10648309  0.00000000
Se -20.30972282 -11.72582394  6.63312770
Cd -12.18583369 -11.72582394  11.60797347
Cd -16.24777826 -14.07098872  4.97484577
Se -12.18583369 -11.72582394  6.63312770
Se -16.24777826 -14.07098872  0.00000000
Cd -4.06194456 -11.72582394  11.60797347
Cd -8.12388913 -14.07098872  4.97484577
Se -4.06194456 -11.72582394  6.63312770
Se -8.12388913 -14.07098872  0.00000000
Cd  4.06194456 -11.72582394  11.60797347
Cd  0.00000000 -14.07098872  4.97484577
Se  4.06194456 -11.72582394  6.63312770
Se  0.00000000 -14.07098872  0.00000000
Cd  12.18583369 -11.72582394  11.60797347
Cd  8.12388913 -14.07098872  4.97484577
Se  12.18583369 -11.72582394  6.63312770
Se  8.12388913 -14.07098872  0.00000000
Cd  16.24777826 -14.07098872  4.97484577
Se  20.30972282 -11.72582394  6.63312770
Se  16.24777826 -14.07098872  0.00000000
Cd -16.24777826 -4.69032957  11.60797347
Cd -20.30972282 -7.03549436  4.97484577
Se -16.24777826 -4.69032957  6.63312770
Se -20.30972282 -7.03549436  0.00000000
Cd -8.12388913 -4.69032957  11.60797347
Cd -12.18583369 -7.03549436  4.97484577
Se -8.12388913 -4.69032957  6.63312770
Se -12.18583369 -7.03549436  0.00000000
Cd  0.00000000 -4.69032957  11.60797347
Cd -4.06194456 -7.03549436  4.97484577
Se  0.00000000 -4.69032957  6.63312770
Se -4.06194456 -7.03549436  0.00000000
Cd  8.12388913 -4.69032957  11.60797347
Cd  4.06194456 -7.03549436  4.97484577
Se  8.12388913 -4.69032957  6.63312770
Se  4.06194456 -7.03549436  0.00000000
Cd  16.24777826 -4.69032957  11.60797347
Cd  12.18583369 -7.03549436  4.97484577
Se  16.24777826 -4.69032957  6.63312770
Se  12.18583369 -7.03549436  0.00000000
Cd  20.30972282 -7.03549436  4.97484577
Se  20.30972282 -7.03549436  0.00000000
Cd -20.30972282  2.34516479  11.60797347
Se -20.30972282  2.34516479  6.63312770
Cd -12.18583369  2.34516479  11.60797347
Cd -16.24777826  0.00000000  4.97484577
Se -12.18583369  2.34516479  6.63312770
Se -16.24777826  0.00000000  0.00000000
Cd -4.06194456  2.34516479  11.60797347
Cd -8.12388913  0.00000000  4.97484577
Se -4.06194456  2.34516479  6.63312770
Se -8.12388913  0.00000000  0.00000000
Cd  4.06194456  2.34516479  11.60797347
Cd  0.00000000  0.00000000  4.97484577
Se  4.06194456  2.34516479  6.63312770
Se  0.00000000  0.00000000  0.00000000
Cd  12.18583369  2.34516479  11.60797347
Cd  8.12388913  0.00000000  4.97484577
Se  12.18583369  2.34516479  6.63312770
Se  8.12388913  0.00000000  0.00000000
Cd  20.30972282  2.34516479  11.60797347
Cd  16.24777826  0.00000000  4.97484577
Se  20.30972282  2.34516479  6.63312770
Se  16.24777826  0.00000000  0.00000000
Cd -16.24777826  9.38065915  11.60797347
Cd -20.30972282  7.03549436  4.97484577
Se -16.24777826  9.38065915  6.63312770
Se -20.30972282  7.03549436  0.00000000
Cd -8.12388913  9.38065915  11.60797347
Cd -12.18583369  7.03549436  4.97484577
Se -8.12388913  9.38065915  6.63312770
Se -12.18583369  7.03549436  0.00000000
Cd -0.00000000  9.38065915  11.60797347
Cd -4.06194456  7.03549436  4.97484577
Se -0.00000000  9.38065915  6.63312770
Se -4.06194456  7.03549436  0.00000000
Cd  8.12388913  9.38065915  11.60797347
Cd  4.06194456  7.03549436  4.97484577
Se  8.12388913  9.38065915  6.63312770
Se  4.06194456  7.03549436  0.00000000
Cd  16.24777826  9.38065915  11.60797347
Cd  12.18583369  7.03549436  4.97484577
Se  16.24777826  9.38065915  6.63312770
Se  12.18583369  7.03549436  0.00000000
Cd  20.30972282  7.03549436  4.97484577
Se  20.30972282  7.03549436  0.00000000
Cd -12.18583369  16.41615351  11.60797347
Cd -16.24777826  14.07098872  4.97484577
Se -12.18583369  16.41615351  6.63312770
Se -16.24777826  14.07098872  0.00000000
Cd -4.06194456  16.41615351  11.60797347
Cd -8.12388913  14.07098872  4.97484577
Se -4.06194456  16.41615351  6.63312770
Se -8.12388913  14.07098872  0.00000000
Cd  4.06194456  16.41615351  11.60797347
Cd -0.00000000  14.07098872  4.97484577
Se  4.06194456  16.41615351  6.63312770
Se -0.00000000  14.07098872  0.00000000
Cd  12.18583369  16.41615351  11.60797347
Cd  8.12388913  14.07098872  4.97484577
Se  12.18583369  16.41615351  6.63312770
Se  8.12388913  14.07098872  0.00000000
Cd  16.24777826  14.07098872  4.97484577
Se  16.24777826  14.07098872  0.00000000
Cd -4.06194456  21.10648309  4.97484577
Se -0.00000000  23.45164787  6.63312770
Se -4.06194456  21.10648309  0.00000000
Cd  4.06194456  21.10648309  4.97484577
Se  4.06194456  21.10648309  0.00000000
Se -4.06194456 -21.10648309  13.26625539
Se  4.06194456 -21.10648309  13.26625539
Cd -8.12388913 -14.07098872  18.24110117
Se -4.06194456 -11.72582394  19.89938309
Se -8.12388913 -14.07098872  13.26625539
Cd -0.00000000 -14.07098872  18.24110117
Se  4.06194456 -11.72582394  19.89938309
Se -0.00000000 -14.07098872  13.26625539
Cd  8.12388913 -14.07098872  18.24110117
Se  8.12388913 -14.07098872  13.26625539
Cd -12.18583369 -7.03549436  18.24110117
Se -8.12388913 -4.69032957  19.89938309
Se -12.18583369 -7.03549436  13.26625539
Cd -4.06194456 -7.03549436  18.24110117
Se -0.00000000 -4.69032957  19.89938309
Se -4.06194456 -7.03549436  13.26625539
Cd  4.06194456 -7.03549436  18.24110117
Se  8.12388913 -4.69032957  19.89938309
Se  4.06194456 -7.03549436  13.26625539
Cd  12.18583369 -7.03549436  18.24110117
Se  12.18583369 -7.03549436  13.26625539
Cd -16.24777826 -0.00000000  18.24110117
Se -12.18583369  2.34516479  19.89938309
Se -16.24777826 -0.00000000  13.26625539
Cd -8.12388913 -0.00000000  18.24110117
Se -4.06194456  2.34516479  19.89938309
Se -8.12388913 -0.00000000  13.26625539
Cd -0.00000000 -0.00000000  18.24110117
Se  4.06194456  2.34516479  19.89938309
Se -0.00000000 -0.00000000  13.26625539
Cd  8.12388913 -0.00000000  18.24110117
Se  12.18583369  2.34516479  19.89938309
Se  8.12388913 -0.00000000  13.26625539
Cd  16.24777826 -0.00000000  18.24110117
Se  16.24777826 -0.00000000  13.26625539
Se -20.30972282  7.03549436  13.26625539
Cd -12.18583369  7.03549436  18.24110117
Se -8.12388913  9.38065915  19.89938309
Se -12.18583369  7.03549436  13.26625539
Cd -4.06194456  7.03549436  18.24110117
Se -0.00000000  9.38065915  19.89938309
Se -4.06194456  7.03549436  13.26625539
Cd  4.06194456  7.03549436  18.24110117
Se  8.12388913  9.38065915  19.89938309
Se  4.06194456  7.03549436  13.26625539
Cd  12.18583369  7.03549436  18.24110117
Se  12.18583369  7.03549436  13.26625539
Se  20.30972282  7.03549436  13.26625539
Se -16.24777826  14.07098872  13.26625539
Cd -8.12388913  14.07098872  18.24110117
Se -8.12388913  14.07098872  13.26625539
Cd -0.00000000  14.07098872  18.24110117
Se -0.00000000  14.07098872  13.26625539
Cd  8.12388913  14.07098872  18.24110117
Se  8.12388913  14.07098872  13.26625539
Se  16.24777826  14.07098872  13.26625539
P1 -12.18583369 -11.72582394 -17.66070249
P2 -5.07743070 -12.31211513 -20.31395357
P2 -3.04645842 -12.31211513 -20.31395357
P2  3.04645842 -12.31211513 -20.31395357
P2  5.07743071 -12.31211513 -20.31395357
P1  12.18583369 -11.72582394 -17.66070249
P1 -16.24777826 -4.69032957 -17.66070249
P2 -9.34247250 -5.39387901 -20.39686767
P1 -4.06194456 -7.03549436 -24.29383019
P1  4.06194456 -7.03549436 -24.29383019
P2  9.34247250 -5.39387901 -20.39686767
P1  16.24777826 -4.69032957 -17.66070249
P2 -13.20131983  1.75887359 -20.31395357
P2 -12.18583369  3.51774718 -20.31395357
P1 -8.12388913  0.00000000 -24.29383019
P1  0.00000000  0.00000000 -24.29383019
P1  8.12388913  0.00000000 -24.29383019
P2  13.20131983  1.75887359 -20.31395357
P2  12.18583369  3.51774718 -20.31395357
P2 -9.13937527  8.79436795 -20.31395357
P2 -8.12388913  10.55324154 -20.31395357
P1 -4.06194456  7.03549436 -24.29383019
P2  0.00000000  10.78775802 -20.39686767
P1  4.06194456  7.03549436 -24.29383019
P2  9.13937527  8.79436795 -20.31395357
P2  8.12388913  10.55324154 -20.31395357
P1 -4.06194456  16.41615351 -17.66070249
P1  4.06194456  16.41615351 -17.66070249
P1 -10.35795864 -20.05115893 -0.74622687
P2 -9.34247250 -19.46486774 -7.13061227
P1 -4.06194456 -23.68616435 -7.37935456
P1 -4.06194456 -21.10648309 -11.02757480
P1  10.35795864 -20.05115893 -0.74622687
P1  4.06194456 -23.68616435 -7.37935456
P1  4.06194456 -21.10648309 -11.02757480
P2  9.34247250 -19.46486774 -7.13061227
P1 -20.30972282 -11.72582394 -4.39444710
P1 -22.54379233 -13.01566457 -0.74622687
P1 -16.24777826 -16.65066999 -7.37935456
P1 -18.48184777 -12.78114809 -7.37935456
P2 -16.24777826 -15.24357112 -13.68082587
P2 -17.26326440 -13.48469753 -13.68082587
P2 -8.12388913 -15.47808760 -13.76373997
P2  0.00000000 -15.47808760 -13.76373997
P2  8.12388913 -15.47808760 -13.76373997
P1  20.30972282 -11.72582394 -4.39444710
P1  22.54379233 -13.01566457 -0.74622687
P1  16.24777826 -16.65066999 -7.37935456
P1  18.48184777 -12.78114809 -7.37935456
P2  16.24777826 -15.24357112 -13.68082587
P2  17.26326440 -13.48469753 -13.68082587
P1 -20.30972282 -9.61517563 -7.37935456
P1 -22.54379233 -5.74565373 -7.37935456
P2 -20.30972282 -8.20807676 -13.68082587
P2 -21.32520896 -6.44920317 -13.68082587
P1  20.30972282 -9.61517563 -7.37935456
P1  22.54379233 -5.74565373 -7.37935456
P2  20.30972282 -8.20807676 -13.68082587
P2  21.32520896 -6.44920317 -13.68082587
P1 -22.54379233  1.05532415 -0.74622687
P2 -21.52830619  1.64161535 -7.13061227
P2 -17.46636163  0.70354944 -13.76373997
P1  22.54379233  1.05532415 -0.74622687
P2  21.52830619  1.64161535 -7.13061227
P2  17.46636163  0.70354944 -13.76373997
P1 -22.54379233  8.32533500 -7.37935456
P1 -20.30972282  7.03549436 -11.02757480
P2 -13.40441706  7.73904380 -13.76373997
P2  13.40441706  7.73904380 -13.76373997
P1  22.54379233  8.32533500 -7.37935456
P1  20.30972282  7.03549436 -11.02757480
P1 -12.18583369  18.99583478 -0.74622687
P1 -18.48184777  15.36082936 -7.37935456
P1 -16.24777826  14.07098872 -11.02757480
P2 -12.18583369  17.82325238 -7.13061227
P2 -9.34247250  14.77453816 -13.76373997
P1  12.18583369  18.99583478 -0.74622687
P2  12.18583369  17.82325238 -7.13061227
P2  9.34247250  14.77453816 -13.76373997
P1  18.48184777  15.36082936 -7.37935456
P1  16.24777826  14.07098872 -11.02757480
P1  0.00000000  23.45164787 -4.39444710
P1  0.00000000  26.03132914 -0.74622687
P1 -6.29601407  22.39632372 -7.37935456
P1 -1.82787505  22.39632372 -7.37935456
P2 -5.07743071  21.69277428 -13.68082587
P2 -3.04645842  21.69277428 -13.68082587
P1  1.82787505  22.39632372 -7.37935456
P1  6.29601407  22.39632372 -7.37935456
P2  3.04645842  21.69277428 -13.68082587
P2  5.07743071  21.69277428 -13.68082587
P1 -10.35795864 -20.05115893  12.52002853
P2 -9.34247250 -19.46486774  6.13564312
P1 -4.06194456 -23.68616435  5.88690083
P2 -4.06194456 -22.51358196 -0.49748458
P1  10.35795864 -20.05115893  12.52002853
P1  4.06194456 -23.68616435  5.88690083
P2  9.34247250 -19.46486774  6.13564312
P2  4.06194456 -22.51358196 -0.49748458
P2 -20.30972282 -11.72582394  7.87683914
P2 -21.32520896 -12.31211513  6.21855722
P1 -14.41990320 -13.01566457  12.52002853
P1 -16.24777826 -16.65066999  5.88690083
P2 -16.24777826 -15.47808760 -0.49748458
P1  14.41990320 -13.01566457  12.52002853
P1  16.24777826 -16.65066999  5.88690083
P2  20.30972282 -11.72582394  7.87683914
P2  21.32520896 -12.31211513  6.21855722
P2  16.24777826 -15.47808760 -0.49748458
P1 -18.48184777 -5.98017021  12.52002853
P1 -22.54379233 -5.74565373  5.88690083
P2 -21.52830619 -6.33194493 -0.49748458
P1  18.48184777 -5.98017021  12.52002853
P1  22.54379233 -5.74565373  5.88690083
P2  21.52830619 -6.33194493 -0.49748458
P1 -22.54379233  1.05532415  12.52002853
P2 -21.52830619  1.64161535  6.13564312
P1  22.54379233  1.05532415  12.52002853
P2  21.52830619  1.64161535  6.13564312
P1 -22.54379233  8.32533500  5.88690083
P2 -21.52830619  7.73904380 -0.49748458
P1  22.54379233  8.32533500  5.88690083
P2  21.52830619  7.73904380 -0.49748458
P1 -12.18583369  18.99583478  12.52002853
P1 -18.48184777  15.36082936  5.88690083
P2 -12.18583369  17.82325238  6.13564312
P2 -17.46636163  14.77453816 -0.49748458
P1 -4.06194456  18.99583478  12.52002853
P1  4.06194456  18.99583478  12.52002853
P1  12.18583369  18.99583478  12.52002853
P2  12.18583369  17.82325238  6.13564312
P1  18.48184777  15.36082936  5.88690083
P2  17.46636163  14.77453816 -0.49748458
P1 -6.29601407  22.39632372  5.88690083
P2 -0.00000000  23.45164787  7.87683914
P2 -0.00000000  24.62423027  6.21855722
P2 -5.28052793  21.81003252 -0.49748458
P1  6.29601407  22.39632372  5.88690083
P2  5.28052793  21.81003252 -0.49748458
P2 -4.06194456 -22.27906548  12.85168491
P2 -4.06194456 -21.10648309  14.50996684
P2  4.06194456 -22.27906548  12.85168491
P2  4.06194456 -21.10648309  14.50996684
P1 -8.12388913 -16.65066999  19.15315622
P1 -10.35795864 -12.78114809  19.15315622
P2 -4.06194456 -11.72582394  21.39183682
P1 -0.00000000 -16.65066999  19.15315622
P2  4.06194456 -11.72582394  21.39183682
P1  8.12388913 -16.65066999  19.15315622
P1  10.35795864 -12.78114809  19.15315622
P1 -12.18583369 -9.61517563  19.15315622
P1 -14.41990320 -5.74565373  19.15315622
P2 -8.12388913 -4.69032957  21.39183682
P2 -0.00000000 -4.69032957  21.39183682
P2  8.12388913 -4.69032957  21.39183682
P1  12.18583369 -9.61517563  19.15315622
P1  14.41990320 -5.74565373  19.15315622
P1 -16.24777826 -2.57968127  19.15315622
P1 -18.48184777  1.28984063  19.15315622
P2 -12.18583369  2.34516479  21.39183682
P2 -4.06194456  2.34516479  21.39183682
P2  4.06194456  2.34516479  21.39183682
P2  12.18583369  2.34516479  21.39183682
P1  16.24777826 -2.57968127  19.15315622
P1  18.48184777  1.28984063  19.15315622
P2 -21.32520896  7.62178556  12.85168491
P2 -20.30972282  7.03549436  14.50996684
P1 -14.41990320  8.32533500  19.15315622
P2 -8.12388913  9.38065915  21.39183682
P2 -0.00000000  9.38065915  21.39183682
P2  8.12388913  9.38065915  21.39183682
P1  14.41990320  8.32533500  19.15315622
P2  21.32520896  7.62178556  12.85168491
P2  20.30972282  7.03549436  14.50996684
P2 -17.26326440  14.65727992  12.85168491
P2 -16.24777826  14.07098872  14.50996684
P1 -10.35795864  15.36082936  19.15315622
P1 -5.88981962  15.36082936  19.15315622
P1 -2.23406951  15.36082936  19.15315622
P1  2.23406951  15.36082936  19.15315622
P1  5.88981962  15.36082936  19.15315622
P1  10.35795864  15.36082936  19.15315622
P2  17.26326440  14.65727992  12.85168491
P2  16.24777826  14.07098872  14.50996684
