725
Cd -20.30972282 -11.72582394 -1.65828192
Se -20.30972282 -11.72582394 6.6331277
Se -20.30972282 -7.03549436 -13.26625539
Cd -20.30972282 -7.03549436 -8.29140962
Se -20.30972282 -7.03549436 0.0
Cd -20.30972282 -7.03549436 4.97484577
Se -20.30972282 2.34516479 -6.6331277
Cd -20.30972282 2.34516479 -1.65828192
Se -20.30972282 2.34516479 6.6331277
Cd -20.30972282 2.34516479 11.60797347
Cd -20.30972282 7.03549436 -8.29140962
Se -20.30972282 7.03549436 0.0
Cd -20.30972282 7.03549436 4.97484577
Se -20.30972282 7.03549436 13.26625539
Se -16.247778259999997 -14.07098872 -13.26625539
Cd -16.247778259999997 -14.07098872 -8.29140962
Se -16.247778259999997 -14.07098872 0.0
Cd -16.247778259999997 -14.07098872 4.97484577
Cd -16.247778259999997 -4.69032957 -14.92453732
Se -16.247778259999997 -4.69032957 -6.6331277
Cd -16.247778259999997 -4.69032957 -1.65828192
Se -16.247778259999997 -4.69032957 6.6331277
Cd -16.247778259999997 -4.69032957 11.60797347
Se -16.247778259999997 0.0 -13.26625539
Cd -16.247778259999997 0.0 -8.29140962
Se -16.247778259999997 0.0 0.0
Cd -16.247778259999997 0.0 4.97484577
Se -16.247778259999997 -0.0 13.26625539
Cd -16.247778259999997 -0.0 18.24110117
Se -16.247778259999997 9.38065915 -6.6331277
Cd -16.247778259999997 9.38065915 -1.65828192
Se -16.247778259999997 9.38065915 6.6331277
Cd -16.247778259999997 9.38065915 11.60797347
Cd -16.247778259999997 14.07098872 -8.29140962
Se -16.247778259999997 14.07098872 0.0
Cd -16.247778259999997 14.07098872 4.97484577
Se -16.247778259999997 14.07098872 13.26625539
Cd -12.18583369 -11.72582394 -14.92453732
Se -12.18583369 -11.72582394 -6.6331277
Cd -12.18583369 -11.72582394 -1.65828192
Se -12.18583369 -11.72582394 6.6331277
Cd -12.18583369 -11.72582394 11.60797347
Se -12.18583369 -7.03549436 -13.26625539
Cd -12.18583369 -7.03549436 -8.29140962
Se -12.18583369 -7.03549436 0.0
Cd -12.18583369 -7.03549436 4.97484577
Se -12.18583369 -7.03549436 13.26625539
Cd -12.18583369 -7.03549436 18.24110117
Se -12.18583369 2.34516479 -19.89938309
Cd -12.18583369 2.34516479 -14.92453732
Se -12.18583369 2.34516479 -6.6331277
Cd -12.18583369 2.34516479 -1.65828192
Se -12.18583369 2.34516479 6.6331277
Cd -12.18583369 2.34516479 11.60797347
Se -12.18583369 2.34516479 19.89938309
Se -12.18583369 7.03549436 -13.26625539
Cd -12.18583369 7.03549436 -8.29140962
Se -12.18583369 7.03549436 0.0
Cd -12.18583369 7.03549436 4.97484577
Se -12.18583369 7.03549436 13.26625539
Cd -12.18583369 7.03549436 18.24110117
Se -12.18583369 16.41615351 -6.6331277
Cd -12.18583369 16.41615351 -1.65828192
Se -12.18583369 16.41615351 6.6331277
Cd -12.18583369 16.41615351 11.60797347
Se -8.123889129999998 -18.7613183 -6.6331277
Cd -8.123889129999998 -18.7613183 -1.65828192
Se -8.123889129999998 -18.7613183 6.6331277
Cd -8.123889129999998 -18.7613183 11.60797347
Se -8.123889129999998 -14.07098872 -13.26625539
Cd -8.123889129999998 -14.07098872 -8.29140962
Se -8.123889129999998 -14.07098872 0.0
Cd -8.123889129999998 -14.07098872 4.97484577
Se -8.123889129999998 -14.07098872 13.26625539
Cd -8.123889129999998 -14.07098872 18.24110117
Se -8.123889129999998 -4.69032957 -19.89938309
Cd -8.123889129999998 -4.69032957 -14.92453732
Se -8.123889129999998 -4.69032957 -6.6331277
Cd -8.123889129999998 -4.69032957 -1.65828192
Se -8.123889129999998 -4.69032957 6.6331277
Cd -8.123889129999998 -4.69032957 11.60797347
Se -8.123889129999998 -4.69032957 19.89938309
Cd -8.123889129999998 0.0 -21.55766502
Se -8.123889129999998 0.0 -13.26625539
Cd -8.123889129999998 0.0 -8.29140962
Se -8.123889129999998 0.0 0.0
Cd -8.123889129999998 0.0 4.97484577
Se -8.123889129999998 -0.0 13.26625539
Cd -8.123889129999998 -0.0 18.24110117
Se -8.123889129999998 9.38065915 -19.89938309
Cd -8.123889129999998 9.38065915 -14.92453732
Se -8.123889129999998 9.38065915 -6.6331277
Cd -8.123889129999998 9.38065915 -1.65828192
Se -8.123889129999998 9.38065915 6.6331277
Cd -8.123889129999998 9.38065915 11.60797347
Se -8.123889129999998 9.38065915 19.89938309
Se -8.123889129999998 14.07098872 -13.26625539
Cd -8.123889129999998 14.07098872 -8.29140962
Se -8.123889129999998 14.07098872 0.0
Cd -8.123889129999998 14.07098872 4.97484577
Se -8.123889129999998 14.07098872 13.26625539
Cd -8.123889129999998 14.07098872 18.24110117
Cd -4.06194456 -21.10648309 -8.29140962
Se -4.06194456 -21.10648309 0.0
Cd -4.06194456 -21.10648309 4.97484577
Se -4.06194456 -21.10648309 13.26625539
Se -4.06194456 -11.72582394 -19.89938309
Cd -4.06194456 -11.72582394 -14.92453732
Se -4.06194456 -11.72582394 -6.6331277
Cd -4.06194456 -11.72582394 -1.65828192
Se -4.06194456 -11.72582394 6.6331277
Cd -4.06194456 -11.72582394 11.60797347
Se -4.06194456 -11.72582394 19.89938309
Cd -4.06194456 -7.03549436 -21.55766502
Se -4.06194456 -7.03549436 -13.26625539
Cd -4.06194456 -7.03549436 -8.29140962
Se -4.06194456 -7.03549436 0.0
Cd -4.06194456 -7.03549436 4.97484577
Se -4.06194456 -7.03549436 13.26625539
Cd -4.06194456 -7.03549436 18.24110117
Se -4.06194456 2.34516479 -19.89938309
Cd -4.06194456 2.34516479 -14.92453732
Se -4.06194456 2.34516479 -6.6331277
Cd -4.06194456 2.34516479 -1.65828192
Se -4.06194456 2.34516479 6.6331277
Cd -4.06194456 2.34516479 11.60797347
Se -4.06194456 2.34516479 19.89938309
Cd -4.06194456 7.03549436 -21.55766502
Se -4.06194456 7.03549436 -13.26625539
Cd -4.06194456 7.03549436 -8.29140962
Se -4.06194456 7.03549436 0.0
Cd -4.06194456 7.03549436 4.97484577
Se -4.06194456 7.03549436 13.26625539
Cd -4.06194456 7.03549436 18.24110117
Cd -4.06194456 16.41615351 -14.92453732
Se -4.06194456 16.41615351 -6.6331277
Cd -4.06194456 16.41615351 -1.65828192
Se -4.06194456 16.41615351 6.6331277
Cd -4.06194456 16.41615351 11.60797347
Se -4.06194456 21.10648309 -13.26625539
Cd -4.06194456 21.10648309 -8.29140962
Se -4.06194456 21.10648309 0.0
Cd -4.06194456 21.10648309 4.97484577
Se 0.0 -18.7613183 -6.6331277
Cd 0.0 -18.7613183 -1.65828192
Se 0.0 -18.7613183 6.6331277
Cd 0.0 -18.7613183 11.60797347
Se 0.0 -14.07098872 -13.26625539
Cd 0.0 -14.07098872 -8.29140962
Se 0.0 -14.07098872 0.0
Cd 0.0 -14.07098872 4.97484577
Se -0.0 -14.07098872 13.26625539
Cd -0.0 -14.07098872 18.24110117
Se 0.0 -4.69032957 -19.89938309
Cd 0.0 -4.69032957 -14.92453732
Se 0.0 -4.69032957 -6.6331277
Cd 0.0 -4.69032957 -1.65828192
Se 0.0 -4.69032957 6.6331277
Cd 0.0 -4.69032957 11.60797347
Se -0.0 -4.69032957 19.89938309
Cd 0.0 0.0 -21.55766502
Se 0.0 0.0 -13.26625539
Cd 0.0 0.0 -8.29140962
Se 0.0 0.0 0.0
Cd 0.0 0.0 4.97484577
Se -0.0 -0.0 13.26625539
Cd -0.0 -0.0 18.24110117
Se 0.0 9.38065915 -19.89938309
Cd 0.0 9.38065915 -14.92453732
Se 0.0 9.38065915 -6.6331277
Cd 0.0 9.38065915 -1.65828192
Se -0.0 9.38065915 6.6331277
Cd -0.0 9.38065915 11.60797347
Se -0.0 9.38065915 19.89938309
Se 0.0 14.07098872 -13.26625539
Cd 0.0 14.07098872 -8.29140962
Se -0.0 14.07098872 0.0
Cd -0.0 14.07098872 4.97484577
Se -0.0 14.07098872 13.26625539
Cd -0.0 14.07098872 18.24110117
Cd 0.0 23.45164787 -1.65828192
Se -0.0 23.45164787 6.6331277
Cd 4.06194456 -21.10648309 -8.29140962
Se 4.06194456 -21.10648309 0.0
Cd 4.06194456 -21.10648309 4.97484577
Se 4.06194456 -21.10648309 13.26625539
Se 4.06194456 -11.72582394 -19.89938309
Cd 4.06194456 -11.72582394 -14.92453732
Se 4.06194456 -11.72582394 -6.6331277
Cd 4.06194456 -11.72582394 -1.65828192
Se 4.06194456 -11.72582394 6.6331277
Cd 4.06194456 -11.72582394 11.60797347
Se 4.06194456 -11.72582394 19.89938309
Cd 4.06194456 -7.03549436 -21.55766502
Se 4.06194456 -7.03549436 -13.26625539
Cd 4.06194456 -7.03549436 -8.29140962
Se 4.06194456 -7.03549436 0.0
Cd 4.06194456 -7.03549436 4.97484577
Se 4.06194456 -7.03549436 13.26625539
Cd 4.06194456 -7.03549436 18.24110117
Se 4.06194456 2.34516479 -19.89938309
Cd 4.06194456 2.34516479 -14.92453732
Se 4.06194456 2.34516479 -6.6331277
Cd 4.06194456 2.34516479 -1.65828192
Se 4.06194456 2.34516479 6.6331277
Cd 4.06194456 2.34516479 11.60797347
Se 4.06194456 2.34516479 19.89938309
Cd 4.06194456 7.03549436 -21.55766502
Se 4.06194456 7.03549436 -13.26625539
Cd 4.06194456 7.03549436 -8.29140962
Se 4.06194456 7.03549436 0.0
Cd 4.06194456 7.03549436 4.97484577
Se 4.06194456 7.03549436 13.26625539
Cd 4.06194456 7.03549436 18.24110117
Cd 4.06194456 16.41615351 -14.92453732
Se 4.06194456 16.41615351 -6.6331277
Cd 4.06194456 16.41615351 -1.65828192
Se 4.06194456 16.41615351 6.6331277
Cd 4.06194456 16.41615351 11.60797347
Se 4.06194456 21.10648309 -13.26625539
Cd 4.06194456 21.10648309 -8.29140962
Se 4.06194456 21.10648309 0.0
Cd 4.06194456 21.10648309 4.97484577
Se 8.123889129999998 -18.7613183 -6.6331277
Cd 8.123889129999998 -18.7613183 -1.65828192
Se 8.123889129999998 -18.7613183 6.6331277
Cd 8.123889129999998 -18.7613183 11.60797347
Se 8.123889129999998 -14.07098872 -13.26625539
Cd 8.123889129999998 -14.07098872 -8.29140962
Se 8.123889129999998 -14.07098872 0.0
Cd 8.123889129999998 -14.07098872 4.97484577
Se 8.123889129999998 -14.07098872 13.26625539
Cd 8.123889129999998 -14.07098872 18.24110117
Se 8.123889129999998 -4.69032957 -19.89938309
Cd 8.123889129999998 -4.69032957 -14.92453732
Se 8.123889129999998 -4.69032957 -6.6331277
Cd 8.123889129999998 -4.69032957 -1.65828192
Se 8.123889129999998 -4.69032957 6.6331277
Cd 8.123889129999998 -4.69032957 11.60797347
Se 8.123889129999998 -4.69032957 19.89938309
Cd 8.123889129999998 0.0 -21.55766502
Se 8.123889129999998 0.0 -13.26625539
Cd 8.123889129999998 0.0 -8.29140962
Se 8.123889129999998 0.0 0.0
Cd 8.123889129999998 0.0 4.97484577
Se 8.123889129999998 -0.0 13.26625539
Cd 8.123889129999998 -0.0 18.24110117
Se 8.123889129999998 9.38065915 -19.89938309
Cd 8.123889129999998 9.38065915 -14.92453732
Se 8.123889129999998 9.38065915 -6.6331277
Cd 8.123889129999998 9.38065915 -1.65828192
Se 8.123889129999998 9.38065915 6.6331277
Cd 8.123889129999998 9.38065915 11.60797347
Se 8.123889129999998 9.38065915 19.89938309
Se 8.123889129999998 14.07098872 -13.26625539
Cd 8.123889129999998 14.07098872 -8.29140962
Se 8.123889129999998 14.07098872 0.0
Cd 8.123889129999998 14.07098872 4.97484577
Se 8.123889129999998 14.07098872 13.26625539
Cd 8.123889129999998 14.07098872 18.24110117
Cd 12.18583369 -11.72582394 -14.92453732
Se 12.18583369 -11.72582394 -6.6331277
Cd 12.18583369 -11.72582394 -1.65828192
Se 12.18583369 -11.72582394 6.6331277
Cd 12.18583369 -11.72582394 11.60797347
Se 12.18583369 -7.03549436 -13.26625539
Cd 12.18583369 -7.03549436 -8.29140962
Se 12.18583369 -7.03549436 0.0
Cd 12.18583369 -7.03549436 4.97484577
Se 12.18583369 -7.03549436 13.26625539
Cd 12.18583369 -7.03549436 18.24110117
Se 12.18583369 2.34516479 -19.89938309
Cd 12.18583369 2.34516479 -14.92453732
Se 12.18583369 2.34516479 -6.6331277
Cd 12.18583369 2.34516479 -1.65828192
Se 12.18583369 2.34516479 6.6331277
Cd 12.18583369 2.34516479 11.60797347
Se 12.18583369 2.34516479 19.89938309
Se 12.18583369 7.03549436 -13.26625539
Cd 12.18583369 7.03549436 -8.29140962
Se 12.18583369 7.03549436 0.0
Cd 12.18583369 7.03549436 4.97484577
Se 12.18583369 7.03549436 13.26625539
Cd 12.18583369 7.03549436 18.24110117
Se 12.18583369 16.41615351 -6.6331277
Cd 12.18583369 16.41615351 -1.65828192
Se 12.18583369 16.41615351 6.6331277
Cd 12.18583369 16.41615351 11.60797347
Se 16.247778259999997 -14.07098872 -13.26625539
Cd 16.247778259999997 -14.07098872 -8.29140962
Se 16.247778259999997 -14.07098872 0.0
Cd 16.247778259999997 -14.07098872 4.97484577
Cd 16.247778259999997 -4.69032957 -14.92453732
Se 16.247778259999997 -4.69032957 -6.6331277
Cd 16.247778259999997 -4.69032957 -1.65828192
Se 16.247778259999997 -4.69032957 6.6331277
Cd 16.247778259999997 -4.69032957 11.60797347
Se 16.247778259999997 0.0 -13.26625539
Cd 16.247778259999997 0.0 -8.29140962
Se 16.247778259999997 0.0 0.0
Cd 16.247778259999997 0.0 4.97484577
Se 16.247778259999997 -0.0 13.26625539
Cd 16.247778259999997 -0.0 18.24110117
Se 16.247778259999997 9.38065915 -6.6331277
Cd 16.247778259999997 9.38065915 -1.65828192
Se 16.247778259999997 9.38065915 6.6331277
Cd 16.247778259999997 9.38065915 11.60797347
Cd 16.247778259999997 14.07098872 -8.29140962
Se 16.247778259999997 14.07098872 0.0
Cd 16.247778259999997 14.07098872 4.97484577
Se 16.247778259999997 14.07098872 13.26625539
Cd 20.30972282 -11.72582394 -1.65828192
Se 20.30972282 -11.72582394 6.6331277
Se 20.30972282 -7.03549436 -13.26625539
Cd 20.30972282 -7.03549436 -8.29140962
Se 20.30972282 -7.03549436 0.0
Cd 20.30972282 -7.03549436 4.97484577
Se 20.30972282 2.34516479 -6.6331277
Cd 20.30972282 2.34516479 -1.65828192
Se 20.30972282 2.34516479 6.6331277
Cd 20.30972282 2.34516479 11.60797347
Cd 20.30972282 7.03549436 -8.29140962
Se 20.30972282 7.03549436 0.0
Cd 20.30972282 7.03549436 4.97484577
Se 20.30972282 7.03549436 13.26625539
P1 -1.82787505 22.39632372 -7.37935456
P1 -2.23406951 15.360829359999999 19.15315622
P2 -3.0464584199999996 21.692774279999995 -13.680825869999998
P2 -3.0464584199999996 -12.31211513 -20.31395357
P1 -4.06194456 18.995834779999996 12.52002853
P1 -4.06194456 16.41615351 -17.66070249
P1 -4.06194456 7.03549436 -24.29383019
P2 -4.06194456 2.34516479 21.39183682
P1 -4.06194456 -7.03549436 -24.29383019
P2 -4.06194456 -11.72582394 21.39183682
P2 -4.06194456 -21.10648309 14.50996684
P1 -4.06194456 -21.10648309 -11.0275748
P2 -4.06194456 -22.27906548 12.85168491
P2 -4.06194456 -22.51358196 -0.49748458
P1 -4.06194456 -23.68616435 5.88690083
P1 -4.06194456 -23.68616435 -7.37935456
P2 -5.0774307 -12.31211513 -20.31395357
P2 -5.07743071 21.692774279999995 -13.680825869999998
P2 -5.28052793 21.81003252 -0.49748458
P1 -5.88981962 15.360829359999999 19.15315622
P1 -6.296014069999999 22.39632372 5.88690083
P1 -6.296014069999999 22.39632372 -7.37935456
P2 -8.123889129999998 10.55324154 -20.31395357
P2 -8.123889129999998 9.38065915 21.39183682
P1 -8.123889129999998 0.0 -24.29383019
P2 -8.123889129999998 -4.69032957 21.39183682
P2 -8.123889129999998 -15.478087600000002 -13.76373997
P1 -8.123889129999998 -16.65066999 19.15315622
P2 -9.13937527 8.79436795 -20.31395357
P2 -9.3424725 14.77453816 -13.76373997
P2 -9.3424725 -5.39387901 -20.39686767
P2 -9.3424725 -19.46486774 6.13564312
P2 -9.3424725 -19.46486774 -7.13061227
P1 -10.35795864 15.360829359999999 19.15315622
P1 -10.35795864 -12.78114809 19.15315622
P1 -10.35795864 -20.05115893 12.52002853
P1 -10.35795864 -20.05115893 -0.74622687
P1 -12.18583369 18.995834779999996 12.52002853
P1 -12.18583369 18.995834779999996 -0.74622687
P2 -12.18583369 17.82325238 6.13564312
P2 -12.18583369 17.82325238 -7.13061227
P2 -12.18583369 3.51774718 -20.31395357
P2 -12.18583369 2.34516479 21.39183682
P1 -12.18583369 -9.61517563 19.15315622
P1 -12.18583369 -11.72582394 -17.66070249
P2 -13.20131983 1.75887359 -20.31395357
P2 -13.40441706 7.739043800000001 -13.76373997
P1 -14.4199032 8.325335 19.15315622
P1 -14.4199032 -5.74565373 19.15315622
P1 -14.4199032 -13.01566457 12.52002853
P2 -16.247778259999997 14.07098872 14.50996684
P1 -16.247778259999997 14.07098872 -11.0275748
P1 -16.247778259999997 -2.57968127 19.15315622
P1 -16.247778259999997 -4.69032957 -17.66070249
P2 -16.247778259999997 -15.24357112 -13.680825869999998
P2 -16.247778259999997 -15.478087600000002 -0.49748458
P1 -16.247778259999997 -16.65066999 5.88690083
P1 -16.247778259999997 -16.65066999 -7.37935456
P2 -17.2632644 14.65727992 12.85168491
P2 -17.2632644 -13.48469753 -13.680825869999998
P2 -17.46636163 14.77453816 -0.49748458
P2 -17.46636163 0.70354944 -13.76373997
P1 -18.48184777 15.360829359999999 5.88690083
P1 -18.48184777 15.360829359999999 -7.37935456
P1 -18.48184777 1.28984063 19.15315622
P1 -18.48184777 -5.98017021 12.52002853
P1 -18.48184777 -12.78114809 -7.37935456
P2 -20.30972282 7.03549436 14.50996684
P1 -20.30972282 7.03549436 -11.0275748
P2 -20.30972282 -8.20807676 -13.680825869999998
P1 -20.30972282 -9.61517563 -7.37935456
P2 -20.30972282 -11.72582394 7.87683914
P1 -20.30972282 -11.72582394 -4.3944471
P2 -21.32520896 7.62178556 12.85168491
P2 -21.32520896 -6.44920317 -13.680825869999998
P2 -21.32520896 -12.31211513 6.21855722
P2 -21.528306189999995 7.739043800000001 -0.49748458
P2 -21.528306189999995 1.64161535 6.13564312
P2 -21.528306189999995 1.64161535 -7.13061227
P2 -21.528306189999995 -6.33194493 -0.49748458
P1 -22.54379233 8.325335 5.88690083
P1 -22.54379233 8.325335 -7.37935456
P1 -22.54379233 1.05532415 12.52002853
P1 -22.54379233 1.05532415 -0.74622687
P1 -22.54379233 -5.74565373 5.88690083
P1 -22.54379233 -5.74565373 -7.37935456
P1 -22.54379233 -13.01566457 -0.74622687
P1 -0.0 -16.65066999 19.15315622
P2 0.0 -15.478087600000002 -13.76373997
P2 -0.0 -4.69032957 21.39183682
P1 0.0 0.0 -24.29383019
P2 -0.0 9.38065915 21.39183682
P2 0.0 10.78775802 -20.39686767
P1 0.0 23.45164787 -4.3944471
P2 -0.0 23.45164787 7.87683914
P2 -0.0 24.62423027 6.21855722
P1 0.0 26.03132914 -0.74622687
P1 1.82787505 22.39632372 -7.37935456
P1 2.23406951 15.360829359999999 19.15315622
P2 3.0464584199999996 -12.31211513 -20.31395357
P2 3.0464584199999996 21.692774279999995 -13.680825869999998
P1 4.06194456 -23.68616435 -7.37935456
P1 4.06194456 -23.68616435 5.88690083
P2 4.06194456 -22.51358196 -0.49748458
P2 4.06194456 -22.27906548 12.85168491
P1 4.06194456 -21.10648309 -11.0275748
P2 4.06194456 -21.10648309 14.50996684
P2 4.06194456 -11.72582394 21.39183682
P1 4.06194456 -7.03549436 -24.29383019
P2 4.06194456 2.34516479 21.39183682
P1 4.06194456 7.03549436 -24.29383019
P1 4.06194456 16.41615351 -17.66070249
P1 4.06194456 18.995834779999996 12.52002853
P2 5.07743071 -12.31211513 -20.31395357
P2 5.07743071 21.692774279999995 -13.680825869999998
P2 5.28052793 21.81003252 -0.49748458
P1 5.88981962 15.360829359999999 19.15315622
P1 6.296014069999999 22.39632372 -7.37935456
P1 6.296014069999999 22.39632372 5.88690083
P1 8.123889129999998 -16.65066999 19.15315622
P2 8.123889129999998 -15.478087600000002 -13.76373997
P2 8.123889129999998 -4.69032957 21.39183682
P1 8.123889129999998 0.0 -24.29383019
P2 8.123889129999998 9.38065915 21.39183682
P2 8.123889129999998 10.55324154 -20.31395357
P2 9.13937527 8.79436795 -20.31395357
P2 9.3424725 -19.46486774 -7.13061227
P2 9.3424725 -19.46486774 6.13564312
P2 9.3424725 -5.39387901 -20.39686767
P2 9.3424725 14.77453816 -13.76373997
P1 10.35795864 -20.05115893 -0.74622687
P1 10.35795864 -20.05115893 12.52002853
P1 10.35795864 -12.78114809 19.15315622
P1 10.35795864 15.360829359999999 19.15315622
P1 12.18583369 -11.72582394 -17.66070249
P1 12.18583369 -9.61517563 19.15315622
P2 12.18583369 2.34516479 21.39183682
P2 12.18583369 3.51774718 -20.31395357
P2 12.18583369 17.82325238 -7.13061227
P2 12.18583369 17.82325238 6.13564312
P1 12.18583369 18.995834779999996 -0.74622687
P1 12.18583369 18.995834779999996 12.52002853
P2 13.20131983 1.75887359 -20.31395357
P2 13.40441706 7.739043800000001 -13.76373997
P1 14.4199032 -13.01566457 12.52002853
P1 14.4199032 -5.74565373 19.15315622
P1 14.4199032 8.325335 19.15315622
P1 16.247778259999997 -16.65066999 -7.37935456
P1 16.247778259999997 -16.65066999 5.88690083
P2 16.247778259999997 -15.478087600000002 -0.49748458
P2 16.247778259999997 -15.24357112 -13.680825869999998
P1 16.247778259999997 -4.69032957 -17.66070249
P1 16.247778259999997 -2.57968127 19.15315622
P1 16.247778259999997 14.07098872 -11.0275748
P2 16.247778259999997 14.07098872 14.50996684
P2 17.2632644 -13.48469753 -13.680825869999998
P2 17.2632644 14.65727992 12.85168491
P2 17.46636163 0.70354944 -13.76373997
P2 17.46636163 14.77453816 -0.49748458
P1 18.48184777 -12.78114809 -7.37935456
P1 18.48184777 -5.98017021 12.52002853
P1 18.48184777 1.28984063 19.15315622
P1 18.48184777 15.360829359999999 -7.37935456
P1 18.48184777 15.360829359999999 5.88690083
P1 20.30972282 -11.72582394 -4.3944471
P2 20.30972282 -11.72582394 7.87683914
P1 20.30972282 -9.61517563 -7.37935456
P2 20.30972282 -8.20807676 -13.680825869999998
P1 20.30972282 7.03549436 -11.0275748
P2 20.30972282 7.03549436 14.50996684
P2 21.32520896 -12.31211513 6.21855722
P2 21.32520896 -6.44920317 -13.680825869999998
P2 21.32520896 7.62178556 12.85168491
P2 21.528306189999995 -6.33194493 -0.49748458
P2 21.528306189999995 1.64161535 -7.13061227
P2 21.528306189999995 1.64161535 6.13564312
P2 21.528306189999995 7.739043800000001 -0.49748458
P1 22.54379233 -13.01566457 -0.74622687
P1 22.54379233 -5.74565373 -7.37935456
P1 22.54379233 -5.74565373 5.88690083
P1 22.54379233 1.05532415 -0.74622687
P1 22.54379233 1.05532415 12.52002853
P1 22.54379233 8.325335 -7.37935456
P1 22.54379233 8.325335 5.88690083
PC6 -22.543792334673455 -13.01566457194207 1.1435000077743553
PC5 -22.543792330010383 -14.79731615583895 -1.376135831089119
P3 -24.086747862248068 -12.12483877475139 -1.3761358321584778
PC6 -22.258125662646396 -5.171588804532144 -5.601740516093539
PC5 -24.018093054273226 -6.926701105997434 -7.43065897150454
P3 -22.898113808132578 -4.247845488023261 -8.47575523173607
PC6 -22.258125662646396 -5.171588804532144 7.6645148739064615
PC5 -24.018093054273226 -6.926701105997434 5.835596418495461
P3 -22.898113808132578 -4.247845488023261 4.790500158263929
PC6 -22.344879398372022 0.6760253441478773 1.094325692165268
PC5 -22.772818254826397 -0.5593277603765859 -1.7009592967340383
P3 -24.056634871075175 2.158449068324593 -1.0021380519897194
PC6 -22.344879391195327 0.6760253437532834 14.360581091308347
PC5 -22.772818259921166 -0.559327760076579 11.565296103980744
P3 -24.056634871277396 2.158449069504429 12.264117354291509
PC6 -21.993225327491796 7.618676735332112 -11.657483759258119
PC5 -19.973022318331065 5.285947233511248 -11.657483759258119
P3 -18.962920814177142 8.201859111156644 -11.657483759258119
PC6 -22.48781806459466 8.424721719624953 -5.493073341793835
PC5 -24.08463783997803 7.371093921268956 -7.9144122677526925
P3 -22.6018766178212 10.07101515592496 -8.100669110872872
PC6 -22.48781806459466 8.424721719624953 7.773182048206165
PC5 -24.08463783997803 7.371093921268957 5.351843122247308
P3 -22.6018766178212 10.07101515592496 5.165586279127129
PC6 -15.607790116894257 -16.690307862410634 -5.6017405163061404
PC5 -15.127799010885113 -17.7064255104124 -8.475755232771414
P3 -18.007745652220624 -17.33692818358914 -7.430658971454656
PC6 -15.607790116894257 -16.69030786241063 7.66451487369386
PC5 -15.127799010885113 -17.706425510412405 4.790500157228586
P3 -18.007745652220624 -17.33692818358914 5.835596418545346
PC6 -17.959533735778205 -5.184470811723958 -18.29061144925812
PC5 -14.96396165372036 -5.925682676229066 -18.29061144925812
P3 -15.819839390501432 -2.9608352220469762 -18.29061144925812
PC6 -18.41036284699764 -6.10800525739347 14.404070933722396
PC5 -18.556813703660826 -7.7145206623114255 11.773385181445736
P3 -20.02132229173543 -5.008810507113966 12.012538434412466
PC6 -18.32276528454983 1.586782560844136 21.0126147231972
PC5 -20.006267784494707 0.226023684348666 18.813296251577945
P3 -18.659465777887373 2.947541437339606 18.263466639751613
PC6 -17.594580266281746 15.237353470626761 -11.657483759258119
PC5 -16.584478760980605 12.321441593378779 -11.657483759258119
P3 -14.564275752737647 14.654171095994462 -11.657483759258119
PC6 -18.539932060134234 15.262660867333086 -5.493073341604949
PC5 -20.022693279812813 14.538291756170256 -8.100669108417351
P3 -18.425873502446848 17.172361253315522 -7.914412270397099
PC6 -18.539932060134234 15.262660867333086 7.773182048395052
PC5 -20.022693279812813 14.538291756170256 5.165586281582649
P3 -18.425873502446848 17.172361253315522 5.3518431196029015
PC6 -13.469650296462051 -12.961177046039499 -18.29061144925812
PC5 -10.474078214294758 -12.219965181976713 -18.29061144925812
P3 -12.613772559243193 -9.996329591983786 -18.29061144925812
PC6 -14.49486913585307 -12.88983928710679 14.40407093377687
PC5 -14.348418280091124 -14.834568465652122 12.012538434342984
P3 -15.959377719108003 -12.213411748688246 11.773385182545994
PC6 -14.419903204621454 8.325335004334297 21.042883097774354
PC5 -15.962858734906376 7.43450920852828 18.523247259011686
P3 -14.419903194745771 10.10698658504154 18.523247256655466
PC6 -11.757894824905781 19.013220531939936 1.094325692670833
PC5 -13.89758916451982 19.75443239000479 -1.0021380540644147
P3 -10.902017080574398 20.001503006637932 -1.700959295277719
PC6 -11.757894820975707 19.013220525922037 14.360581091813911
PC5 -13.897589165642698 19.754432389590004 12.264117352216815
P3 -10.902017083381596 20.001503010900127 11.565296105437064
PC6 -10.586984574843937 -19.689245875401944 1.0943256923201257
PC5 -10.159045705604434 -21.91288146141727 -1.0021380521047094
P3 -11.870801176483532 -19.442175245713194 -1.7009592956886583
PC6 -10.586984571597318 -19.68924586898945 14.360581091463205
PC5 -10.159045704683779 -21.91288146218232 12.26411735417652
P3 -11.870801178771101 -19.442175250275394 11.565296105026123
PC6 -7.7871886313804515 -16.6613714826586 21.01261472313123
PC5 -6.7770871221442155 -17.63334209880425 18.263466638855736
P3 -9.807391636475332 -17.438947977119827 18.81329625134173
PC6 -9.905540716486305 0.0 -24.92373914925812
PC5 -7.233063336756847 -1.5429555345899877 -24.92373914925812
P3 -7.233063336756847 1.5429555345899877 -24.92373914925812
PC6 -10.535576653223396 15.07458892315712 21.012614723510467
PC5 -11.88237865561268 14.685800663876126 18.26346664043219
P3 -10.198876145437522 17.212924290870866 18.813296249498855
PC6 -4.398645061122282 -22.85603021659396 -11.657483759258119
PC5 -2.3784420526904237 -20.523300714141868 -11.657483759258119
P3 -5.408746566187295 -19.940118339264178 -11.657483759258119
PC6 -3.947886004567497 -23.68738257207632 -5.493073341716142
PC5 -2.5791833434699196 -24.60930690074981 -8.100669108814992
P3 -5.658764331962583 -24.54345516281865 -7.914412267830578
PC6 -3.947886004567497 -23.68738257207632 7.773182048283859
PC5 -2.5791833434699196 -24.60930690074981 5.165586281185008
P3 -5.658764331962584 -24.543455162818653 5.351843122169423
PC6 -4.952770352810877 -8.578449894839563 -24.92373914925812
PC5 -2.2802929735136956 -7.035494359500851 -24.92373914925812
P3 -4.952770353675429 -5.492538825659587 -24.92373914925812
PC6 -4.952770352810877 8.578449894839563 -24.92373914925812
PC5 -4.952770353675429 5.492538825659587 -24.92373914925812
P3 -2.2802929735136956 7.035494359500851 -24.92373914925812
PC6 -4.48988342855915 18.14564785818547 -18.29061144925812
PC5 -5.345761166950651 15.180800404468272 -18.29061144925812
P3 -2.3501890844901996 15.922012267346258 -18.29061144925812
PC6 -3.9154937018005653 18.9978445448028 14.404070933864865
PC5 -5.6729040009890825 19.843378969588365 12.012538432790256
P3 -2.597435977210352 19.927932412021004 11.77338518281267
PC6 -1.066485916877416 21.409449040876112 -5.958991005043109
PC5 -2.3018390224754293 24.11972854607225 -6.765920267798297
P3 -0.5723446755949534 22.5506193644988 -8.783243446492744
PC6 -6.6503355457237125 21.861896663519317 -5.601740517040962
PC5 -7.770314795149176 21.954270999401572 -8.475755233394063
P3 -6.010347404179312 24.263629288526268 -7.430658968899127
PC6 -6.650335545723712 21.861896663519317 7.664514872959038
PC5 -7.770314795149176 21.954270999401572 4.790500156605939
P3 -6.010347404179311 24.263629288526268 5.835596421100874
PC6 3.947886004567497 -23.68738257207632 -5.493073341716142
PC5 5.658764331962583 -24.54345516281865 -7.914412267830578
P3 2.5791833434699196 -24.60930690074981 -8.100669108814992
PC6 4.398645061122282 -22.85603021659396 -11.657483759258119
PC5 5.408746566187295 -19.940118339264178 -11.657483759258119
P3 2.3784420526904237 -20.523300714141868 -11.657483759258119
PC6 3.947886004567497 -23.68738257207632 7.773182048283859
PC5 5.658764331962584 -24.543455162818653 5.351843122169423
P3 2.5791833434699196 -24.60930690074981 5.165586281185008
PC6 4.952770352810877 -8.578449894839563 -24.92373914925812
PC5 4.952770353675429 -5.492538825659587 -24.92373914925812
P3 2.2802929735136956 -7.035494359500851 -24.92373914925812
PC6 4.952770352810877 8.578449894839563 -24.92373914925812
PC5 2.2802929735136956 7.035494359500851 -24.92373914925812
P3 4.952770353675429 5.492538825659587 -24.92373914925812
PC6 4.48988342855915 18.14564785818547 -18.29061144925812
PC5 2.3501890844901996 15.922012267346258 -18.29061144925812
P3 5.345761166950651 15.180800404468272 -18.29061144925812
PC6 3.9154937018005653 18.9978445448028 14.404070933864865
PC5 2.597435977210352 19.927932412021004 11.77338518281267
P3 5.6729040009890825 19.843378969588365 12.012538432790256
PC6 1.066485916877416 21.409449040876112 -5.958991005043109
PC5 0.5723446755949534 22.5506193644988 -8.783243446492744
P3 2.3018390224754293 24.11972854607225 -6.765920267798297
PC6 6.6503355457237125 21.861896663519317 -5.601740517040962
PC5 6.010347404179312 24.263629288526268 -7.430658968899127
P3 7.770314795149176 21.954270999401572 -8.475755233394063
PC6 6.650335545723712 21.861896663519317 7.664514872959038
PC5 6.010347404179311 24.263629288526268 5.835596421100874
P3 7.770314795149176 21.954270999401572 4.790500156605939
PC6 10.586984574843937 -19.689245875401944 1.0943256923201257
PC5 11.870801176483532 -19.442175245713194 -1.7009592956886583
P3 10.159045705604434 -21.91288146141727 -1.0021380521047094
PC6 10.586984571597318 -19.68924586898945 14.360581091463205
PC5 11.870801178771101 -19.442175250275394 11.565296105026123
P3 10.159045704683779 -21.91288146218232 12.26411735417652
PC6 7.7871886313804515 -16.6613714826586 21.01261472313123
PC5 9.807391636475332 -17.438947977119827 18.81329625134173
P3 6.7770871221442155 -17.63334209880425 18.263466638855736
PC6 9.905540716486305 0.0 -24.92373914925812
PC5 7.233063336756847 1.5429555345899877 -24.92373914925812
P3 7.233063336756847 -1.5429555345899877 -24.92373914925812
PC6 10.535576653223396 15.07458892315712 21.012614723510467
PC5 10.198876145437522 17.212924290870866 18.813296249498855
P3 11.88237865561268 14.685800663876126 18.26346664043219
PC6 13.469650296462051 -12.961177046039499 -18.29061144925812
PC5 12.613772559243193 -9.996329591983786 -18.29061144925812
P3 10.474078214294758 -12.219965181976713 -18.29061144925812
PC6 14.49486913585307 -12.88983928710679 14.40407093377687
PC5 15.959377719108003 -12.213411748688246 11.773385182545994
P3 14.348418280091124 -14.834568465652122 12.012538434342984
PC6 14.419903204621454 8.325335004334297 21.042883097774354
PC5 14.419903194745771 10.10698658504154 18.523247256655466
P3 15.962858734906376 7.43450920852828 18.523247259011686
PC6 11.757894824905781 19.013220531939936 1.094325692670833
PC5 10.902017080574398 20.001503006637932 -1.700959295277719
P3 13.89758916451982 19.75443239000479 -1.0021380540644147
PC6 11.757894820975707 19.013220525922037 14.360581091813911
PC5 10.902017083381596 20.001503010900127 11.565296105437064
P3 13.897589165642698 19.754432389590004 12.264117352216815
PC6 15.607790116894257 -16.690307862410634 -5.6017405163061404
PC5 18.007745652220624 -17.33692818358914 -7.430658971454656
P3 15.127799010885113 -17.7064255104124 -8.475755232771414
PC6 15.607790116894257 -16.69030786241063 7.66451487369386
PC5 18.007745652220624 -17.33692818358914 5.835596418545346
P3 15.127799010885113 -17.706425510412405 4.790500157228586
PC6 17.959533735778205 -5.184470811723958 -18.29061144925812
PC5 15.819839390501432 -2.9608352220469762 -18.29061144925812
P3 14.96396165372036 -5.925682676229066 -18.29061144925812
PC6 18.41036284699764 -6.10800525739347 14.404070933722396
PC5 20.02132229173543 -5.008810507113966 12.012538434412466
P3 18.556813703660826 -7.7145206623114255 11.773385181445736
PC6 18.32276528454983 1.586782560844136 21.0126147231972
PC5 18.659465777887373 2.947541437339606 18.263466639751613
P3 20.006267784494707 0.226023684348666 18.813296251577945
PC6 17.594580266281746 15.237353470626761 -11.657483759258119
PC5 14.564275752737647 14.654171095994462 -11.657483759258119
P3 16.584478760980605 12.321441593378779 -11.657483759258119
PC6 18.539932060134234 15.262660867333086 -5.493073341604949
PC5 18.425873502446848 17.172361253315522 -7.914412270397099
P3 20.022693279812813 14.538291756170256 -8.100669108417351
PC6 18.539932060134234 15.262660867333086 7.773182048395052
PC5 18.425873502446848 17.172361253315522 5.3518431196029015
P3 20.022693279812813 14.538291756170256 5.165586281582649
PC6 22.543792334673455 -13.01566457194207 1.1435000077743553
PC5 24.086747862248068 -12.12483877475139 -1.3761358321584778
P3 22.543792330010383 -14.79731615583895 -1.376135831089119
PC6 22.258125662646396 -5.171588804532144 -5.601740516093539
PC5 22.898113808132578 -4.247845488023261 -8.47575523173607
P3 24.018093054273226 -6.926701105997434 -7.43065897150454
PC6 22.258125662646396 -5.171588804532144 7.6645148739064615
PC5 22.898113808132578 -4.247845488023261 4.790500158263929
P3 24.018093054273226 -6.926701105997434 5.835596418495461
PC6 22.344879398372022 0.6760253441478773 1.094325692165268
PC5 24.056634871075175 2.158449068324593 -1.0021380519897194
P3 22.772818254826397 -0.5593277603765859 -1.7009592967340383
PC6 22.344879391195327 0.6760253437532834 14.360581091308347
PC5 24.056634871277396 2.158449069504429 12.264117354291509
P3 22.772818259921166 -0.559327760076579 11.565296103980744
PC6 21.993225327491796 7.618676735332112 -11.657483759258119
PC5 18.962920814177142 8.201859111156644 -11.657483759258119
P3 19.973022318331065 5.285947233511248 -11.657483759258119
PC6 22.48781806459466 8.424721719624953 -5.493073341793835
PC5 22.6018766178212 10.07101515592496 -8.100669110872872
P3 24.08463783997803 7.371093921268956 -7.9144122677526925
PC6 22.48781806459466 8.424721719624953 7.773182048206165
PC5 22.6018766178212 10.07101515592496 5.165586279127129
P3 24.08463783997803 7.371093921268957 5.351843122247308
