0 0.64
0.0251327 0.639819
0.0502655 0.639275
0.0753982 0.63837
0.100531 0.637104
0.125664 0.635481
0.150796 0.633503
0.175929 0.631173
0.201062 0.628496
0.226195 0.625475
0.251327 0.622116
0.27646 0.618424
0.301593 0.614406
0.326726 0.610068
0.351858 0.605418
0.376991 0.600462
0.402124 0.595209
0.427257 0.589668
0.452389 0.583848
0.477522 0.577758
0.502655 0.571407
0.527788 0.564805
0.55292 0.557964
0.578053 0.550893
0.603186 0.543603
0.628319 0.536106
0.653451 0.528413
0.678584 0.520535
0.703717 0.512483
0.728849 0.504271
0.753982 0.495909
0.779115 0.487409
0.804248 0.478783
0.82938 0.470044
0.854513 0.461202
0.879646 0.452271
0.904779 0.443261
0.929911 0.434184
0.955044 0.425053
0.980177 0.415877
1.00531 0.406669
1.03044 0.39744
1.05558 0.388197
1.08071 0.378958
1.10584 0.369729
1.13097 0.360521
1.15611 0.351339
1.18124 0.3422
1.20637 0.333111
1.2315 0.324079
1.25664 0.315109
1.28177 0.306218
1.3069 0.297409
1.33204 0.288686
1.35717 0.280064
1.3823 0.271545
1.40743 0.263137
1.43257 0.254841
1.4577 0.246669
1.48283 0.238625
1.50796 0.230712
1.5331 0.222932
1.55823 0.215295
1.58336 0.207802
1.6085 0.200453
1.63363 0.193258
1.65876 0.186215
1.68389 0.179327
1.70903 0.172593
1.73416 0.166021
1.75929 0.159608
1.78442 0.153357
1.80956 0.147264
1.83469 0.141335
1.85982 0.135568
1.88496 0.129961
1.91009 0.124517
1.93522 0.119234
1.96035 0.11411
1.98549 0.109142
2.01062 0.104333
2.03575 0.0996801
2.06088 0.0951804
2.08602 0.0908306
2.11115 0.0866322
2.13628 0.0825809
2.16142 0.078673
2.18655 0.074909
2.21168 0.0712847
2.23681 0.0677973
2.26195 0.0644426
2.28708 0.0612205
2.31221 0.0581266
2.33734 0.0551577
2.36248 0.0523097
2.38761 0.0495817
2.41274 0.0469693
2.43788 0.0444684
2.46301 0.0420777
2.48814 0.039793
2.51327 0.037611
2.53841 0.0355277
2.56354 0.0335416
2.58867 0.0316485
2.61381 0.0298447
2.63894 0.0281284
2.66407 0.0264958
2.6892 0.0249437
2.71434 0.0234688
2.73947 0.022069
2.7646 0.020741
2.78973 0.0194819
2.81487 0.0182884
2.84 0.0171587
2.86513 0.0160896
2.89027 0.0150782
2.9154 0.0141228
2.94053 0.0132204
2.96566 0.0123686
2.9908 0.0115649
3.01593 0.0108076
3.04106 0.0100941
3.06619 0.00942237
3.09133 0.00879013
3.11646 0.00819589
3.14159 0.00763749
3.16673 0.0071129
3.19186 0.00662078
3.21699 0.00615922
3.24212 0.00572659
3.26726 0.00532117
3.29239 0.0049418
3.31752 0.00458687
3.34265 0.00425502
3.36779 0.00394483
3.39292 0.00365529
3.41805 0.00338508
3.44319 0.00313297
3.46832 0.00289808
3.49345 0.00267929
3.51858 0.00247561
3.54372 0.00228605
3.56885 0.00210987
3.59398 0.00194616
3.61911 0.00179414
3.64425 0.00165301
3.66938 0.00152216
3.69451 0.00140088
3.71965 0.00128848
3.74478 0.00118447
3.76991 0.00108825
3.79504 0.000999267
3.82018 0.000917013
3.84531 0.000841082
3.87044 0.000771001
3.89557 0.000706358
3.92071 0.000646746
3.94584 0.00059185
3.97097 0.000541307
3.99611 0.000494782
4.02124 0.000452016
4.04637 0.000412712
4.0715 0.000376612
4.09664 0.000343463
4.12177 0.000313065
4.1469 0.000285196
4.17204 0.000259651
4.19717 0.000236269
4.2223 0.00021487
4.24743 0.000195299
4.27257 0.000177404
4.2977 0.000161062
4.32283 0.000146144
4.34796 0.000132532
4.3731 0.000120115
4.39823 0.000108804
4.42336 9.8502e-05
4.4485 8.91215e-05
4.47363 8.05919e-05
4.49876 7.28374e-05
4.52389 6.57917e-05
4.54903 5.93914e-05
4.57416 5.35856e-05
4.59929 4.83199e-05
4.62442 4.3547e-05
4.64956 3.92217e-05
4.67469 3.53074e-05
4.69982 3.17658e-05
4.72496 2.8562e-05
4.75009 2.56679e-05
4.77522 2.30539e-05
4.80035 2.06945e-05
4.82549 1.85651e-05
4.85062 1.66462e-05
4.87575 1.49171e-05
4.90088 1.33601e-05
4.92602 1.19583e-05
4.95115 1.0698e-05
4.97628 9.56505e-06
5.00142 8.54688e-06
5.02655 7.6331e-06
5.05168 6.81316e-06
5.07681 6.07785e-06
5.10195 5.41858e-06
5.12708 4.8283e-06
5.15221 4.29989e-06
5.17734 3.82714e-06
5.20248 3.40428e-06
5.22761 3.02656e-06
5.25274 2.68923e-06
5.27788 2.38803e-06
5.30301 2.11946e-06
5.32814 1.88003e-06
5.35327 1.66671e-06
5.37841 1.47668e-06
5.40354 1.30764e-06
5.42867 1.15729e-06
5.4538 1.02365e-06
5.47894 9.04886e-07
5.50407 7.99486e-07
5.5292 7.05962e-07
5.55434 6.22995e-07
5.57947 5.49494e-07
5.6046 4.8439e-07
5.62973 4.26758e-07
5.65487 3.7575e-07
5.68 3.30669e-07
5.70513 2.90831e-07
5.73027 2.55635e-07
5.7554 2.24582e-07
5.78053 1.9719e-07
5.80566 1.73041e-07
5.8308 1.51755e-07
5.85593 1.33019e-07
5.88106 1.1653e-07
5.90619 1.02027e-07
5.93133 8.92742e-08
5.95646 7.8075e-08
5.98159 6.82421e-08
6.00673 5.96105e-08
6.03186 5.2044e-08
6.05699 4.54122e-08
6.08212 3.9603e-08
6.10726 3.45154e-08
6.13239 3.00661e-08
6.15752 2.61754e-08
6.18265 2.27753e-08
6.20779 1.98046e-08
6.23292 1.72125e-08
6.25805 1.49512e-08
6.28319 1.29789e-08
6.30832 1.1261e-08
6.33345 9.76501e-09
6.35858 8.46292e-09
6.38372 7.32989e-09
6.40885 6.34531e-09
6.43398 5.48987e-09
6.45911 4.74707e-09
6.48425 4.10221e-09
6.50938 3.54314e-09
6.53451 3.05854e-09
6.55965 2.63856e-09
6.58478 2.27509e-09
6.60991 1.96059e-09
6.63504 1.6886e-09
6.66018 1.45343e-09
6.68531 1.25038e-09
6.71044 1.07509e-09
6.73557 9.23847e-10
6.76071 7.93383e-10
6.78584 6.80999e-10
6.81097 5.84203e-10
6.83611 5.00851e-10
6.86124 4.29174e-10
6.88637 3.67546e-10
6.9115 3.1459e-10
6.93664 2.69094e-10
6.96177 2.30062e-10
6.9869 1.9658e-10
7.01203 1.67875e-10
7.03717 1.43272e-10
7.0623 1.22213e-10
7.08743 1.0419e-10
7.11257 8.87693e-11
7.1377 7.55928e-11
7.16283 6.43356e-11
7.18796 5.47238e-11
7.2131 4.65187e-11
7.23823 3.95239e-11
7.26336 3.35619e-11
7.28849 2.84831e-11
7.31363 2.41576e-11
7.33876 2.04786e-11
7.36389 1.73502e-11
7.38903 1.46903e-11
7.41416 1.2432e-11
7.43929 1.05149e-11
7.46442 8.88835e-12
7.48956 7.50868e-12
7.51469 6.33999e-12
7.53982 5.35017e-12
7.56496 4.51202e-12
7.59009 3.80327e-12
7.61522 3.20404e-12
7.64035 2.69769e-12
7.66549 2.26992e-12
7.69062 1.90903e-12
7.71575 1.60461e-12
7.74088 1.34797e-12
7.76602 1.13165e-12
7.79115 9.49576e-13
7.81628 7.96345e-13
7.84142 6.67415e-13
7.86655 5.59081e-13
7.89168 4.68067e-13
7.91681 3.91647e-13
7.94195 3.27495e-13
7.96708 2.73715e-13
7.99221 2.28637e-13
8.01734 1.90875e-13
8.04248 1.59248e-13
8.06761 1.32796e-13
8.09274 1.10675e-13
8.11788 9.21794e-14
8.14301 7.67371e-14
8.16814 6.38456e-14
8.19327 5.30897e-14
8.21841 4.41175e-14
8.24354 3.66436e-14
8.26867 3.04186e-14
8.2938 2.52367e-14
8.31894 2.09242e-14
8.34407 1.73401e-14
8.3692 1.43618e-14
8.39434 1.18874e-14
8.41947 9.83442e-15
8.4446 8.13143e-15
8.46973 6.71952e-15
8.49487 5.5492e-15
8.52 4.58047e-15
8.54513 3.77871e-15
8.57026 3.11552e-15
8.5954 2.56707e-15
8.62053 2.11413e-15
8.64566 1.74013e-15
8.6708 1.43136e-15
8.69593 1.17681e-15
8.72106 9.66976e-16
8.74619 7.94108e-16
8.77133 6.51723e-16
8.79646 5.34607e-16
8.82159 4.38289e-16
8.84672 3.5912e-16
8.87186 2.94062e-16
8.89699 2.40672e-16
8.92212 1.96864e-16
8.94726 1.60926e-16
8.97239 1.31485e-16
8.99752 1.07369e-16
9.02265 8.76262e-17
9.04779 7.14675e-17
9.07292 5.82603e-17
9.09805 4.74669e-17
9.12319 3.8648e-17
9.14832 3.14523e-17
9.17345 2.55818e-17
9.19858 2.07953e-17
9.22372 1.68934e-17
9.24885 1.37169e-17
9.27398 1.11315e-17
9.29911 9.0282e-18
9.32425 7.31758e-18
9.34938 5.92821e-18
9.37451 4.79992e-18
9.39965 3.88384e-18
9.42478 3.14108e-18
9.44991 2.53893e-18
9.47504 2.05105e-18
9.50018 1.65584e-18
9.52531 1.33614e-18
9.55044 1.07756e-18
9.57557 8.68523e-19
9.60071 6.99583e-19
9.62584 5.63233e-19
9.65097 4.53201e-19
9.67611 3.64426e-19
9.70124 2.929e-19
9.72637 2.35279e-19
9.7515 1.88887e-19
9.77664 1.51543e-19
9.80177 1.21524e-19
9.8269 9.7396e-20
9.85203 7.80144e-20
9.87717 6.24487e-20
9.9023 4.99649e-20
9.92743 3.9954e-20
9.95257 3.19279e-20
9.9777 2.55019e-20
10.0028 2.03632e-20
10.028 1.62362e-20
10.0531 1.29499e-20
10.0782 1.03229e-20
10.1034 8.2167e-21
10.1285 6.54247e-21
10.1536 5.20643e-21
10.1788 4.1371e-21
10.2039 3.28853e-21
10.229 2.61254e-21
10.2542 2.07243e-21
10.2793 1.64455e-21
10.3044 1.30428e-21
10.3296 1.03287e-21
10.3547 8.18233e-22
10.3798 6.47833e-22
10.405 5.1215e-22
10.4301 4.05034e-22
10.4552 3.20139e-22
10.4804 2.52658e-22
10.5055 1.99475e-22
10.5306 1.57398e-22
10.5558 1.24009e-22
10.5809 9.77399e-23
10.606 7.69919e-23
10.6311 6.06139e-23
10.6563 4.76474e-23
10.6814 3.74692e-23
10.7065 2.94486e-23
10.7317 2.31095e-23
10.7568 1.81421e-23
10.7819 1.42344e-23
10.8071 1.11513e-23
10.8322 8.73949e-24
10.8573 6.84543e-24
10.8825 5.3536e-24
10.9076 4.18859e-24
10.9327 3.27526e-24
10.9579 2.55711e-24
10.983 1.99726e-24
11.0081 1.5591e-24
11.0333 1.21517e-24
11.0584 9.47514e-25
11.0835 7.38393e-25
11.1087 5.74528e-25
11.1338 4.4722e-25
11.1589 3.47925e-25
11.1841 2.70252e-25
11.2092 2.1001e-25
11.2343 1.63105e-25
11.2595 1.26477e-25
11.2846 9.81171e-26
11.3097 7.60736e-26
11.3349 5.88892e-26
11.36 4.56072e-26
11.3851 3.53008e-26
11.4103 2.72801e-26
11.4354 2.10914e-26
11.4605 1.62975e-26
11.4857 1.25731e-26
11.5108 9.70427e-27
11.5359 7.48582e-27
11.5611 5.76527e-27
11.5862 4.44226e-27
11.6113 3.42092e-27
11.6365 2.63016e-27
11.6616 2.02316e-27
11.6867 1.55536e-27
11.7119 1.1938e-27
11.737 9.16726e-28
11.7621 7.03564e-28
11.7873 5.39091e-28
11.8124 4.1327e-28
11.8375 3.16636e-28
11.8627 2.42202e-28
11.8878 1.85359e-28
11.9129 1.41776e-28
11.9381 1.08263e-28
11.9632 8.27133e-29
11.9883 6.31577e-29
12.0135 4.81464e-29
12.0386 3.67217e-29
12.0637 2.79922e-29
12.0888 2.13257e-29
12.114 1.62201e-29
12.1391 1.23433e-29
12.1642 9.38773e-30
12.1894 7.12805e-30
12.2145 5.41513e-30
12.2396 4.11151e-30
12.2648 3.11653e-30
12.2899 2.36359e-30
12.315 1.79154e-30
12.3402 1.35567e-30
12.3653 1.0264e-30
12.3904 7.76669e-31
12.4156 5.86711e-31
12.4407 4.43455e-31
12.4658 3.34989e-31
12.491 2.52626e-31
12.5161 1.90619e-31
12.5412 1.4375e-31
12.5664 1.08222e-31
12.5915 8.15203e-32
12.6166 6.1372e-32
12.6418 4.61251e-32
12.6669 3.46857e-32
12.692 2.60686e-32
12.7172 1.95589e-32
12.7423 1.46831e-32
12.7674 1.10166e-32
12.7926 8.25152e-33
12.8177 6.18403e-33
12.8428 4.63195e-33
12.868 3.46345e-33
12.8931 2.59125e-33
12.9182 1.9376e-33
12.9434 1.44633e-33
12.9685 1.08027e-33
12.9936 8.06395e-34
13.0188 6.00913e-34
13.0439 4.48061e-34
13.069 3.339e-34
13.0942 2.48393e-34
13.1193 1.84896e-34
13.1444 1.37553e-34
13.1696 1.02153e-34
13.1947 7.59105e-35
13.2198 5.63776e-35
13.245 4.17974e-35
13.2701 3.10071e-35
13.2952 2.29894e-35
13.3204 1.70149e-35
13.3455 1.2601e-35
13.3706 9.32682e-36
13.3958 6.8912e-36
13.4209 5.09486e-36
13.446 3.76464e-36
13.4711 2.78016e-36
13.4963 2.04948e-36
13.5214 1.51181e-36
13.5465 1.11457e-36
13.5717 8.20239e-37
13.5968 6.04028e-37
13.6219 4.44557e-37
13.6471 3.26604e-37
13.6722 2.40104e-37
13.6973 1.76414e-37
13.7225 1.29386e-37
13.7476 9.49571e-38
13.7727 6.96503e-38
13.7979 5.09959e-38
13.823 3.73628e-38
13.8481 2.73588e-38
13.8733 1.99972e-38
13.8984 1.46263e-38
13.9235 1.06919e-38
13.9487 7.80166e-39
13.9738 5.6966e-39
13.9989 4.15718e-39
14.0241 3.02823e-39
14.0492 2.2074e-39
14.0743 1.60815e-39
14.0995 1.16944e-39
14.1246 8.51e-40
14.1497 6.18924e-40
14.1749 4.49311e-40
14.2 3.2641e-40
14.2251 2.36992e-40
14.2503 1.71752e-40
14.2754 1.24561e-40
14.3005 9.02846e-41
14.3257 6.53194e-41
14.3508 4.72915e-41
14.3759 3.42198e-41
14.4011 2.47153e-41
14.4262 1.78636e-41
14.4513 1.29041e-41
14.4765 9.30411e-42
14.5016 6.71336e-42
14.5267 4.84128e-42
14.5519 3.48472e-42
14.577 2.51012e-42
14.6021 1.80708e-42
14.6273 1.29851e-42
14.6524 9.33759e-43
14.6775 6.71088e-43
14.7027 4.81399e-43
14.7278 3.45588e-43
14.7529 2.47951e-43
14.7781 1.77563e-43
14.8032 1.27253e-43
14.8283 9.11457e-44
14.8535 6.516e-44
14.8786 4.66186e-44
14.9037 3.33343e-44
14.9288 2.3822e-44
14.954 1.69917e-44
14.9791 1.21291e-44
15.0042 8.65325e-45
15.0294 6.16165e-45
15.0545 4.3909e-45
15.0796 3.12727e-45
15.1048 2.22301e-45
15.1299 1.58147e-45
15.155 1.12444e-45
15.1802 7.97943e-46
15.2053 5.667e-46
15.2304 4.02244e-46
15.2556 2.84961e-46
15.2807 2.02037e-46
15.3058 1.43162e-46
15.331 1.01248e-46
15.3561 7.16623e-47
15.3812 5.06935e-47
15.4064 3.57904e-47
15.4315 2.52893e-47
15.4566 1.78591e-47
15.4818 1.25873e-47
15.5069 8.87903e-48
15.532 6.25967e-48
15.5572 4.40439e-48
15.5823 3.10155e-48
15.6074 2.18287e-48
15.6326 1.53328e-48
15.6577 1.0779e-48
15.6828 7.57336e-49
15.708 5.31057e-49
15.7331 3.72701e-49
15.7582 2.61417e-49
15.7834 1.82998e-49
15.8085 1.28211e-49
15.8336 8.97765e-50
15.8588 6.27386e-50
15.8839 4.38812e-50
15.909 3.06744e-50
15.9342 2.13997e-50
15.9593 1.49422e-50
15.9844 1.04274e-50
16.0096 7.26215e-51
16.0347 5.06213e-51
16.0598 3.5266e-51
16.085 2.45192e-51
16.1101 1.70623e-51
16.1352 1.18665e-51
16.1604 8.23631e-52
16.1855 5.72171e-52
16.2106 3.97259e-52
16.2358 2.7526e-52
16.2609 1.90897e-52
16.286 1.32315e-52
16.3111 9.16587e-53
16.3363 6.33659e-53
16.3614 4.38459e-53
16.3865 3.03218e-53
16.4117 2.09265e-53
16.4368 1.44555e-53
16.4619 9.9798e-54
16.4871 6.8758e-54
16.5122 4.74155e-54
16.5373 3.26793e-54
16.5625 2.24767e-54
16.5876 1.54737e-54
16.6127 1.06465e-54
16.6379 7.31018e-55
16.663 5.02401e-55
16.6881 3.45086e-55
16.7133 2.36541e-55
16.7384 1.6229e-55
16.7635 1.11283e-55
16.7887 7.615e-56
16.8138 5.21575e-56
16.8389 3.57041e-56
16.8641 2.43903e-56
16.8892 1.66773e-56
16.9143 1.1397e-56
16.9395 7.77229e-57
16.9646 5.30544e-57
16.9897 3.61949e-57
17.0149 2.46414e-57
17.04 1.67919e-57
17.0651 1.14364e-57
17.0903 7.77259e-58
17.1154 5.28765e-58
17.1405 3.59512e-58
17.1657 2.43922e-58
17.1908 1.65657e-58
17.2159 1.12441e-58
17.2411 7.61587e-59
17.2662 5.16346e-59
17.2913 3.49879e-59
17.3165 2.36577e-59
17.3416 1.60124e-59
17.3667 1.08317e-59
17.3919 7.31157e-60
17.417 4.94035e-60
17.4421 3.33625e-60
17.4673 2.24819e-60
17.4924 1.5165e-60
17.5175 1.02236e-60
17.5427 6.87764e-61
17.5678 4.63138e-61
17.5929 3.117e-61
17.6181 2.09329e-61
17.6432 1.40723e-61
17.6683 9.4548e-62
17.6934 6.34885e-62
17.7186 4.25404e-62
17.7437 2.85333e-62
17.7688 1.91275e-62
17.794 1.27945e-62
17.8191 8.56715e-63
17.8442 5.73329e-63
17.8694 3.82851e-63
17.8945 2.5592e-63
17.9196 1.70976e-63
17.9448 1.13978e-63
17.9699 7.60603e-64
17.995 5.07283e-64
18.0202 3.37594e-64
18.0453 2.24903e-64
18.0704 1.49744e-64
18.0956 9.94842e-65
18.1207 6.61633e-65
18.1458 4.39779e-65
18.171 2.91674e-65
18.1961 1.93652e-65
18.2212 1.285e-65
18.2464 8.50796e-66
18.2715 5.63914e-66
18.2966 3.73556e-66
18.3218 2.46909e-66
18.3469 1.63376e-66
18.372 1.08042e-66
18.3972 7.12909e-67
18.4223 4.7092e-67
18.4474 3.10895e-67
18.4726 2.04793e-67
18.4977 1.35049e-67
18.5228 8.9006e-68
18.548 5.85302e-68
18.5731 3.85317e-68
18.5982 2.53518e-68
18.6234 1.66429e-68
18.6485 1.09378e-68
18.6736 7.18429e-69
18.6988 4.7083e-69
18.7239 3.08906e-69
18.749 2.02555e-69
18.7742 1.3252e-69
18.7993 8.67973e-70
18.8244 5.68179e-70
18.8496 3.71094e-70
18.8747 2.42645e-70
18.8998 1.58567e-70
18.925 1.03388e-70
18.9501 6.74871e-71
18.9752 4.40276e-71
19.0004 2.86578e-71
19.0255 1.86747e-71
19.0506 1.21624e-71
19.0758 7.90311e-72
19.1009 5.14129e-72
19.126 3.34273e-72
19.1511 2.17212e-72
19.1763 1.40823e-72
19.2014 9.14041e-73
19.2265 5.92941e-73
19.2517 3.83761e-73
19.2768 2.48665e-73
19.3019 1.61036e-73
19.3271 1.04048e-73
19.3522 6.73051e-74
19.3773 4.35129e-74
19.4025 2.80664e-74
19.4276 1.81245e-74
19.4527 1.16976e-74
19.4779 7.53229e-75
19.503 4.85588e-75
19.5281 3.12869e-75
19.5533 2.01118e-75
19.5784 1.29436e-75
19.6035 8.32553e-76
19.6287 5.34268e-76
19.6538 3.43261e-76
19.6789 2.20417e-76
19.7041 1.41205e-76
19.7292 9.0569e-77
19.7543 5.8058e-77
19.7795 3.71303e-77
19.8046 2.37749e-77
19.8297 1.52147e-77
19.8549 9.71381e-78
19.88 6.2093e-78
19.9051 3.96689e-78
19.9303 2.52834e-78
19.9554 1.61343e-78
19.9805 1.02901e-78
20.0057 6.54735e-79
20.0308 4.17103e-79
20.0559 2.65568e-79
20.0811 1.68686e-79
20.1062 1.0728e-79
20.1313 6.8189e-80
20.1565 4.32392e-80
20.1816 2.74524e-80
20.2067 1.74196e-80
20.2319 1.10271e-80
20.257 6.98918e-81
20.2821 4.42737e-81
20.3073 2.79787e-81
20.3324 1.77034e-81
20.3575 1.11954e-81
20.3827 7.06285e-82
20.4078 4.46139e-82
20.4329 2.81653e-82
20.4581 1.77385e-82
20.4832 1.11858e-82
20.5083 7.04977e-83
20.5334 4.44054e-83
20.5586 2.7903e-83
20.5837 1.75558e-83
20.6088 1.10394e-83
20.634 6.92497e-84
20.6591 4.3496e-84
20.6842 2.73046e-84
20.7094 1.70989e-84
20.7345 1.07217e-84
20.7596 6.71911e-85
20.7848 4.20054e-85
20.8099 2.62943e-85
20.835 1.64502e-85
20.8602 1.02666e-85
20.8853 6.41569e-86
20.9104 4.00698e-86
20.9356 2.49649e-86
20.9607 1.55744e-86
20.9858 9.7106e-87
21.011 6.03973e-87
21.0361 3.7615e-87
21.0612 2.34131e-87
21.0864 1.45375e-87
21.1115 9.03851e-88
21.1366 5.61639e-88
21.1618 3.48135e-88
21.1869 2.16081e-88
21.212 1.34042e-88
21.2372 8.29449e-89
21.2623 5.1395e-89
21.2874 3.18278e-89
21.3126 1.96615e-89
21.3377 1.21621e-89
21.3628 7.51895e-90
21.388 4.63688e-90
21.4131 2.8634e-90
21.4382 1.76723e-90
21.4634 1.08798e-90
21.4885 6.70716e-91
21.5136 4.13249e-91
21.5388 2.5398e-91
21.5639 1.56308e-91
21.589 9.61425e-92
21.6142 5.89879e-92
21.6393 3.62415e-92
21.6644 2.22538e-92
21.6896 1.36305e-92
21.7147 8.36019e-93
21.7398 5.12479e-93
21.765 3.13359e-93
21.7901 1.91871e-93
21.8152 1.17418e-93
21.8404 7.16735e-94
21.8655 4.38116e-94
21.8906 2.67654e-94
21.9158 1.63102e-94
21.9409 9.95296e-95
21.966 6.07015e-95
21.9911 3.7e-95
22.0163 2.24957e-95
22.0414 1.36965e-95
22.0665 8.33439e-96
22.0917 5.05861e-96
22.1168 3.07471e-96
22.1419 1.8678e-96
22.1671 1.13174e-96
22.1922 6.86724e-97
22.2173 4.16458e-97
22.2425 2.51911e-97
22.2676 1.52597e-97
22.2927 9.23839e-98
22.3179 5.57869e-98
22.343 3.37359e-98
22.3681 2.03895e-98
22.3933 1.22914e-98
22.4184 7.42033e-99
22.4435 4.47713e-99
22.4687 2.69436e-99
22.4938 1.62382e-99
22.5189 9.78088e-100
22.5441 5.87615e-100
22.5692 3.53541e-100
22.5943 2.12589e-100
22.6195 1.27501e-100
22.6446 7.65815e-101
22.6697 4.59714e-101
22.6949 2.75246e-101
22.72 1.65041e-101
22.7451 9.89051e-102
22.7703 5.91169e-102
22.7954 3.53872e-102
22.8205 2.11706e-102
22.8457 1.26324e-102
22.8708 7.54889e-103
22.8959 4.50852e-103
22.9211 2.68563e-103
22.9462 1.60216e-103
22.9713 9.55253e-104
22.9965 5.68054e-104
23.0216 3.38307e-104
23.0467 2.01366e-104
23.0719 1.19541e-104
23.097 7.10725e-105
23.1221 4.22318e-105
23.1473 2.50282e-105
23.1724 1.48551e-105
23.1975 8.81205e-106
23.2227 5.21347e-106
23.2478 3.08912e-106
23.2729 1.82936e-106
23.2981 1.08046e-106
23.3232 6.39115e-107
23.3483 3.77837e-107
23.3734 2.23246e-107
23.3986 1.31555e-107
23.4237 7.76416e-108
23.4488 4.5797e-108
23.474 2.69413e-108
23.4991 1.58734e-108
23.5242 9.34703e-109
23.5494 5.48928e-109
23.5745 3.2287e-109
23.5996 1.898e-109
23.6248 1.11275e-109
23.6499 6.53388e-110
23.675 3.83443e-110
23.7002 2.2442e-110
23.7253 1.31552e-110
23.7504 7.70709e-111
23.7756 4.50309e-111
23.8007 2.63518e-111
23.8258 1.54122e-111
23.851 8.98968e-112
23.8761 5.25178e-112
23.9012 3.06636e-112
23.9264 1.78551e-112
23.9515 1.04133e-112
23.9766 6.06969e-113
24.0018 3.52829e-113
24.0269 2.05424e-113
24.052 1.19535e-113
24.0772 6.93668e-114
24.1023 4.03182e-114
24.1274 2.3421e-114
24.1526 1.35682e-114
24.1777 7.8729e-115
24.2028 4.56564e-115
24.228 2.64045e-115
24.2531 1.52951e-115
24.2782 8.85486e-116
24.3034 5.11232e-116
24.3285 2.95634e-116
24.3536 1.70862e-116
24.3788 9.84786e-117
24.4039 5.68514e-117
24.429 3.28016e-117
24.4542 1.88734e-117
24.4793 1.08771e-117
24.5044 6.26511e-118
24.5296 3.59868e-118
24.5547 2.07046e-118
24.5798 1.19055e-118
24.605 6.82685e-119
24.6301 3.92109e-119
24.6552 2.25086e-119
24.6804 1.28849e-119
24.7055 7.38807e-120
24.7306 4.23384e-120
24.7558 2.41951e-120
24.7809 1.38497e-120
24.806 7.92328e-121
24.8311 4.53028e-121
24.8563 2.58304e-121
24.8814 1.47523e-121
24.9065 8.42059e-122
24.9317 4.79301e-122
24.9568 2.73274e-122
24.9819 1.5572e-122
25.0071 8.84849e-123
25.0322 5.03643e-123
25.0573 2.86504e-123
25.0825 1.62523e-123
25.1076 9.23485e-124
25.1327 5.24445e-124
25.1579 2.96991e-124
25.183 1.68469e-124
25.2081 9.55104e-125
25.2333 5.39947e-125
25.2584 3.05763e-125
25.2835 1.73049e-125
25.3087 9.76593e-126
25.3338 5.52056e-126
25.3589 3.11875e-126
25.3841 1.7567e-126
25.4092 9.91004e-127
25.4343 5.5855e-127
25.4595 3.13726e-127
25.4846 1.76329e-127
25.5097 9.88609e-128
25.5349 5.50787e-128
25.56 3.05498e-128
25.5851 1.67433e-128
25.6103 8.95357e-129
25.6354 4.59684e-129
25.6605 2.14875e-129
25.6857 7.69881e-130
25.7108 0
