0 0 0
1 -0 -0
2 -0 0
3 0 -0
4 -0 0
5 9.32115e-11 -0
6 -2.72666e-11 0
7 1.19082e-11 0
8 -1.15044e-11 0
9 -5.54552e-11 -0
10 1.54737e-11 0
11 -5.8672e-12 -0
12 2.3171e-11 0
13 -1.69554e-11 0
14 5.25225e-12 0
15 1.87254e-11 -0
16 -9.35895e-12 0
17 2.56751e-12 0
18 -3.39737e-12 -0
19 -3.22756e-11 -0
20 1.14359e-11 -0
21 -3.26401e-12 0
22 8.59043e-12 -0
23 -4.67346e-12 0
24 3.91455e-12 -0
25 -1.25342e-12 -0
26 -4.08472e-12 0
27 1.66041e-12 -0
28 -1.45318e-11 -0
29 3.96326e-12 0
30 -4.4868e-12 0
31 1.34688e-12 -0
32 8.33342e-12 -0
33 -3.87813e-12 -0
34 2.5579e-12 -0
35 -7.07617e-13 0
36 -2.83121e-12 0
37 4.49673e-12 0
38 -1.64399e-12 -0
39 9.14898e-12 -0
40 -2.6418e-12 -0
41 9.05449e-13 -0
42 1.7322e-11 0
43 -1.3527e-11 -0
44 5.69416e-12 0
45 1.79855e-11 -0
46 -5.0677e-12 0
47 1.12396e-11 0
48 -5.86333e-12 -0
49 1.78838e-12 -0
50 -1.86689e-12 0
51 5.08104e-13 0
52 -9.37539e-12 -0
53 3.67293e-12 0
54 1.24913e-11 0
55 -7.81674e-12 -0
56 2.54941e-12 -0
57 -8.08585e-12 -0
58 2.22664e-12 -0
59 -3.20261e-12 0
60 1.53834e-12 -0
61 6.72518e-12 0
62 -1.99208e-12 0
63 1.78222e-12 0
64 -5.61453e-13 0
65 -4.18595e-12 -0
66 2.38298e-12 -0
67 -6.51517e-13 0
68 1.13592e-12 0
69 -4.22656e-13 0
70 -1.32154e-12 0
71 5.93947e-13 0
72 -1.6838e-13 0
73 1.15403e-12 0
74 -8.02569e-13 -0
75 2.79355e-13 -0
76 1.50569e-12 0
77 -1.8292e-12 0
78 5.08261e-13 0
79 -3.11095 0
80 1.22886 0
81 -0.368843 -0
82 -1.5322 -0
83 1.21194 0
84 -0.327264 0
85 0.743633 0
86 -0.243302 0
87 0.122616 -0
88 -0.500081 0
89 0.1442 -0
90 -0.0910506 0
91 -0.331121 0
92 0.140274 -0
93 -0.137237 0
94 0.0381951 -0
95 0.707436 -0
96 -0.252035 -0
97 2.35535 0
98 -0.729849 -0
99 0.400602 -0
100 -0.581327 0
101 0.157253 0
102 0.549302 0
103 -0.209555 -0
104 0.154828 -0
105 -0.41792 0
106 0.11905 0
107 0.55865 0
108 -0.187271 -0
109 0.0846954 -0
110 -0.10359 0
111 0.0281678 -0
112 -0.543481 0
113 0.325746 0
114 -0.0963187 0
115 -0.788128 -0
116 0.712294 0
117 -0.228063 0
118 0.442475 0
119 -0.180986 0
120 -0.693922 0
121 0.190139 0
122 -0.0918795 -0
123 0.298676 -0
124 -0.0872081 0
125 0.0582027 0
126 0.197533 0
127 -0.0687276 -0
128 0.0728421 -0
129 -0.0197467 0
130 -0.115876 0
131 0.0353379 -0
132 -0.0185688 -0
133 0.0296964 0
134 -0.00833046 -0
135 -0.207332 0
136 0.0771015 -0
137 -0.0651446 -0
138 0.290481 -0
139 -0.127137 -0
140 0.0343222 0
141 0.147228 -0
142 -0.046377 -0
143 0.0266014 0
144 -0.215696 -0
145 0.0596219 -0
146 -0.0791778 -0
147 0.0309909 0
148 0.332792 0
149 -0.233235 0
150 0.0776823 0
151 0.273822 -0
152 -0.0773426 -0
153 0.0361302 -0
154 -0.0787403 -0
155 0.0214858 -0
156 -0.0243818 0
157 -0.12678 0
158 0.0455315 -0
159 -0.0136135 0
160 0.34975 -0
161 -0.263129 -0
162 0.108586 -0
163 -0.0314108 -0
164 -0.126595 0
165 0.22097 -0
166 -0.0718626 0
167 0.0389889 -0
168 -0.0105406 -0
169 0.0325241 -0
170 0.111385 0
171 -0.102753 -0
172 0.0351571 -0
173 -0.00976353 -0
174 0.00593385 0
175 0.0403923 0
176 -0.0197225 -0
177 0.105303 0
178 -0.0324902 0
179 0.0123031 -0
180 1.00727 0
181 -0.27716 0
182 0.287422 0
183 -0.122921 0
184 -0.452753 0
185 0.129361 0
186 -0.104168 0
187 0.26777 -0
188 -0.0813247 0
189 0.0534698 -0
190 0.794233 0
191 -0.214534 0
192 0.078339 0
193 -0.116428 -0
194 0.0592947 0
195 0.271392 -0
196 -0.0795075 -0
197 0.857062 0
198 -0.341875 0
199 0.092881 -0
200 -0.116078 -0
201 -0.402423 -0
202 0.129426 0
203 -0.0734447 -0
204 0.279288 -0
205 -0.0779299 0
206 0.0669819 0
207 -0.0300309 -0
208 0.0602465 0
209 -0.0203315 0
210 -0.108874 -0
211 0.030927 0
212 -0.0214061 0
213 1.62574 0
214 -0.574714 -0
215 0.157287 0
216 0.533147 0
217 -0.512794 -0
218 0.160868 0
219 -0.0745684 -0
220 0.47748 -0
221 -0.12923 0
222 0.24186 0
223 -0.0930531 0
224 -0.352516 0
225 0.10458 -0
226 -0.0652722 0
227 -0.567357 -0
228 0.295293 -0
229 -0.341206 -0
230 0.0980883 0
231 -0.0322754 -0
232 0.0906568 0
233 -0.038068 0
234 -0.160639 -0
235 0.0437913 -0
236 -0.0340505 -0
237 0.516022 0
238 -0.155516 -0
239 0.211121 -0
240 -0.101031 0
241 0.0272718 0
242 0.178189 0
243 -0.0617321 0
244 0.0449091 0
245 0.161553 0
246 -0.0455373 0
247 0.107513 -0
248 -0.0435921 0
249 0.025312 -0
250 -0.00800765 -0
251 -0.0931629 -0
252 0.100563 -0
253 -0.0277044 -0
254 0.0947916 0
255 -0.0347708 -0
256 -0.118255 0
257 0.0344275 0
258 -0.0306001 0
259 0.0152573 0
260 -0.00413845 0
261 0.00647906 -0
262 0.0312398 0
263 -0.0137647 0
264 0.00428156 -0
265 -0.0217589 0
266 0.0139293 0
267 -0.00386339 0
268 -0.116745 -0
269 0.0417554 0
270 0.162377 0
271 -0.0900415 0
272 0.0265443 0
273 -0.0452714 -0
274 0.0451302 -0
275 -0.0121925 0
276 0.00475037 0
277 -0.0411806 -0
278 0.0137597 0
279 0.106258 0
280 -0.088329 -0
281 0.024741 0
282 -0.0112799 0
283 -0.0387561 0
284 0.0118627 0
285 -0.0168084 -0
286 0.0113454 0
287 -0.00311225 -0
288 0.0132367 -0
289 -0.0049464 -0
290 -0.0216628 -0
291 0.0115017 0
292 -0.00366855 -0
293 0.244366 0
294 -0.0663482 -0
295 0.0788361 -0
296 -0.0341136 0
297 -0.203842 -0
298 0.0581963 -0
299 -0.117425 -0
300 0.0693378 0
301 -0.0235729 0
302 -0.0859341 0
303 0.0232317 0
304 -0.0163995 0
305 0.235364 -0
306 -0.0930486 -0
307 0.0276783 0
308 -0.0707401 0
309 0.0229895 0
310 0.442335 -0
311 -0.408932 0
312 0.113675 -0
313 -0.0533088 -0
314 -0.225336 -0
315 0.0785573 -0
316 -0.101169 0
317 0.0272506 0
318 -0.172212 0
319 0.129689 0
320 -0.0374725 -0
321 0.0154678 -0
322 0.0586269 0
323 -0.102737 -0
324 0.0289843 0
325 -0.0149221 0
326 -0.161676 -0
327 0.0585875 -0
328 -0.0647488 0
329 0.0176434 -0
330 -0.0629577 0
331 0.0387962 -0
332 -0.0117737 -0
333 -0.0623401 -0
334 0.0237999 0
335 0.0836268 -0
336 -0.0268972 0
337 0.0213281 0
338 -0.00587586 0
339 0.0128373 0
340 -0.00627353 -0
341 -0.453938 0
342 0.122596 0
343 -0.0520752 -0
344 0.0842331 0
345 -0.0260056 0
346 -0.162681 -0
347 0.0915334 -0
348 -0.0267354 -0
349 0.0273049 -0
350 0.0965601 -0
351 -0.0331191 0
352 0.103241 -0
353 -0.0289679 0
354 0.0191208 -0
355 -0.239819 0
356 0.0974199 -0
357 -0.0264147 0
358 0.0224047 -0
359 0.0911346 0
360 -0.0301868 -0
361 0.0162367 -0
362 -0.0735146 -0
363 0.0220716 -0
364 0.162655 -0
365 -0.0446454 -0
366 0.0198788 -0
367 -0.0249464 0
368 0.00921716 0
369 0.0317998 -0
370 -0.00914105 0
371 0.00667578 -0
372 -0.0158841 0
373 0.00428112 0
374 -0.103585 0
375 0.06217 -0
376 -0.0219827 0
377 0.020765 0
378 -0.00650856 0
379 -0.0314155 0
380 0.0150433 0
381 -0.00426863 0
382 0.0244752 -0
383 -0.0362894 -0
384 0.0142146 0
385 0.218272 0
386 -0.0602653 0
387 -0.233358 -0
388 0.0783141 0
389 -0.0495706 0
390 0.0146474 -0
391 -0.027499 -0
392 0.0137321 -0
393 -0.00370746 -0
394 -0.0908996 0
395 0.0810025 0
396 -0.0304803 -0
397 0.0895512 -0
398 -0.0284395 0
399 -0.102069 -0
400 0.0277902 0
401 -0.0295233 0
402 0.0134764 -0
403 -0.0973282 -0
404 0.0271346 -0
405 -0.0185684 0
406 -0.0829376 0
407 0.0253822 -0
408 -0.0106703 -0
409 0.0148046 -0
410 -0.00850979 0
411 -0.0713053 0
412 0.0192238 -0
413 -0.00629557 -0
414 0.00490904 -0
415 -0.0188374 0
416 0.00551722 0
417 0.0204307 0
418 -0.00734921 -0
419 0.00866514 0
420 -0.00236851 0
421 0.00124659 -0
422 0.00680603 -0
423 -0.00272041 0
424 0.00572982 -0
425 -0.00163161 0
426 0.0414088 0
427 -0.012829 -0
428 0.0102644 0
429 0.0372428 0
430 -0.0158839 -0
431 0.00429509 -0
432 -0.0343521 -0
433 0.011988 0
434 -0.0115364 -0
435 0.00626968 -0
436 -0.0017965 0
437 -0.0134566 0
438 0.0218104 0
439 -0.00602306 -0
440 0.002793 -0
441 0.011775 -0
442 -0.00395765 -0
443 0.00274842 -0
444 -0.00709673 -0
445 0.00212744 -0
446 -0.000571173 -0
447 -0.00730651 0
448 0.00280133 0
449 -0.00366329 -0
450 0.00235906 0
451 -0.0115872 -0
452 0.00372883 -0
453 -0.00104508 -0
454 -0.00390302 0
455 0.00195653 -0
456 -0.00166501 0
457 0.000448479 -0
458 0.169201 0
459 -0.0694058 0
460 -0.336259 0
461 0.0998529 0
462 -0.195567 0
463 0.115137 -0
464 -0.0401004 -0
465 0.0457041 -0
466 -0.0125318 0
467 -0.0523677 0
468 0.0235481 0
469 -0.077746 0
470 0.0225798 -0
471 -0.0167886 0
472 0.0052945 0
473 -0.103892 -0
474 0.0393992 -0
475 -0.0604301 -0
476 0.0164283 0
477 0.0621086 0
478 -0.0300948 -0
479 0.00852433 0
480 0.0797896 -0
481 -0.0725777 -0
482 0.0239133 -0
483 -0.059383 0
484 0.0362139 0
485 -0.00976389 -0
486 -0.0562292 0
487 0.0244728 0
488 -0.00752459 0
489 -0.025908 -0
490 0.0270268 0
491 -0.00996537 0
492 0.00274369 -0
493 -0.029789 -0
494 0.0162055 0
495 -0.0688581 -0
496 0.0205926 0
497 -0.0252605 -0
498 0.0101767 -0
499 0.221376 -0
500 -0.0634564 0
501 0.0487643 0
502 0.177288 -0
503 -0.0609322 -0
504 0.0165133 -0
505 -0.0301799 -0
506 0.0154169 0
507 0.0709876 0
508 -0.0227452 0
509 0.0152273 -0
510 -0.0042631 -0
511 0.00976947 -0
512 -0.0040771 0
513 -0.0291561 0
514 0.00795832 0
515 -0.00664107 -0
516 0.00239602 -0
517 -0.0170463 0
518 0.00501169 0
519 -0.00714702 0
520 0.00329351 -0
521 0.0114431 -0
522 -0.00316787 -0
523 0.00180266 -0
524 0.0683079 0
525 -0.0206902 0
526 0.0207529 -0
527 -0.0718669 -0
528 0.019439 0
529 -0.00727223 -0
530 -0.0294801 -0
531 0.0189481 -0
532 -0.00635654 0
533 -0.0322709 -0
534 0.0159805 -0
535 -0.00499779 -0
536 0.00803067 -0
537 -0.00225954 0
538 -0.0282683 -0
539 0.0203821 0
540 -0.00900392 0
541 0.00242943 -0
542 -0.00691644 -0
543 0.0075223 -0
544 -0.00267155 -0
545 -0.0102821 -0
546 0.00299551 -0
547 -0.0153567 0
548 0.00607401 -0
549 -0.0032363 -0
550 0.000890254 0
551 0.00540255 -0
552 -0.00707274 -0
553 0.00225822 0
554 -0.00198583 -0
555 -0.00701739 -0
556 0.00195288 -0
557 -0.00092888 0
558 0.0126991 0
559 -0.00387584 0
560 0.00242759 -0
561 -0.00425578 0
562 0.00114882 0
563 -0.000390516 0
564 -0.0326802 0
565 0.0127784 -0
566 0.050824 -0
567 -0.0500548 0
568 0.0148489 0
569 -0.00874778 -0
570 0.0387353 -0
571 -0.0105977 -0
572 -0.0342688 0
573 0.0147919 -0
574 -0.010413 -0
575 0.00341875 0
576 -0.00731087 0
577 0.00209293 -0
578 0.0154712 -0
579 -0.0056963 -0
580 0.00677214 0
581 -0.00186487 -0
582 0.0192199 -0
583 -0.0101238 -0
584 0.00315666 -0
585 -0.0026346 0
586 -0.00890067 -0
587 0.00242308 -0
588 0.0293788 0
589 -0.0134508 0
590 0.0202865 -0
591 -0.00708549 0
592 0.0020552 0
593 0.010107 -0
594 -0.00569837 0
595 0.0155597 -0
596 -0.00437695 0
597 0.00179954 -0
598 -0.012484 0
599 0.00946409 0
600 -0.00316315 -0
601 -0.0115998 0
602 0.0031456 -0
603 -0.00360376 -0
604 0.00139212 -0
605 -0.102683 0
606 0.0309391 -0
607 -0.0185629 0
608 -0.0618116 0
609 0.0171405 -0
610 -0.038567 -0
611 0.0180288 -0
612 -0.00573119 -0
613 0.00541755 -0
614 0.0229879 -0
615 -0.00626961 0
616 0.0042851 0
617 -0.0134181 -0
618 0.00482495 -0
619 0.0338052 0
620 -0.00959719 0
621 0.0133402 0
622 -0.0058831 0
623 0.00175561 -0
624 0.0453511 0
625 -0.0365163 0
626 0.00991792 -0
627 0.0317271 0
628 -0.0119019 -0
629 0.0211422 -0
630 -0.0106601 0
631 0.0034707 -0
632 -0.0177977 -0
633 0.00512703 0
634 0.0231441 0
635 -0.00968052 0
636 0.0119694 -0
637 -0.00328854 0
638 0.00237501 -0
639 0.0218169 -0
640 -0.00752751 0
641 -0.0255637 0
642 0.00745834 0
643 -0.00457284 0
644 0.0190526 0
645 -0.00752982 0
646 0.00204971 0
647 -0.00189378 0
648 0.0454621 -0
649 -0.014101 -0
650 0.00670914 0
651 -0.0108356 0
652 0.00301854 0
653 0.0183365 -0
654 -0.00999774 -0
655 0.00354505 -0
656 0.0139463 0
657 -0.00425947 0
658 0.0105292 0
659 -0.00696164 -0
660 0.00196256 -0
661 -0.0020765 0
662 -0.00685875 -0
663 0.00227122 -0
664 -0.000965956 0
665 0.0090605 -0
666 -0.00245579 -0
667 0.00322037 -0
668 -0.00167273 0
669 -0.0273974 0
670 0.00807506 0
671 -0.00307211 0
672 0.00610693 -0
673 -0.00167492 -0
674 -0.0058422 0
675 0.00479718 -0
676 -0.00163131 -0
677 0.00568907 -0
678 -0.00279319 0
679 0.000771655 0
680 0.00362646 0
681 -0.00232438 -0
682 0.000729448 0
683 0.00581891 0
684 -0.00234609 0
685 0.00206218 0
686 -0.000589606 0
687 0.00373711 -0
688 -0.00137038 -0
689 -0.00440647 -0
690 0.00119808 0
691 -0.00135498 -0
692 0.000774804 0
693 -0.000232738 -0
694 0.00796903 -0
695 -0.00347053 -0
696 0.00721526 -0
697 -0.00201913 0
698 -0.00777592 0
699 0.00598407 0
700 -0.00193516 0
701 0.00325835 -0
702 -0.00146585 0
703 -0.00834858 0
704 0.00227601 -0
705 -0.000801195 0
706 0.000798111 -0
707 -0.00946159 -0
708 0.00277427 0
709 -0.00172595 -0
710 -0.00585047 0
711 0.00162009 0
712 -0.00446297 0
713 0.00181433 0
714 -0.000549304 0
715 -0.0065188 -0
716 0.00331785 0
717 -0.00244754 0
718 0.000663126 -0
719 -0.00096397 -0
720 0.000323033 0
721 0.00138094 -0
722 -0.00039644 -0
723 0.00151388 0
724 -0.000579355 -0
725 0.000324554 -0
726 0.00105162 -0
727 -0.000333082 0
728 0.000319867 0
729 -0.00318029 0
730 0.000870975 0
731 -0.000395041 0
732 0.00041735 0
733 -0.000137185 -0
734 -0.00146633 -0
735 0.000389371 0
736 -0.000244865 -0
737 0.000666338 -0
738 -0.00019022 0
739 0.000194288 -0
740 -6.60131e-05 0
741 -0.00072759 -0
742 0.000190327 -0
743 -0.000135372 0
744 4.57933e-05 -0
745 1.85654e-05 0
746 -9.55766e-06 -0
747 1.03824e-05 0
748 -0.000354473 0
749 0.000109135 0
750 -0.000147844 0
751 3.66977e-05 0
752 -1.42898e-05 0
753 -0.00012293 0
754 0.000104804 -0
755 -2.92378e-05 0
756 1.37347e-05 0
757 0.0113895 0
758 -0.00318306 -0
759 0.00249801 -0
760 0.00922191 -0
761 -0.00362661 0
762 0.00564284 -0
763 -0.00180778 0
764 0.00562375 0
765 -0.00154037 0
766 0.000661664 -0
767 0.00827975 0
768 -0.00576302 -0
769 0.00207353 -0
770 0.0065412 0
771 -0.00185158 0
772 0.0022514 0
773 -0.00112613 0
774 0.0187896 0
775 -0.00509988 0
776 0.00169954 0
777 0.00737318 0
778 -0.0044116 0
779 0.001276 -0
780 -0.00332109 -0
781 0.0029863 0
782 -0.000923517 0
783 0.0004125 -0
784 0.00308667 0
785 -0.000849734 0
786 0.00117828 0
787 -0.000440415 -0
788 -0.00142117 -0
789 0.00780359 -0
790 -0.00230845 0
791 0.00150969 0
792 -0.000518891 -0
793 0.0010134 0
794 -0.000275647 -0
795 -0.00109717 0
796 0.000606721 -0
797 -0.000243266 0
798 -0.00331519 0
799 0.000936167 0
800 -0.00105578 -0
801 0.000803743 -0
802 -0.000245961 0
803 -0.000791206 -0
804 0.000336893 0
805 -0.00121114 -0
806 0.000337762 0
807 -0.000106969 0
808 0.00584016 -0
809 -0.00276665 -0
810 0.00260395 0
811 0.0126152 -0
812 -0.00456991 0
813 0.00125004 0
814 -0.00279879 -0
815 0.00146598 0
816 -0.00041815 -0
817 0.00371909 0
818 -0.00264265 -0
819 0.000870279 0
820 0.00280646 0
821 -0.00363831 0
822 0.000986568 -0
823 -0.000382576 0
824 -0.00401273 0
825 0.00119828 0
826 -0.000754195 -0
827 0.00324709 -0
828 -0.00147698 -0
829 -0.00530816 0
830 0.00155472 0
831 -0.00124144 -0
832 0.000420844 0
833 -0.000664595 -0
834 -0.00381431 -0
835 0.00106179 0
836 -0.000402467 -0
837 0.00043305 -0
838 -0.000234028 0
839 6.37361e-05 -0
840 0.000209452 -0
841 -6.54908e-05 0
842 0.000434672 -0
843 -0.000212354 0
844 0.0216187 0
845 -0.00756635 0
846 0.00635138 0
847 -0.00180646 -0
848 0.00349363 -0
849 0.0182789 0
850 -0.00499545 0
851 0.00298083 0
852 -0.000953486 -0
853 0.00260321 -0
854 -0.00112621 0
855 -0.00491422 -0
856 0.00146784 -0
857 -0.00166295 -0
858 0.000447313 -0
859 0.00383902 -0
860 -0.00154 0
861 0.00221138 0
862 -0.00125673 0
863 0.000353248 -0
864 -0.00441686 0
865 0.00159233 -0
866 -0.00156612 -0
867 -0.00597075 -0
868 0.00161527 -0
869 -0.00114925 -0
870 0.000382454 -0
871 -0.00304196 0
872 0.000920495 -0
873 -0.000464541 0
874 -0.00290242 0
875 0.000831522 -0
876 -0.00136206 0
877 0.000558458 0
878 -0.000448217 0
879 -0.00163346 0
880 0.000443658 -0
881 -0.00142822 0
882 0.000656606 0
883 -0.000207226 0
884 -0.00264689 0
885 0.000735507 0
886 -0.000479895 -0
887 0.000619328 0
888 -0.000217938 -0
889 -0.00103257 0
890 0.000278141 -0
891 -0.000650381 0
892 0.000254584 -0
893 -0.000225463 -0
894 6.61691e-05 -0
895 0.00621158 0
896 -0.00304809 0
897 0.000988144 -0
898 0.00346625 0
899 -0.000953387 -0
900 0.000579822 -0
901 -0.00305945 -0
902 0.00116698 0
903 -0.0021419 -0
904 0.000621218 0
905 0.00237574 -0
906 -0.00164311 0
907 0.00055626 -0
908 -0.000534242 0
909 0.000144156 0
910 0.00089466 0
911 -0.000379098 -0
912 0.0013919 0
913 -0.000430143 -0
914 0.000239889 0
915 -6.65493e-05 0
916 0.000273738 0
917 -0.0002369 0
918 9.17385e-05 -0
919 0.00117858 -0
920 -0.00032428 -0
921 0.000218549 0
922 -7.17169e-05 0
923 9.90828e-05 -0
924 -2.48356e-05 0
925 -0.000923908 0
926 0.000271827 -0
927 -0.00033758 -0
928 0.000170506 0
929 0.000782219 -0
930 -0.000284416 -0
931 0.000974965 0
932 -0.000256433 0
933 0.000148458 0
934 -4.43504e-05 0
935 -0.00029711 0
936 0.000122519 0
937 -0.000121966 -0
938 3.34062e-05 -0
939 0.000209589 -0
940 -0.000111667 0
941 3.19293e-05 0
942 -0.000136602 0
943 0.000125607 0
944 -4.29047e-05 -0
945 -8.91572e-05 0
946 3.69981e-05 -0
947 -7.51912e-05 0
948 2.19121e-05 -0
949 1.73975e-05 0
950 -1.68303e-05 -0
951 6.02885e-06 -0
952 -0.00134413 0
953 0.000539678 -0
954 -0.000472167 -0
955 0.00012654 0
956 -0.000414202 -0
957 0.000139398 -0
958 0.000640886 0
959 -0.000416683 -0
960 0.000119796 -0
961 -0.000219686 0
962 0.000106411 0
963 -3.35264e-05 0
964 -0.000236389 0
965 6.42077e-05 -0
966 -6.24402e-05 0
967 2.70706e-05 0
968 0.000184105 0
969 -5.96675e-05 0
970 2.33438e-05 0
971 3.05061e-05 0
972 -3.44248e-05 0
973 1.02276e-05 -0
974 -2.79492e-05 0
975 1.71649e-05 -0
976 -0.00023077 -0
977 6.27219e-05 0
978 -9.28554e-05 0
979 2.83973e-05 0
980 -1.46335e-05 -0
981 3.37523e-06 -0
982 3.84853e-05 -0
983 -1.43327e-05 -0
984 1.2918e-05 -0
985 -3.62927e-06 0
986 -0.000113924 -0
987 3.20852e-05 0
988 -1.90326e-05 -0
989 -0.00159166 0
990 0.000434473 0
991 -0.000204009 -0
992 -0.000713924 -0
993 0.00114317 -0
994 -0.000383349 0
995 0.00034933 -0
996 -0.000134638 -0
997 3.7789e-05 0
998 -0.00010622 0
999 5.82945e-05 0
1000 0.000186323 -0
1001 -5.13458e-05 0
1002 0.000504694 0
1003 -0.000161427 -0
1004 0.000179286 0
1005 -7.99175e-05 -0
1006 -0.000375522 0
1007 0.000113603 -0
1008 -6.67161e-05 0
1009 0.000384335 0
1010 -0.000108512 -0
1011 3.9346e-05 -0
1012 0.000180123 0
1013 -0.000158337 -0
1014 7.05957e-05 0
1015 -0.000179813 -0
1016 5.03929e-05 0
1017 0.00010539 0
1018 -5.72799e-05 0
1019 1.72628e-05 0
1020 -2.91552e-05 -0
1021 -5.34555e-05 0
1022 2.03765e-05 0
1023 -1.6304e-05 -0
1024 5.29244e-06 0
1025 -3.17805e-05 -0
1026 3.41951e-05 0
1027 -9.66317e-06 -0
1028 0.000104599 0
1029 -3.6461e-05 0
1030 1.71316e-05 0
1031 9.98326e-05 0
1032 -3.08241e-05 -0
1033 8.07438e-06 0
1034 -1.06978e-05 -0
1035 -7.98028e-05 0
1036 3.49145e-05 -0
1037 -1.04297e-05 -0
1038 8.40341e-06 -0
1039 -1.17747e-05 -0
1040 2.59066e-06 -0
1041 9.93067e-07 0
1042 -1.25121e-06 -0
1043 2.19634e-05 -0
1044 -6.62399e-06 -0
1045 3.23616e-06 0
1046 -4.91728e-07 -0
1047 -2.11731e-07 -0
1048 1.45855e-07 0
1049 -5.19695e-06 -0
1050 3.54447e-06 -0
1051 -1.22651e-06 0
1052 -2.26822e-06 -0
1053 7.69718e-07 0
1054 -2.9913e-06 0
1055 1.0102e-06 0
1056 -2.58805e-07 0
1057 1.03775e-08 -0
1058 0.000292454 -0
1059 -0.000103195 -0
1060 6.23937e-05 0
1061 -1.69147e-05 -0
1062 4.54221e-05 -0
1063 -5.67656e-05 -0
1064 2.35991e-05 -0
1065 0.000172213 -0
1066 -4.73308e-05 -0
1067 2.44916e-05 0
1068 -0.000162918 -0
1069 5.36151e-05 0
1070 0.000230173 -0
1071 -6.65891e-05 0
1072 5.08026e-05 0
1073 -8.77577e-05 0
1074 2.34899e-05 -0
1075 -8.46442e-06 0
1076 -9.90209e-05 0
1077 6.33894e-05 0
1078 -1.97519e-05 0
1079 -7.50537e-05 0
1080 3.6336e-05 0
1081 -1.01636e-05 0
1082 1.10075e-05 -0
1083 -5.05143e-05 -0
1084 1.51977e-05 0
1085 -8.41239e-06 -0
1086 -5.04324e-05 -0
1087 1.35798e-05 0
1088 -2.03242e-05 -0
1089 7.58179e-06 0
1090 -6.45718e-05 -0
1091 2.15848e-05 -0
1092 -1.5074e-05 0
1093 4.08647e-06 -0
1094 1.94345e-05 0
1095 -8.33049e-06 -0
1096 1.54378e-05 -0
1097 -4.95052e-06 -0
1098 4.58596e-06 -0
1099 -1.28801e-06 0
1100 -2.84881e-05 -0
1101 1.11623e-05 0
1102 -3.52356e-05 0
1103 9.43724e-06 0
1104 3.57982e-05 0
1105 -1.91519e-05 0
1106 5.82275e-06 -0
1107 -6.87361e-06 -0
1108 3.16658e-06 0
1109 0.000162934 0
1110 -4.79154e-05 -0
1111 4.12088e-05 -0
1112 0.000151633 0
1113 -4.17665e-05 -0
1114 1.49672e-05 0
1115 -1.06181e-05 0
1116 8.39928e-05 -0
1117 -2.71966e-05 0
1118 4.10358e-05 -0
1119 -1.14659e-05 0
1120 -6.75225e-05 0
1121 2.66078e-05 -0
1122 -1.60037e-05 -0
1123 -4.91923e-05 0
1124 1.40787e-05 -0
1125 -4.37535e-05 -0
1126 2.1476e-05 -0
1127 -1.98046e-05 -0
1128 5.91387e-06 -0
1129 3.92229e-05 -0
1130 -1.08701e-05 -0
1131 4.84631e-06 -0
1132 -1.00049e-05 0
1133 3.72312e-06 0
1134 1.14797e-05 0
1135 -7.95527e-06 -0
1136 2.5769e-06 0
1137 -1.79324e-05 -0
1138 5.00005e-06 -0
1139 -5.73258e-06 -0
1140 -1.52047e-05 0
1141 8.06483e-06 -0
1142 -2.87145e-06 -0
1143 8.44301e-07 -0
1144 -0.000387186 0
1145 0.000846805 -0
1146 -0.000386686 0
1147 0.000107624 0
1148 0.00040927 0
1149 -0.00030433 0
1150 9.96371e-05 -0
1151 -0.000132894 -0
1152 3.61205e-05 0
1153 0.000213307 -0
1154 -8.19718e-05 -0
1155 4.66399e-05 -0
1156 -0.000421778 -0
1157 0.000128671 0
1158 -0.000127445 -0
1159 5.22563e-05 0
1160 0.000241806 0
1161 -6.52923e-05 -0
1162 0.000172236 0
1163 -4.98612e-05 -0
1164 4.01926e-05 0
1165 -1.35887e-05 -0
1166 -0.000148949 0
1167 9.32051e-05 0
1168 -2.61955e-05 0
1169 -8.92647e-05 -0
1170 3.31634e-05 0
1171 -5.50191e-05 0
1172 2.9286e-05 0
1173 -8.03591e-06 -0
1174 3.12717e-05 -0
1175 -9.88092e-06 -0
1176 1.17868e-05 -0
1177 4.30021e-05 0
1178 -1.89807e-05 -0
1179 5.65519e-06 0
1180 -0.000115535 -0
1181 3.12391e-05 -0
1182 -2.70736e-05 0
1183 1.07884e-05 0
1184 7.45031e-05 0
1185 -5.05945e-05 0
1186 1.56715e-05 0
1187 -0.000105588 -0
1188 2.90883e-05 -0
1189 -4.25873e-05 0
1190 2.00379e-05 -0
1191 8.75027e-05 -0
1192 -3.06282e-05 -0
1193 1.68901e-05 0
1194 -4.78844e-06 -0
1195 1.41936e-05 -0
1196 5.02129e-05 -0
1197 -1.66453e-05 0
1198 1.53891e-05 0
1199 -4.16836e-06 -0
1200 -0.00011166 -0
1201 4.71177e-05 0
1202 -3.3529e-05 0
1203 9.87401e-06 -0
1204 -2.05113e-05 0
1205 -0.000112572 -0
1206 4.14232e-05 0
1207 -1.15794e-05 -0
1208 1.26703e-05 0
1209 -6.6048e-06 0
1210 0.000106866 -0
1211 -3.44812e-05 0
1212 -0.000136554 -0
1213 3.68921e-05 -0
1214 -2.20138e-05 -0
1215 3.08336e-05 0
1216 -9.26635e-06 0
1217 -8.11093e-05 -0
1218 3.50362e-05 0
1219 -8.34006e-05 0
1220 2.27986e-05 0
1221 -1.79417e-05 -0
1222 6.12581e-06 -0
1223 2.09827e-05 -0
1224 -7.86004e-06 0
1225 4.40833e-05 -0
1226 -1.26041e-05 0
1227 5.70043e-06 0
1228 0.000285032 -0
1229 -0.000327005 0
1230 8.84228e-05 -0
1231 -5.82396e-05 0
1232 1.86254e-05 -0
1233 6.76042e-05 -0
1234 -0.000129687 -0
1235 5.12868e-05 0
1236 -1.48314e-05 0
1237 7.40611e-06 0
1238 -3.33746e-05 0
1239 9.20928e-06 0
1240 3.66266e-05 -0
1241 -3.0255e-05 -0
1242 1.08313e-05 -0
1243 0.000101949 -0
1244 -3.06515e-05 0
1245 1.79164e-05 -0
1246 -2.32108e-05 -0
1247 6.33803e-06 0
1248 -2.08709e-05 0
1249 8.68213e-06 0
1250 3.01583e-05 0
1251 -8.47267e-06 0
1252 8.05734e-06 0
1253 -2.70032e-06 -0
1254 2.79147e-05 0
1255 -1.95631e-05 -0
1256 5.96484e-06 -0
1257 2.82114e-05 0
1258 -1.30849e-05 0
1259 3.54128e-06 0
1260 -5.73661e-06 -0
1261 2.19457e-06 -0
1262 2.86858e-05 0
1263 -8.40497e-06 0
1264 6.42668e-06 0
1265 2.13935e-05 0
1266 -1.04189e-05 0
1267 2.90216e-06 -0
1268 -7.47839e-06 -0
1269 2.61175e-06 0
1270 1.56887e-05 0
1271 -9.60222e-06 -0
1272 3.05461e-06 -0
1273 -3.23909e-06 0
1274 8.83274e-07 0
1275 -3.03038e-05 -0
1276 1.236e-05 -0
1277 -2.12463e-05 0
1278 6.01884e-06 0
1279 2.6527e-05 0
1280 -1.37606e-05 -0
1281 5.1383e-05 0
1282 -1.67032e-05 -0
1283 1.51518e-05 -0
1284 -4.16503e-06 0
1285 -1.44319e-05 -0
1286 5.21157e-06 0
1287 -6.35566e-06 0
1288 1.88898e-06 -0
1289 -2.55572e-05 -0
1290 1.39509e-05 0
1291 -3.78058e-06 -0
1292 -3.05137e-05 0
1293 1.33748e-05 -0
1294 -9.00005e-06 -0
1295 2.7809e-06 -0
1296 -6.27267e-06 -0
1297 -2.50419e-05 -0
1298 9.76691e-06 0
1299 -2.63743e-06 0
1300 3.59511e-06 -0
1301 -1.043e-06 0
1302 5.31137e-06 -0
1303 -3.29421e-06 0
1304 1.13214e-06 -0
1305 6.13197e-06 0
1306 -1.72724e-06 0
1307 1.46158e-06 -0
1308 5.28113e-05 0
1309 -2.69609e-05 -0
1310 8.95641e-06 -0
1311 2.81428e-05 0
1312 -7.83004e-06 0
1313 1.46508e-05 -0
1314 -6.28969e-06 0
1315 4.80208e-06 -0
1316 -1.46078e-06 -0
1317 1.35696e-05 -0
1318 -4.96925e-06 0
1319 -1.68061e-05 0
1320 4.60909e-06 0
1321 -4.81042e-06 0
1322 2.26257e-06 -0
1323 2.54587e-05 -0
1324 -7.33914e-06 0
1325 2.45307e-05 0
1326 -1.39873e-05 0
1327 4.39884e-06 0
1328 -5.3118e-06 -0
1329 1.44679e-06 -0
1330 6.48367e-06 0
1331 -2.64654e-06 0
1332 5.59002e-06 -0
1333 -1.89654e-06 0
1334 1.2247e-06 0
1335 4.53317e-06 0
1336 -1.27594e-06 0
1337 4.88158e-07 0
1338 -2.20502e-06 0
1339 1.60828e-06 -0
1340 -4.75291e-07 0
1341 -2.81997e-06 -0
1342 1.41096e-06 0
1343 -2.26286e-06 -0
1344 6.25253e-07 0
1345 2.0418e-06 0
1346 -6.64193e-07 -0
1347 5.91218e-07 0
1348 -2.6733e-07 0
1349 3.44414e-05 0
1350 -9.305e-06 -0
1351 3.30442e-06 -0
1352 -2.01654e-05 0
1353 1.97522e-05 0
1354 -5.6867e-06 -0
1355 -2.00563e-05 -0
1356 1.07702e-05 -0
1357 -3.31034e-06 -0
1358 -3.99073e-05 -0
1359 1.66486e-05 -0
1360 -2.18307e-05 -0
1361 5.93438e-06 0
1362 -1.53906e-05 0
1363 1.19035e-05 0
1364 -3.55829e-06 -0
1365 -2.04499e-05 -0
1366 7.9125e-06 -0
1367 -4.56504e-06 0
1368 1.26644e-06 0
1369 4.26007e-06 0
1370 -1.45254e-06 -0
1371 3.10158e-06 -0
1372 -2.06059e-06 0
1373 5.86683e-07 -0
1374 -7.0373e-06 0
1375 3.36139e-06 -0
1376 -9.10018e-07 -0
1377 -3.85843e-06 -0
1378 4.31872e-06 -0
1379 -1.36091e-06 -0
1380 5.01932e-07 0
1381 1.44033e-05 0
1382 -2.29052e-05 0
1383 6.26915e-06 0
1384 -3.79162e-06 -0
1385 1.28297e-05 -0
1386 -4.22114e-06 0
1387 -1.55151e-05 0
1388 6.74853e-06 0
1389 -6.21559e-06 -0
1390 1.842e-06 0
1391 1.60518e-05 0
1392 -4.34367e-06 0
1393 2.23068e-06 0
1394 -1.10809e-05 -0
1395 4.4264e-06 0
1396 -3.54469e-06 0
1397 9.95106e-07 0
1398 3.348e-06 0
1399 -1.17489e-06 -0
1400 1.99367e-06 -0
1401 -6.0543e-07 0
1402 -2.74352e-06 0
1403 2.01969e-06 0
1404 -5.57129e-07 -0
1405 1.54279e-05 0
1406 -6.94385e-06 -0
1407 1.61736e-05 0
1408 -4.64067e-06 -0
1409 1.73627e-06 -0
1410 1.13125e-05 0
1411 -1.17803e-05 -0
1412 3.81919e-06 0
1413 -2.02156e-06 0
1414 1.4576e-05 -0
1415 -3.95721e-06 -0
1416 2.55992e-06 -0
1417 9.18729e-06 0
1418 -2.85942e-06 0
1419 3.56258e-06 0
1420 -1.46836e-06 0
1421 4.08487e-07 0
1422 7.66915e-06 0
1423 -1.49285e-05 0
1424 5.375e-06 -0
1425 -2.99975e-06 -0
1426 8.75211e-07 -0
1427 3.37064e-06 -0
1428 -2.97634e-06 0
1429 8.05545e-07 0
1430 -2.94264e-06 0
1431 1.39569e-06 -0
1432 -4.71178e-07 0
1433 -2.31873e-06 0
1434 3.31636e-06 -0
1435 -9.38125e-07 0
1436 -3.16105e-06 -0
1437 9.68546e-07 -0
1438 -6.64879e-07 0
1439 2.61664e-07 0
1440 -7.54845e-07 0
1441 2.08709e-07 0
1442 2.20468e-06 0
1443 -2.11881e-06 0
1444 1.04163e-06 -0
1445 -3.31954e-07 0
1446 3.65023e-06 -0
1447 -9.87229e-07 -0
1448 6.0995e-07 0
1449 2.70988e-06 0
1450 -9.35163e-07 0
1451 1.03614e-06 0
1452 -3.05026e-07 -0
1453 1.31199e-07 -0
1454 -4.11804e-06 0
1455 3.32145e-06 -0
1456 -9.07768e-07 0
1457 -3.15963e-06 0
1458 1.1988e-06 -0
1459 -2.20342e-06 0
1460 6.3577e-07 0
1461 -3.31863e-06 0
1462 1.94391e-06 -0
1463 -6.41534e-07 0
1464 -4.74327e-06 0
1465 2.17585e-06 -0
1466 -5.89238e-07 0
1467 8.72934e-07 -0
1468 3.30446e-06 0
1469 -9.94341e-07 -0
1470 7.32164e-07 -0
1471 -2.66941e-07 -0
1472 7.08485e-07 0
1473 -1.98811e-07 -0
1474 1.07208e-07 -0
1475 4.60161e-06 -0
1476 -1.87001e-06 0
1477 1.88237e-06 0
1478 -5.08611e-07 0
1479 -2.8494e-06 0
1480 8.93673e-07 0
1481 -4.07955e-06 -0
1482 2.04563e-06 -0
1483 7.05897e-06 -0
1484 -2.00385e-06 0
1485 2.5508e-06 0
1486 -9.001e-07 -0
1487 7.57363e-07 -0
1488 -2.06341e-07 -0
1489 -8.20692e-07 0
1490 3.44836e-07 0
1491 -8.51423e-07 -0
1492 2.52942e-07 0
1493 -4.55266e-06 -0
1494 2.86591e-06 0
1495 -9.34884e-07 -0
1496 2.58603e-07 0
1497 -4.51261e-07 -0
1498 2.55236e-07 0
1499 1.57726e-06 0
1500 -6.04389e-07 -0
1501 1.63501e-07 0
1502 -1.06162e-06 0
1503 7.43265e-07 0
1504 2.87384e-06 -0
1505 -8.85465e-07 -0
1506 3.92383e-07 -0
1507 -4.65661e-07 -0
1508 1.32779e-07 0
1509 1.99452e-06 0
1510 -6.65106e-07 0
1511 6.22061e-07 0
1512 -3.2061e-07 0
1513 -1.08408e-06 0
1514 2.9789e-07 -0
1515 -6.46246e-07 0
1516 2.2416e-07 -0
1517 -8.57335e-07 -0
1518 2.39393e-07 0
1519 -1.86418e-07 -0
1520 -8.12774e-07 0
1521 3.02615e-07 -0
1522 -1.45703e-07 -0
1523 4.3627e-08 0
1524 -5.90238e-08 0
1525 -4.35164e-07 -0
1526 1.17994e-07 0
1527 -7.71883e-08 -0
1528 6.75249e-07 -0
1529 -2.1669e-07 0
1530 8.70149e-08 0
1531 3.09088e-07 0
1532 -8.98232e-08 0
1533 9.66597e-08 0
1534 -4.40073e-08 -0
1535 -1.06061e-06 0
1536 2.90024e-07 0
1537 -4.75357e-07 -0
1538 2.76544e-07 -0
1539 -9.88213e-08 -0
1540 3.15448e-07 -0
1541 -8.76951e-08 -0
1542 -3.93927e-07 -0
1543 1.19922e-07 -0
1544 -1.07369e-07 0
1545 4.59624e-08 0
1546 1.54482e-07 -0
1547 -4.17963e-08 0
1548 6.73072e-07 -0
1549 -3.53528e-07 0
1550 1.19887e-07 0
1551 -8.68599e-08 -0
1552 2.54466e-08 0
1553 2.22356e-07 0
1554 -3.25352e-07 0
1555 1.02332e-07 -0
1556 -2.12229e-07 0
1557 8.40295e-08 -0
1558 3.28297e-07 0
1559 -9.34512e-08 -0
1560 5.66314e-08 0
1561 -2.35554e-07 -0
1562 6.40843e-08 0
1563 -7.44095e-08 0
1564 2.69925e-08 -0
1565 -6.13241e-07 -0
1566 2.8293e-07 0
1567 -7.87228e-08 -0
1568 -4.80862e-07 -0
1569 3.61052e-07 0
1570 -1.14082e-07 -0
1571 -4.66951e-07 0
1572 1.25451e-07 -0
1573 -1.19016e-07 0
1574 6.45032e-08 -0
1575 -1.74816e-07 -0
1576 4.99644e-08 -0
1577 -1.92189e-08 -0
1578 -3.21982e-07 -0
1579 2.11899e-07 0
1580 -5.79629e-08 0
1581 -2.12842e-07 0
1582 7.24793e-08 -0
1583 -3.79111e-07 -0
1584 1.85782e-07 -0
1585 -5.71544e-08 0
1586 9.92821e-08 0
1587 -8.30878e-08 -0
1588 2.45541e-08 0
1589 -1.02821e-08 0
1590 -9.78901e-08 0
1591 2.66392e-08 0
1592 -3.44006e-08 0
1593 1.28358e-08 -0
1594 5.94316e-08 0
1595 -1.59734e-08 -0
1596 3.63061e-08 -0
1597 -1.61243e-08 0
1598 -1.10901e-06 0
1599 3.65625e-07 -0
1600 -2.53281e-07 -0
1601 7.06296e-08 -0
1602 2.37051e-07 0
1603 -2.41297e-07 0
1604 7.12514e-08 -0
1605 -5.58006e-07 -0
1606 2.97642e-07 0
1607 -1.05373e-07 0
1608 -5.73947e-07 -0
1609 1.64683e-07 -0
1610 -1.32579e-07 -0
1611 5.42335e-08 0
1612 -1.87647e-07 0
1613 5.11801e-08 -0
1614 -7.95269e-08 -0
1615 4.72793e-08 0
1616 1.67853e-07 -0
1617 -5.41954e-08 0
1618 1.66217e-08 0
1619 -2.11059e-07 -0
1620 1.02766e-07 -0
1621 -2.78e-08 -0
1622 3.41031e-08 -0
1623 1.64413e-07 0
1624 -6.03362e-08 -0
1625 3.8514e-08 0
1626 -1.07686e-08 -0
1627 -1.82674e-07 0
1628 3.60747e-07 -0
1629 -1.57347e-07 0
1630 5.27474e-08 -0
1631 2.01146e-07 -0
1632 -5.5585e-08 0
1633 6.06793e-08 -0
1634 -3.07354e-07 -0
1635 9.2431e-08 0
1636 -4.70448e-08 -0
1637 3.89255e-08 0
1638 -1.05186e-08 -0
1639 -6.96404e-08 -0
1640 2.68542e-08 0
1641 -7.06761e-08 -0
1642 2.05015e-08 0
1643 -1.17257e-08 -0
1644 -3.94415e-08 -0
1645 1.2483e-08 0
1646 -1.15171e-08 -0
1647 3.16529e-07 -0
1648 -8.89492e-08 -0
1649 3.65864e-08 -0
1650 -4.99622e-08 0
1651 -2.17708e-07 0
1652 5.89131e-08 -0
1653 -4.39393e-08 -0
1654 1.52548e-08 0
1655 -3.26384e-08 0
1656 1.4845e-08 0
1657 1.70382e-07 0
1658 -4.65932e-08 -0
1659 2.83539e-08 0
1660 -9.23575e-09 0
1661 -3.37394e-08 -0
1662 1.50044e-07 -0
1663 -4.36705e-08 -0
1664 1.61117e-08 0
1665 -1.79745e-08 0
1666 1.25838e-08 -0
1667 -3.82664e-09 -0
1668 -2.00564e-08 0
1669 9.49066e-09 -0
1670 -7.77091e-08 -0
1671 2.08869e-08 0
1672 -3.42442e-08 -0
1673 9.70628e-09 0
1674 -3.8559e-09 -0
1675 -1.1033e-07 -0
1676 6.08653e-08 0
1677 2.25569e-07 -0
1678 -7.68213e-08 -0
1679 2.12406e-08 -0
1680 -2.0903e-08 -0
1681 6.67447e-08 0
1682 -2.06809e-08 0
1683 9.08921e-09 0
1684 5.58436e-08 -0
1685 -1.51077e-08 0
1686 1.02015e-08 0
1687 -1.48879e-08 0
1688 5.31789e-09 0
1689 -8.06259e-08 -0
1690 2.37562e-08 0
1691 8.75712e-08 0
1692 -4.51318e-08 0
1693 4.00651e-08 0
1694 -1.12822e-08 -0
1695 2.98761e-08 -0
1696 -1.12558e-08 0
1697 3.04858e-09 -0
1698 1.46947e-08 -0
1699 -1.13851e-08 0
1700 3.75318e-09 0
1701 -2.11331e-08 0
1702 8.75725e-09 -0
1703 -1.02301e-08 0
1704 2.79732e-09 0
1705 2.53891e-08 -0
1706 -1.56395e-08 -0
1707 4.9795e-09 0
1708 2.00627e-08 0
1709 -5.74253e-09 -0
1710 1.11758e-08 -0
1711 -5.15201e-09 0
1712 1.38658e-09 0
1713 8.6893e-08 -0
1714 -9.32452e-08 0
1715 3.66521e-08 0
1716 -1.11406e-08 -0
1717 -3.61709e-08 0
1718 1.96976e-08 0
1719 -8.25092e-08 -0
1720 2.91202e-08 0
1721 -8.15164e-09 -0
1722 5.99501e-09 0
1723 5.43891e-08 -0
1724 -2.76185e-08 -0
1725 5.23076e-08 -0
1726 -1.43825e-08 -0
1727 4.51443e-09 0
1728 1.73601e-08 -0
1729 -1.51907e-08 -0
1730 6.59051e-09 -0
1731 -8.61205e-08 -0
1732 2.58009e-08 0
1733 -3.38415e-08 -0
1734 9.20741e-09 -0
1735 -5.40096e-09 0
1736 -2.58958e-08 0
1737 8.78446e-09 0
1738 -2.2614e-08 -0
1739 8.24716e-09 -0
1740 -5.47369e-09 -0
1741 1.54664e-09 0
1742 5.11027e-09 0
1743 -2.32648e-09 -0
1744 3.75954e-09 0
1745 -1.01938e-09 -0
1746 -1.12357e-08 0
1747 3.6682e-09 0
1748 -3.50713e-09 -0
1749 1.03513e-09 -0
1750 -6.32612e-09 0
1751 2.57708e-09 0
1752 8.99228e-09 -0
1753 -2.49751e-09 -0
1754 1.42358e-09 0
1755 8.11854e-09 0
1756 -1.1519e-08 -0
1757 3.65663e-09 0
1758 -1.78487e-09 0
1759 6.948e-09 -0
1760 -1.99656e-09 -0
1761 1.65458e-09 0
1762 -6.28307e-10 0
1763 -4.65198e-09 -0
1764 1.29606e-09 -0
1765 -3.73159e-09 -0
1766 2.5394e-09 0
1767 6.3343e-09 0
1768 -2.28429e-09 -0
1769 6.43985e-10 0
1770 -7.44672e-10 -0
1771 2.36405e-10 -0
1772 5.93604e-10 -0
1773 -2.52724e-10 0
1774 4.90603e-09 0
1775 -1.45687e-09 -0
1776 1.14426e-09 -0
1777 -6.22741e-10 0
1778 -2.48125e-09 0
1779 7.15093e-10 -0
1780 -9.68263e-10 -0
1781 3.62985e-10 -0
1782 7.81013e-10 -0
1783 -3.55248e-10 0
1784 1.55997e-09 -0
1785 -4.36862e-10 -0
1786 1.49272e-10 -0
1787 -1.09894e-08 0
1788 6.70238e-09 0
1789 -1.21122e-08 0
1790 3.66412e-09 -0
1791 1.708e-08 0
1792 -8.16442e-09 -0
1793 2.33591e-09 -0
1794 -1.65687e-09 -0
1795 -5.72118e-09 0
1796 1.56187e-09 -0
1797 -1.54543e-09 -0
1798 5.98392e-10 0
1799 -2.8823e-09 0
1800 9.36626e-10 -0
1801 -1.47765e-09 -0
1802 4.29936e-10 -0
1803 1.37754e-09 0
1804 -7.06974e-10 -0
1805 2.9398e-10 0
1806 -1.82782e-08 0
1807 5.00224e-09 0
1808 -4.31976e-09 0
1809 1.46038e-09 0
1810 -2.72649e-09 -0
1811 -1.20161e-08 -0
1812 3.64311e-09 0
1813 -2.07936e-09 -0
1814 5.81583e-10 0
1815 5.98029e-09 -0
1816 -2.65202e-09 0
1817 3.31196e-09 -0
1818 -8.97187e-10 -0
1819 5.69292e-09 0
1820 -2.00984e-09 0
1821 1.57874e-09 -0
1822 9.34926e-09 -0
1823 -2.75436e-09 -0
1824 7.1944e-09 0
1825 -4.52083e-09 -0
1826 1.42867e-09 -0
1827 5.05895e-09 -0
1828 -1.3638e-09 -0
1829 6.74139e-10 -0
1830 -7.11901e-10 0
1831 2.79151e-10 -0
1832 -3.33798e-09 0
1833 9.14452e-10 0
1834 -1.82628e-09 -0
1835 6.04502e-10 -0
1836 2.47184e-09 0
1837 -1.3303e-09 -0
1838 3.79486e-10 -0
1839 -2.66863e-10 -0
1840 -7.13669e-09 0
1841 2.6288e-09 0
1842 -3.71119e-09 -0
1843 1.0096e-09 0
1844 5.09079e-09 -0
1845 -2.21897e-09 0
1846 6.84886e-10 -0
1847 -2.33339e-09 -0
1848 1.92726e-09 -0
1849 -5.36999e-10 -0
1850 -4.01042e-09 0
1851 1.84822e-09 0
1852 -2.10276e-09 0
1853 6.23988e-10 -0
1854 2.16691e-09 0
1855 -7.51975e-10 -0
1856 5.02074e-10 0
1857 -1.35374e-10 -0
1858 6.93847e-10 0
1859 -2.67811e-10 0
1860 4.35285e-10 0
1861 -1.4117e-10 -0
1862 -5.85798e-10 0
1863 2.99695e-10 -0
1864 -8.31344e-11 -0
1865 7.3454e-10 0
1866 -6.59431e-10 -0
1867 1.92026e-10 -0
1868 2.52383e-09 0
1869 -1.05694e-09 -0
1870 2.85857e-10 -0
1871 -6.75159e-10 -0
1872 3.96354e-10 -0
1873 1.49808e-09 -0
1874 -4.68381e-10 -0
1875 3.54987e-10 -0
1876 -1.29077e-10 0
1877 1.70348e-10 0
1878 -4.83586e-11 -0
1879 5.23522e-10 0
1880 -2.4306e-10 0
1881 6.53807e-11 0
1882 3.68566e-10 -0
1883 -9.77787e-10 -0
1884 2.89527e-10 -0
1885 -1.55899e-10 0
1886 1.44625e-10 -0
1887 -4.84084e-11 -0
1888 -4.32994e-10 -0
1889 1.15392e-10 -0
1890 -4.59961e-11 0
1891 -1.87127e-10 -0
1892 1.12831e-10 0
1893 -1.94742e-10 -0
1894 5.41723e-11 0
1895 3.51761e-09 -0
1896 -1.14997e-09 0
1897 5.16229e-10 -0
1898 -5.68144e-10 -0
1899 1.53962e-10 -0
1900 -6.36658e-10 0
1901 2.36519e-10 0
1902 -1.72524e-10 0
1903 -8.51883e-10 -0
1904 2.46568e-10 0
1905 -5.36126e-10 0
1906 1.70521e-10 0
1907 -9.06702e-11 -0
1908 -8.16229e-10 -0
1909 2.22598e-10 0
1910 -1.95101e-10 -0
1911 -6.84438e-10 -0
1912 2.0954e-10 -0
1913 -9.01011e-11 0
1914 9.47408e-10 0
1915 -3.31478e-10 0
1916 3.96129e-10 -0
1917 -1.09253e-10 -0
1918 7.40915e-11 0
1919 3.02116e-10 0
1920 -8.85145e-11 0
1921 4.72997e-10 0
1922 -2.28873e-10 -0
1923 6.16002e-11 -0
1924 -9.70421e-11 -0
1925 3.24166e-11 0
1926 6.59842e-10 -0
1927 -2.73166e-10 -0
1928 1.76108e-10 0
1929 -4.91597e-11 -0
1930 1.36479e-10 -0
1931 5.0914e-10 -0
1932 -1.93212e-10 -0
1933 1.81536e-10 0
1934 -5.41078e-11 -0
1935 -3.45127e-10 -0
1936 1.79407e-10 0
1937 -5.1111e-11 -0
1938 6.89802e-11 0
1939 -2.48951e-10 -0
1940 6.7616e-11 0
1941 -4.07095e-11 -0
1942 -1.81989e-10 0
1943 5.71071e-11 -0
1944 -2.28932e-11 -0
1945 1.91227e-11 0
1946 4.71958e-11 0
1947 -1.42093e-11 -0
1948 5.79926e-12 0
1949 -2.60964e-12 -0
1950 -1.80125e-13 -0
1951 1.43365e-11 -0
1952 -4.67734e-12 -0
1953 6.94751e-12 0
1954 -2.06324e-12 -0
1955 3.99154e-12 -0
1956 -1.3973e-12 -0
1957 2.22374e-13 -0
1958 3.92549e-11 0
1959 -2.33379e-11 -0
1960 7.39291e-12 -0
1961 -1.3048e-11 -0
1962 4.97283e-12 0
1963 9.74215e-12 0
1964 -2.90991e-12 0
1965 1.40178e-11 0
1966 -6.7102e-12 0
1967 -9.8049e-12 0
1968 3.08631e-12 -0
1969 -2.74454e-12 -0
1970 1.03725e-12 -0
1971 -4.15942e-10 0
1972 2.06594e-10 -0
1973 -2.59679e-10 0
1974 6.99058e-11 0
1975 2.9669e-10 -0
1976 -9.21758e-11 -0
1977 5.37037e-11 -0
1978 -2.44025e-10 -0
1979 9.36847e-11 -0
1980 -2.5901e-11 0
1981 4.51043e-11 0
1982 6.03869e-10 -0
1983 -2.00183e-10 0
1984 1.59175e-10 0
1985 -4.63513e-11 0
1986 -1.74074e-10 -0
1987 8.16566e-11 0
1988 -8.26167e-11 -0
1989 2.26117e-11 -0
1990 -3.1203e-10 -0
1991 1.31693e-10 -0
1992 -8.13504e-11 0
1993 2.43315e-11 -0
1994 1.34524e-10 0
1995 -4.21448e-10 0
1996 1.48565e-10 -0
1997 -4.15007e-11 0
1998 4.76329e-11 0
1999 -1.93099e-11 0
2000 -7.95822e-11 -0
2001 2.14936e-11 0
2002 -1.40124e-11 0
2003 -4.23029e-10 -0
2004 1.34506e-10 0
2005 -2.63455e-10 0
2006 1.39601e-10 -0
2007 -4.03289e-11 -0
2008 -2.71513e-10 -0
2009 1.01895e-10 0
2010 -9.3951e-11 -0
2011 2.53608e-11 0
2012 8.69926e-11 -0
2013 -1.35352e-10 -0
2014 4.54405e-11 0
2015 -3.85618e-10 0
2016 1.06155e-10 -0
2017 -5.10298e-11 -0
2018 3.83812e-11 0
2019 -1.13521e-11 -0
2020 3.40664e-11 0
2021 -1.34387e-11 0
2022 -6.63233e-11 0
2023 3.75992e-11 0
2024 -1.15755e-11 -0
2025 -1.11787e-10 0
2026 3.03948e-11 -0
2027 -3.30789e-11 -0
2028 1.43537e-11 0
2029 5.12022e-11 -0
2030 -1.45386e-11 -0
2031 3.38454e-11 -0
2032 -1.18107e-11 0
2033 1.00079e-11 -0
2034 -1.59963e-10 0
2035 4.42412e-11 0
2036 -2.22227e-11 0
2037 3.00264e-11 0
2038 -9.76867e-12 -0
2039 -4.31378e-11 -0
2040 1.15865e-11 0
2041 -7.66562e-12 0
2042 3.32328e-11 -0
2043 -9.9663e-12 0
2044 4.45043e-12 0
2045 1.23312e-10 0
2046 -4.54675e-11 0
2047 7.55536e-11 0
