0 0 0
1 -0 -0
2 -0 0
3 0 -0
4 -0 0
5 1.35907e-100 -0
6 -3.9756e-101 0
7 1.73628e-101 0
8 -1.67739e-101 0
9 -8.08563e-101 -0
10 2.25614e-101 0
11 -8.55465e-102 -0
12 3.37844e-101 0
13 -2.47218e-101 0
14 7.65802e-102 0
15 2.73025e-101 -0
16 -1.36458e-101 0
17 3.74354e-102 0
18 -4.95352e-102 -0
19 2.65221e-17 -0
20 -9.05941e-18 -0
21 2.51031e-18 0
22 -5.17354e-18 -0
23 2.66212e-18 0
24 -2.04916e-18 -0
25 6.34735e-19 -0
26 3.14858e-18 0
27 -1.22736e-18 -0
28 5.59107e-18 -0
29 -1.4823e-18 0
30 1.49942e-18 0
31 -4.36321e-19 -0
32 -7.74132e-18 -0
33 3.43435e-18 -0
34 -2.11814e-18 -0
35 5.69381e-19 0
36 3.93563e-18 0
37 -5.35551e-18 0
38 1.8854e-18 -0
39 -6.61654e-18 -0
40 1.85419e-18 -0
41 -6.13376e-19 -0
42 -2.44564e-09 0
43 1.83494e-09 -0
44 -7.55788e-10 0
45 -2.85954e-09 -0
46 7.94019e-10 0
47 -1.5781e-09 0
48 8.01392e-10 -0
49 -2.40598e-10 -0
50 2.38168e-10 0
51 -6.39122e-11 0
52 6.00806e-10 -0
53 -2.30658e-10 0
54 -9.53752e-10 0
55 5.77958e-10 -0
56 -1.85345e-10 -0
57 5.04376e-10 -0
58 -1.36925e-10 -0
59 1.83194e-10 0
60 -8.58441e-11 -0
61 -4.86226e-10 0
62 1.41834e-10 0
63 -1.21231e-10 0
64 3.75739e-11 0
65 4.58816e-10 -0
66 -2.53653e-10 -0
67 6.83734e-11 0
68 -1.09261e-10 0
69 3.98794e-11 0
70 1.49036e-10 0
71 -6.54457e-11 0
72 1.82827e-11 0
73 -9.22874e-11 0
74 6.19328e-11 -0
75 -2.11726e-11 -0
76 -1.58831e-10 0
77 1.81445e-10 0
78 -4.96954e-11 0
79 1.92027e-09 0
80 -7.50854e-10 0
81 2.23631e-10 -0
82 1.04088e-09 -0
83 -8.06805e-10 0
84 2.16352e-10 0
85 -4.64306e-10 0
86 1.50636e-10 0
87 -7.49379e-11 -0
88 2.76452e-10 0
89 -7.91251e-11 -0
90 4.91579e-11 0
91 1.97344e-10 0
92 -8.26948e-11 -0
93 7.89066e-11 0
94 -2.18039e-11 -0
95 0.21847 -0
96 -0.0763642 -0
97 0.474323 0
98 -0.144559 -0
99 0.0770625 -0
100 -0.103703 0
101 0.0276485 0
102 0.119028 0
103 -0.0444919 -0
104 0.0316115 -0
105 -0.0744739 0
106 0.0208936 0
107 0.131313 0
108 -0.0432364 -0
109 0.019088 -0
110 -0.0219 0
111 0.00586884 -0
112 -0.0554609 0
113 0.0321997 0
114 -0.00937138 0
115 -0.137368 -0
116 0.118374 0
117 -0.037257 0
118 0.0654302 0
119 -0.0261848 0
120 -0.126603 0
121 0.0341844 0
122 -0.0160986 -0
123 0.0445189 -0
124 -0.012797 0
125 0.00824367 0
126 0.0342549 0
127 -0.0116985 -0
128 0.0117278 -0
129 -0.00313341 0
130 -0.0269142 0
131 0.00807491 -0
132 -0.00412603 -0
133 0.00607412 0
134 -0.0016785 -0
135 0.07076 0
136 -0.0257022 -0
137 0.0205992 -0
138 -0.0711768 -0
139 0.0302874 -0
140 -0.00803471 0
141 -0.047492 -0
142 0.0146644 -0
143 -0.00811281 0
144 0.0429095 -0
145 -0.0116489 -0
146 0.0142195 -0
147 -0.00542478 0
148 -0.170942 0
149 0.114853 0
150 -0.0374851 0
151 -0.168253 -0
152 0.0467197 -0
153 -0.0212201 -0
154 0.0407951 -0
155 -0.0109484 -0
156 0.0116134 0
157 0.0881129 0
158 -0.0309712 -0
159 0.00909531 0
160 -0.0897074 -0
161 0.0644543 -0
162 -0.0259277 -0
163 0.00736647 -0
164 0.0395424 0
165 -0.0622703 -0
166 0.0198499 0
167 -0.0104176 -0
168 0.00276972 -0
169 -0.00715853 -0
170 -0.0311325 0
171 0.027161 -0
172 -0.00909923 -0
173 0.00248397 -0
174 -0.00145445 0
175 -0.0168928 0
176 0.00801026 -0
177 -0.0321937 0
178 0.00974792 0
179 -0.00360708 -0
180 0.0627523 0
181 -0.0169414 0
182 0.0163749 0
183 -0.00679802 0
184 -0.0334859 0
185 0.00938371 0
186 -0.00715887 0
187 0.0155972 -0
188 -0.00463828 0
189 0.00291465 -0
190 0.351156 0
191 -0.0933632 0
192 0.0333724 0
193 -0.0455862 -0
194 0.0225361 0
195 0.141059 -0
196 -0.0406258 -0
197 0.266925 0
198 -0.104007 0
199 0.0278072 -0
200 -0.032342 -0
201 -0.141077 -0
202 0.0445248 0
203 -0.0244438 -0
204 0.0757727 -0
205 -0.0207968 0
206 0.017002 0
207 -0.00742374 -0
208 0.0132929 0
209 -0.00439687 0
210 -0.0344898 -0
211 0.00963499 0
212 -0.0064057 0
213 0.0858601 0
214 -0.0297065 -0
215 0.00799536 0
216 0.0341544 0
217 -0.0310284 -0
218 0.00955079 0
219 -0.00430509 -0
220 0.0197355 -0
221 -0.00525323 0
222 0.00880462 0
223 -0.00330808 0
224 -0.0163459 0
225 0.00476219 -0
226 -0.00286199 0
227 -0.0517154 -0
228 0.0261045 -0
229 -0.028211 -0
230 0.00797263 0
231 -0.0025726 -0
232 0.00617994 0
233 -0.00253094 0
234 -0.0142755 -0
235 0.00382925 -0
236 -0.00284519 -0
237 0.0224166 0
238 -0.00663387 -0
239 0.00831531 -0
240 -0.00386595 0
241 0.00102658 0
242 0.0110317 0
243 -0.00374397 0
244 0.00260955 0
245 0.0119502 0
246 -0.00331273 0
247 0.00685244 -0
248 -0.00271246 0
249 0.00152198 -0
250 -0.000472515 -0
251 -0.0167264 -0
252 0.0169952 -0
253 -0.00460869 -0
254 0.0131579 0
255 -0.00472591 -0
256 -0.0200002 0
257 0.00572635 0
258 -0.00484097 0
259 0.00234605 0
260 -0.000626519 0
261 0.000899251 -0
262 0.00600122 0
263 -0.0025788 0
264 0.000788025 -0
265 -0.00309465 0
266 0.00191026 0
267 -0.000521447 0
268 0.0108338 -0
269 -0.00376496 0
270 -0.0208915 0
271 0.011108 0
272 -0.00320136 0
273 0.0048107 -0
274 -0.00444112 -0
275 0.00117432 0
276 -0.000443573 0
277 0.00216795 -0
278 -0.00070327 0
279 -0.0130485 0
280 0.0102005 -0
281 -0.00279728 0
282 0.00123218 0
283 0.0056706 0
284 -0.00169727 0
285 0.00217418 -0
286 -0.00139649 0
287 0.000375301 -0
288 -0.00119629 -0
289 0.00043423 -0
290 0.00282088 -0
291 -0.00144053 0
292 0.000448735 -0
293 -0.00407472 0
294 0.00107825 -0
295 -0.00114548 -0
296 0.000474861 0
297 0.00553454 -0
298 -0.00154394 -0
299 0.00265726 -0
300 -0.00149273 0
301 0.000492855 0
302 0.00253117 0
303 -0.000669798 0
304 0.000447227 0
305 -0.00255744 -0
306 0.000970025 -0
307 -0.000279529 0
308 0.000544148 0
309 -0.000169945 0
310 -0.124214 -0
311 0.109705 0
312 -0.0300729 -0
313 0.0137764 -0
314 0.0740635 -0
315 -0.025373 -0
316 0.0306808 0
317 -0.00815318 0
318 0.0391441 0
319 -0.0284086 0
320 0.00809152 -0
321 -0.0032725 -0
322 -0.0153072 0
323 0.0246652 -0
324 -0.00686188 0
325 0.00344421 0
326 0.0806135 -0
327 -0.0286971 -0
328 0.0300704 0
329 -0.00808491 -0
330 0.024541 0
331 -0.0146781 -0
332 0.00438902 -0
333 0.0314528 -0
334 -0.0117861 0
335 -0.0501209 -0
336 0.0158683 0
337 -0.0121086 0
338 0.00329116 0
339 -0.00649234 0
340 0.00309832 -0
341 -0.0713895 0
342 0.0189868 0
343 -0.00787336 -0
344 0.0116518 0
345 -0.00353453 0
346 -0.0341709 -0
347 0.0186343 -0
348 -0.00535442 -0
349 0.00516965 -0
350 0.0228125 -0
351 -0.00767651 0
352 0.0203501 -0
353 -0.00562093 0
354 0.00357677 -0
355 -0.0261386 0
356 0.0103771 -0
357 -0.00277071 0
358 0.00224116 -0
359 0.0118444 0
360 -0.00385097 -0
361 0.00201002 -0
362 -0.00723027 -0
363 0.00213414 -0
364 0.0266953 -0
365 -0.00721681 -0
366 0.00313543 -0
367 -0.00367673 0
368 0.00133096 0
369 0.00568065 -0
370 -0.00160726 0
371 0.00112797 -0
372 -0.00236926 0
373 0.000629104 0
374 -0.0065363 0
375 0.00379767 -0
376 -0.0013172 0
377 0.00118268 0
378 -0.000364402 0
379 -0.00238515 0
380 0.00111311 0
381 -0.000311046 0
382 0.00135794 -0
383 -0.0018622 -0
384 0.000714095 0
385 0.0490147 0
386 -0.0133468 0
387 -0.0642703 -0
388 0.0212089 0
389 -0.0130084 0
390 0.00378723 -0
391 -0.00649474 -0
392 0.00316356 -0
393 -0.000842637 -0
394 -0.417226 0
395 0.359398 0
396 -0.133296 -0
397 0.351817 -0
398 -0.11038 0
399 -0.459995 -0
400 0.123938 0
401 -0.126481 0
402 0.0567357 -0
403 -0.321509 -0
404 0.0886959 -0
405 -0.0591594 0
406 -0.3186 0
407 0.0963779 -0
408 -0.0398764 -0
409 0.0525526 -0
410 -0.0295617 0
411 -0.364946 0
412 0.0973826 -0
413 -0.0314965 -0
414 0.0238482 -0
415 -0.0798659 0
416 0.0231343 0
417 0.0997734 0
418 -0.035404 -0
419 0.0399495 0
420 -0.0108073 0
421 0.00557645 -0
422 0.0384866 -0
423 -0.0151517 0
424 0.029541 -0
425 -0.00832172 0
426 0.128706 0
427 -0.0395673 -0
428 0.0310447 0
429 0.124515 0
430 -0.0525207 -0
431 0.0141029 -0
432 -0.0975487 -0
433 0.0338148 0
434 -0.0319741 -0
435 0.0172093 -0
436 -0.00490626 0
437 -0.0441467 0
438 0.0691714 0
439 -0.0189917 -0
440 0.00872303 -0
441 0.0407572 -0
442 -0.0135937 -0
443 0.00929479 -0
444 -0.0227845 -0
445 0.0067887 -0
446 -0.00181277 -0
447 -0.034523 0
448 0.0131081 0
449 -0.0166016 -0
450 0.0105246 0
451 -0.0468084 -0
452 0.0149619 -0
453 -0.00416902 -0
454 -0.0170307 0
455 0.00844132 -0
456 -0.00705067 0
457 0.00188796 -0
458 -0.0485917 0
459 0.0195987 0
460 0.118889 0
461 -0.0348741 0
462 0.0631677 0
463 -0.0363024 -0
464 0.0124634 -0
465 -0.0135642 -0
466 0.00367743 0
467 0.0185921 0
468 -0.00820713 0
469 0.0238374 0
470 -0.00684086 -0
471 0.0049345 0
472 -0.00153611 0
473 0.0168478 -0
474 -0.0062933 -0
475 0.00909311 -0
476 -0.00244536 0
477 -0.0109046 0
478 0.0051828 -0
479 -0.00145148 0
480 -0.0218424 -0
481 0.0191647 -0
482 -0.00623167 -0
483 0.0140692 0
484 -0.00837457 0
485 0.00223372 -0
486 0.0167559 0
487 -0.00716696 0
488 0.00217662 0
489 0.00870508 -0
490 -0.0087141 0
491 0.00316597 0
492 -0.00086209 -0
493 0.00653824 -0
494 -0.00348164 0
495 0.0126685 -0
496 -0.00374444 0
497 0.00438149 -0
498 -0.00173761 -0
499 0.046807 -0
500 -0.0131033 0
501 0.00945402 0
502 0.048135 -0
503 -0.016106 -0
504 0.00427297 -0
505 -0.00679603 -0
506 0.00333159 0
507 0.023502 0
508 -0.00735189 0
509 0.0046825 -0
510 -0.00128339 -0
511 0.0024904 -0
512 -0.00100596 0
513 -0.0143998 0
514 0.00385666 0
515 -0.00303906 -0
516 0.0010691 -0
517 -0.0049549 0
518 0.00142513 0
519 -0.00183159 0
520 0.000814987 -0
521 0.00380009 -0
522 -0.001031 -0
523 0.000562958 -0
524 0.0178899 0
525 -0.00542591 0
526 0.00545397 -0
527 -0.0186532 -0
528 0.0050399 0
529 -0.00188217 -0
530 -0.00746883 -0
531 0.00481229 -0
532 -0.00161603 0
533 -0.00727068 -0
534 0.00364186 -0
535 -0.00114671 -0
536 0.00188977 -0
537 -0.0005339 0
538 0.0112769 -0
539 -0.00742329 0
540 0.00309398 0
541 -0.000804894 -0
542 0.00155704 -0
543 -0.00141261 -0
544 0.000470019 -0
545 0.00366877 -0
546 -0.00102871 -0
547 0.00270502 0
548 -0.000993929 -0
549 0.000477289 -0
550 -0.000124031 0
551 -0.00249714 -0
552 0.00282003 -0
553 -0.000866232 0
554 0.000684128 -0
555 0.00389419 -0
556 -0.00105199 -0
557 0.000475443 0
558 -0.00181504 0
559 0.000522796 0
560 -0.000289306 -0
561 0.000343624 0
562 -8.61088e-05 0
563 2.65023e-05 0
564 0.00209144 0
565 -0.000817549 -0
566 -0.00290513 -0
567 0.00292637 0
568 -0.000873439 0
569 0.000519707 -0
570 -0.00230174 -0
571 0.000629573 -0
572 0.00191596 0
573 -0.00083299 -0
574 0.00059167 -0
575 -0.000194954 0
576 0.000418878 0
577 -0.000119952 -0
578 -0.000157241 -0
579 7.06264e-05 -0
580 -0.000125735 0
581 3.71866e-05 -0
582 -0.000693371 -0
583 0.000372695 -0
584 -0.000117497 -0
585 0.000100438 0
586 0.000263729 -0
587 -7.33801e-05 -0
588 0.0327216 0
589 -0.0144218 0
590 0.0192846 -0
591 -0.00654177 0
592 0.00185191 0
593 0.0155247 -0
594 -0.008357 0
595 0.0185658 -0
596 -0.00510215 0
597 0.00202774 -0
598 -0.00889004 0
599 0.00633579 0
600 -0.00205969 -0
601 -0.0108728 0
602 0.00288334 -0
603 -0.00301533 -0
604 0.00112846 -0
605 -0.0116321 0
606 0.00341868 -0
607 -0.00195274 0
608 -0.00892862 0
609 0.00242105 -0
610 -0.00459207 -0
611 0.00206641 -0
612 -0.000639962 -0
613 0.000560548 -0
614 0.00361619 -0
615 -0.000965002 0
616 0.00062492 0
617 -0.00155544 -0
618 0.000543176 -0
619 0.00830258 0
620 -0.00230641 0
621 0.00289318 0
622 -0.00123352 0
623 0.00035973 -0
624 -0.00302867 0
625 0.00215365 0
626 -0.000559554 -0
627 -0.00320241 0
628 0.00114149 -0
629 -0.00160273 -0
630 0.000750318 0
631 -0.000232536 -0
632 0.000584349 -0
633 -0.000158792 0
634 -0.00194691 0
635 0.000768603 0
636 -0.000802026 -0
637 0.000211547 0
638 -0.000137226 -0
639 -0.0104918 -0
640 0.00350399 0
641 0.0174738 0
642 -0.00496197 0
643 0.00287618 0
644 -0.00857742 0
645 0.0032666 0
646 -0.000866642 0
647 0.000735392 0
648 -0.00504042 -0
649 0.00151419 -0
650 -0.00068599 0
651 0.000942916 0
652 -0.000254937 0
653 -0.00365247 -0
654 0.00189311 -0
655 -0.00064926 -0
656 -0.00398897 0
657 0.00118515 0
658 -0.00238202 0
659 0.00148325 -0
660 -0.000407383 -0
661 0.000391847 0
662 0.00185316 -0
663 -0.000595611 -0
664 0.0002438 0
665 -0.0012009 -0
666 0.000317182 -0
667 -0.000368516 -0
668 0.000182075 0
669 0.069835 0
670 -0.0202347 0
671 0.00753108 0
672 -0.0134239 -0
673 0.00362413 -0
674 0.0158807 0
675 -0.0124441 -0
676 0.00414946 -0
677 -0.0120486 -0
678 0.00575296 0
679 -0.00156447 0
680 -0.0101193 0
681 0.00625324 -0
682 -0.00192734 0
683 -0.0289508 0
684 0.0114027 0
685 -0.00953286 0
686 0.00268081 0
687 -0.0124792 -0
688 0.00448239 -0
689 0.0176825 -0
690 -0.00473378 0
691 0.00502829 -0
692 -0.00278432 0
693 0.000822266 -0
694 -0.010017 -0
695 0.00426425 -0
696 -0.00798899 -0
697 0.00220312 0
698 0.0106485 0
699 -0.00787511 0
700 0.002504 0
701 -0.00387281 -0
702 0.00170197 0
703 0.0138245 0
704 -0.00371572 -0
705 0.00128429 0
706 -0.00121587 -0
707 0.00893823 -0
708 -0.00258169 0
709 0.00155613 -0
710 0.00639318 0
711 -0.00174543 0
712 0.00421054 0
713 -0.00167659 0
714 0.000499805 0
715 0.0123199 -0
716 -0.00613371 0
717 0.00438269 0
718 -0.00117344 -0
719 0.00160272 -0
720 -0.000529225 0
721 -0.00276854 -0
722 0.000785138 -0
723 -0.0025714 0
724 0.00096793 -0
725 -0.000529288 -0
726 -0.00198948 -0
727 0.000621729 0
728 -0.000573448 0
729 0.0208804 0
730 -0.00584109 0
731 0.00275332 0
732 -0.00327095 0
733 0.00111636 -0
734 0.00812285 -0
735 -0.00218341 0
736 0.00141795 -0
737 -0.00780751 -0
738 0.00236544 0
739 -0.00399508 -0
740 0.00162019 0
741 0.00708542 -0
742 -0.00192746 -0
743 0.001573 0
744 -0.000570657 -0
745 0.00222026 0
746 -0.000635878 -0
747 0.000360282 0
748 0.00349749 0
749 -0.00112606 0
750 0.00238685 0
751 -0.000639013 0
752 0.000288422 0
753 0.00118943 0
754 -0.00117238 -0
755 0.000343377 0
756 -0.000177614 0
757 0.0032693 0
758 -0.000899723 -0
759 0.000676672 -0
760 0.00314568 -0
761 -0.00121055 0
762 0.00173389 -0
763 -0.00054579 0
764 0.00144982 0
765 -0.000391221 0
766 0.000164175 -0
767 -0.00103276 0
768 0.000608818 -0
769 -0.000199467 -0
770 -0.00148731 0
771 0.00039992 0
772 -0.000390229 0
773 0.000176552 0
774 0.000154455 0
775 -5.51215e-05 0
776 2.35327e-05 0
777 -0.000494841 0
778 0.000250138 0
779 -6.61436e-05 -0
780 6.29317e-05 -0
781 -2.61834e-05 0
782 4.98827e-06 0
783 -3.33415e-07 -0
784 -0.000992625 0
785 0.000263515 0
786 -0.000306042 0
787 0.000108639 -0
788 0.000589446 -0
789 -0.00182828 -0
790 0.000519068 0
791 -0.000310017 0
792 0.000101422 -0
793 -0.000150988 0
794 3.93356e-05 -0
795 0.000325566 0
796 -0.00016775 -0
797 6.38306e-05 0
798 0.0153195 0
799 -0.00424341 0
800 0.004445 -0
801 -0.00321896 -0
802 0.000965255 0
803 0.00401007 -0
804 -0.00165825 0
805 0.00480899 -0
806 -0.00131672 0
807 0.000408443 0
808 -0.00571092 -0
809 0.00263895 -0
810 -0.00236553 0
811 -0.0154154 -0
812 0.00547923 0
813 -0.00147738 0
814 0.00295846 -0
815 -0.00150799 0
816 0.000423762 -0
817 -0.0025787 0
818 0.00176718 -0
819 -0.000572195 0
820 -0.00221512 0
821 0.00269117 0
822 -0.000719644 -0
823 0.000273579 0
824 0.00506948 0
825 -0.00149532 0
826 0.000917073 -0
827 -0.00333576 -0
828 0.00148834 -0
829 0.00626798 0
830 -0.0018141 0
831 0.00140241 -0
832 -0.000468842 0
833 0.000694511 -0
834 0.00502193 -0
835 -0.00138404 0
836 0.000517472 -0
837 -0.000535445 -0
838 0.000283635 0
839 -7.64643e-05 -0
840 -0.000283075 -0
841 8.75681e-05 0
842 -0.000466014 -0
843 0.000223568 0
844 -0.00770623 0
845 0.0026791 0
846 -0.00221319 0
847 0.000626052 -0
848 -0.00116746 -0
849 -0.00675905 0
850 0.00183792 0
851 -0.00108474 0
852 0.000344938 -0
853 -0.00089642 -0
854 0.000384728 0
855 0.00182064 -0
856 -0.000540922 -0
857 0.000600586 -0
858 -0.000160772 -0
859 -0.00156588 -0
860 0.000624636 0
861 -0.000878705 0
862 0.000495251 0
863 -0.000138634 -0
864 0.00148611 0
865 -0.000533206 -0
866 0.000517715 -0
867 0.00207657 -0
868 -0.000559806 -0
869 0.000394652 -0
870 -0.00013077 -0
871 0.000962845 0
872 -0.000290479 -0
873 0.000145873 0
874 0.000974283 0
875 -0.000278304 -0
876 0.00044855 0
877 -0.000183168 0
878 0.000145878 0
879 0.000551654 0
880 -0.000149429 -0
881 0.00046735 0
882 -0.000213975 0
883 6.73419e-05 0
884 0.000871981 0
885 -0.000242221 0
886 0.00015788 -0
887 -0.000203195 0
888 7.14463e-05 -0
889 0.00033575 0
890 -9.04774e-05 -0
891 0.000211588 0
892 -8.28175e-05 -0
893 7.33025e-05 -0
894 -2.15079e-05 -0
895 0.0011523 0
896 -0.000557408 0
897 0.000178995 -0
898 0.000698033 0
899 -0.00019049 -0
900 0.000113856 -0
901 -0.000520307 -0
902 0.000196266 0
903 -0.000341706 -0
904 9.82627e-05 0
905 0.000422383 -0
906 -0.000286395 0
907 9.60144e-05 -0
908 -8.9706e-05 0
909 2.40168e-05 0
910 0.000179478 0
911 -7.51779e-05 -0
912 0.000250343 0
913 -7.67005e-05 -0
914 4.2116e-05 0
915 -1.15932e-05 0
916 0.000241923 0
917 -0.000279008 0
918 0.000124769 -0
919 0.000702936 -0
920 -0.000199182 -0
921 0.000146367 0
922 -5.02154e-05 0
923 0.000104075 -0
924 -2.7939e-05 0
925 -0.0004023 0
926 0.000119927 -0
927 -0.000159635 -0
928 8.30755e-05 0
929 0.000326577 -0
930 -0.000120418 -0
931 0.000646258 0
932 -0.00017509 0
933 0.000109351 0
934 -3.40388e-05 0
935 -0.00015756 0
936 6.69416e-05 0
937 -7.28449e-05 -0
938 2.04553e-05 -0
939 -0.000170958 -0
940 8.02232e-05 0
941 -2.14527e-05 0
942 5.32493e-05 0
943 -4.2806e-05 0
944 1.38996e-05 -0
945 5.36087e-05 0
946 -2.04653e-05 -0
947 3.07765e-05 0
948 -8.55019e-06 -0
949 -7.6294e-05 0
950 4.37843e-05 -0
951 -1.29239e-05 -0
952 0.00152898 0
953 -0.000613189 -0
954 0.000536357 -0
955 -0.000143764 0
956 0.000501203 -0
957 -0.000169857 -0
958 -0.000765454 0
959 0.000499915 -0
960 -0.000144059 -0
961 0.000273172 0
962 -0.000133664 0
963 4.24165e-05 0
964 0.000296985 0
965 -8.07077e-05 -0
966 7.88984e-05 0
967 -3.43106e-05 0
968 0.000329302 0
969 -9.90108e-05 0
970 3.55519e-05 0
971 0.000174873 0
972 -0.000134279 0
973 3.58063e-05 -0
974 -5.67027e-05 0
975 3.02835e-05 -0
976 0.000908903 -0
977 -0.000255032 0
978 0.000686368 0
979 -0.000235457 0
980 0.000166961 -0
981 -4.52003e-05 -0
982 -0.000187054 -0
983 7.44573e-05 -0
984 -8.79155e-05 -0
985 2.69482e-05 0
986 0.000378696 -0
987 -0.000107923 0
988 6.58739e-05 -0
989 -0.000818123 0
990 0.000217847 0
991 -9.80815e-05 -0
992 -0.000523427 -0
993 0.000726989 -0
994 -0.00023627 0
995 0.000198412 -0
996 -7.38303e-05 -0
997 2.01982e-05 0
998 -4.54253e-05 0
999 2.37784e-05 0
1000 0.000108212 -0
1001 -2.90777e-05 0
1002 0.000156869 0
1003 -4.88718e-05 -0
1004 4.97233e-05 0
1005 -2.13815e-05 -0
1006 -0.000169957 0
1007 5.01018e-05 -0
1008 -2.8008e-05 0
1009 0.000109799 0
1010 -3.03049e-05 -0
1011 1.06748e-05 -0
1012 -0.00031094 0
1013 0.000227376 -0
1014 -9.23292e-05 0
1015 0.000159653 -0
1016 -4.2569e-05 0
1017 -0.00018819 0
1018 9.06306e-05 0
1019 -2.55521e-05 0
1020 3.2264e-05 -0
1021 0.000202831 0
1022 -6.81102e-05 0
1023 4.37254e-05 -0
1024 -1.29669e-05 0
1025 3.5899e-05 -0
1026 -3.23256e-05 0
1027 8.69778e-06 -0
1028 0.000768334 0
1029 -0.00027884 0
1030 0.000139458 0
1031 0.000607392 0
1032 -0.000191198 -0
1033 5.09608e-05 0
1034 -7.71326e-05 -0
1035 0.000542991 0
1036 -0.000213473 -0
1037 5.93897e-05 -0
1038 -4.05429e-05 -0
1039 -0.000455215 -0
1040 0.000131743 -0
1041 -0.000144506 0
1042 6.70474e-05 -0
1043 0.000345447 -0
1044 -0.000113993 -0
1045 0.000238485 0
1046 -6.37313e-05 -0
1047 3.68234e-05 -0
1048 -1.11753e-05 0
1049 -7.0281e-05 -0
1050 5.77071e-05 -0
1051 -2.21812e-05 0
1052 7.68916e-05 -0
1053 -2.11378e-05 0
1054 -8.62743e-05 0
1055 3.79218e-05 0
1056 -3.64909e-05 0
1057 1.06589e-05 -0
1058 -0.000311353 -0
1059 0.000108558 -0
1060 -6.43227e-05 0
1061 1.72802e-05 -0
1062 -4.27532e-05 -0
1063 5.14454e-05 -0
1064 -2.11191e-05 -0
1065 -0.000204137 -0
1066 5.5594e-05 -0
1067 -2.8282e-05 0
1068 0.000160315 -0
1069 -5.23152e-05 0
1070 -0.000256442 -0
1071 7.35778e-05 0
1072 -5.49585e-05 0
1073 9.08069e-05 0
1074 -2.41378e-05 -0
1075 8.6181e-06 0
1076 0.000157612 0
1077 -9.89694e-05 0
1078 3.05506e-05 0
1079 0.000132126 0
1080 -6.29996e-05 0
1081 1.74675e-05 0
1082 -1.83038e-05 -0
1083 7.46529e-05 -0
1084 -2.22788e-05 0
1085 1.21533e-05 -0
1086 8.87112e-05 -0
1087 -2.36979e-05 0
1088 3.40094e-05 -0
1089 -1.2554e-05 0
1090 0.000100955 -0
1091 -3.36784e-05 -0
1092 2.34527e-05 0
1093 -6.3522e-06 -0
1094 -3.20942e-05 0
1095 1.36896e-05 -0
1096 -2.505e-05 -0
1097 8.01739e-06 -0
1098 -7.40385e-06 -0
1099 2.07796e-06 0
1100 8.23774e-05 -0
1101 -3.20313e-05 0
1102 9.63677e-05 0
1103 -2.57054e-05 0
1104 -0.000105061 0
1105 5.56593e-05 0
1106 -1.68296e-05 -0
1107 1.94828e-05 -0
1108 -8.90923e-06 0
1109 0.000126211 0
1110 -3.61621e-05 -0
1111 2.88951e-05 -0
1112 0.000162682 0
1113 -4.36821e-05 -0
1114 1.51478e-05 0
1115 -1.00865e-05 0
1116 4.77064e-05 -0
1117 -1.50346e-05 0
1118 2.01434e-05 -0
1119 -5.50011e-06 0
1120 -6.87704e-05 0
1121 2.6178e-05 -0
1122 -1.49485e-05 -0
1123 -6.44461e-05 0
1124 1.79665e-05 -0
1125 -4.37441e-05 -0
1126 2.05789e-05 -0
1127 -1.7563e-05 -0
1128 5.1117e-06 -0
1129 0.000183791 -0
1130 -4.92868e-05 -0
1131 2.08823e-05 -0
1132 -3.53904e-05 0
1133 1.26804e-05 0
1134 7.05562e-05 0
1135 -4.46754e-05 -0
1136 1.38752e-05 0
1137 -5.72238e-05 -0
1138 1.55331e-05 -0
1139 -1.60896e-05 -0
1140 -6.01533e-05 0
1141 3.02022e-05 -0
1142 -1.0368e-05 -0
1143 2.95909e-06 -0
1144 -8.21618e-05 0
1145 0.000167195 -0
1146 -7.51719e-05 0
1147 2.07242e-05 0
1148 9.02059e-05 0
1149 -6.54519e-05 0
1150 2.11967e-05 -0
1151 -2.70559e-05 -0
1152 7.28695e-06 0
1153 5.27799e-05 -0
1154 -2.00411e-05 -0
1155 1.12018e-05 -0
1156 -7.82411e-05 -0
1157 2.36334e-05 0
1158 -2.26712e-05 -0
1159 9.17215e-06 0
1160 4.96476e-05 0
1161 -1.3293e-05 -0
1162 3.23418e-05 0
1163 -9.2768e-06 -0
1164 7.28902e-06 0
1165 -2.43779e-06 -0
1166 -3.45054e-05 0
1167 2.13111e-05 0
1168 -5.95398e-06 0
1169 -2.15872e-05 -0
1170 7.96675e-06 0
1171 -1.28056e-05 0
1172 6.74514e-06 0
1173 -1.84071e-06 -0
1174 6.59131e-06 -0
1175 -2.06796e-06 -0
1176 2.40048e-06 -0
1177 9.44714e-06 0
1178 -4.13277e-06 -0
1179 1.22384e-06 0
1180 -1.68268e-05 -0
1181 4.52056e-06 -0
1182 -3.83751e-06 0
1183 1.51455e-06 0
1184 1.20536e-05 0
1185 -8.07827e-06 0
1186 2.48703e-06 0
1187 -1.46127e-05 -0
1188 4.0015e-06 -0
1189 -5.67288e-06 0
1190 2.64121e-06 -0
1191 1.26418e-05 -0
1192 -4.39384e-06 -0
1193 2.39595e-06 0
1194 -6.75321e-07 -0
1195 1.88144e-06 -0
1196 7.15261e-06 -0
1197 -2.3556e-06 0
1198 2.13792e-06 0
1199 -5.75918e-07 -0
1200 5.78884e-05 -0
1201 -2.39495e-05 0
1202 1.64874e-05 0
1203 -4.78866e-06 -0
1204 9.05658e-06 0
1205 6.68471e-05 -0
1206 -2.41819e-05 0
1207 6.67259e-06 -0
1208 -6.9457e-06 0
1209 3.53447e-06 0
1210 -3.29905e-05 -0
1211 1.04912e-05 0
1212 5.0581e-05 -0
1213 -1.35007e-05 -0
1214 7.84488e-06 -0
1215 -1.03352e-05 0
1216 3.06447e-06 0
1217 4.34149e-05 -0
1218 -1.84064e-05 0
1219 3.96898e-05 0
1220 -1.07217e-05 0
1221 8.15726e-06 -0
1222 -2.7442e-06 -0
1223 -1.10437e-05 -0
1224 4.07065e-06 0
1225 -1.83723e-05 -0
1226 5.18874e-06 0
1227 -2.30167e-06 0
1228 5.69932e-05 -0
1229 -6.11454e-05 0
1230 1.62679e-05 -0
1231 -1.03041e-05 0
1232 3.23274e-06 -0
1233 1.5005e-05 -0
1234 -2.58072e-05 -0
1235 9.96873e-06 0
1236 -2.83349e-06 0
1237 1.37362e-06 0
1238 -4.86618e-06 0
1239 1.32075e-06 0
1240 6.89105e-06 -0
1241 -5.42421e-06 -0
1242 1.90114e-06 -0
1243 3.87599e-05 -0
1244 -1.14563e-05 0
1245 6.47978e-06 -0
1246 -7.81542e-06 -0
1247 2.10128e-06 0
1248 -5.82293e-06 0
1249 2.36599e-06 0
1250 1.02444e-05 0
1251 -2.83276e-06 0
1252 2.5555e-06 0
1253 -8.40403e-07 -0
1254 5.48239e-06 0
1255 -3.6956e-06 -0
1256 1.10768e-06 -0
1257 7.12718e-06 0
1258 -3.22196e-06 0
1259 8.5896e-07 0
1260 -1.27556e-06 -0
1261 4.7772e-07 -0
1262 1.73009e-05 0
1263 -4.99757e-06 0
1264 3.68345e-06 0
1265 1.46254e-05 0
1266 -6.95815e-06 0
1267 1.91229e-06 -0
1268 -4.37865e-06 -0
1269 1.50364e-06 0
1270 1.26282e-05 0
1271 -7.51097e-06 -0
1272 2.3538e-06 -0
1273 -2.37618e-06 0
1274 6.39669e-07 0
1275 -8.69041e-06 -0
1276 3.48138e-06 -0
1277 -5.55857e-06 0
1278 1.55505e-06 0
1279 8.49966e-06 0
1280 -4.31077e-06 -0
1281 1.38212e-05 0
1282 -4.42938e-06 -0
1283 3.86321e-06 -0
1284 -1.04921e-06 0
1285 -4.28507e-06 -0
1286 1.52332e-06 0
1287 -1.76345e-06 0
1288 5.17374e-07 -0
1289 -4.41981e-06 -0
1290 2.35711e-06 0
1291 -6.3137e-07 -0
1292 -7.65389e-06 0
1293 3.29501e-06 -0
1294 -2.15704e-06 -0
1295 6.58058e-07 -0
1296 -1.35701e-06 -0
1297 -6.47888e-06 -0
1298 2.48708e-06 0
1299 -6.64234e-07 0
1300 8.57313e-07 -0
1301 -2.45784e-07 0
1302 1.03443e-06 -0
1303 -6.25565e-07 0
1304 2.11984e-07 -0
1305 1.4698e-06 0
1306 -4.0935e-07 0
1307 3.34915e-07 -0
1308 -7.89363e-06 0
1309 3.89097e-06 -0
1310 -1.2633e-06 -0
1311 -5.11142e-06 0
1312 1.3946e-06 0
1313 -2.30685e-06 -0
1314 9.61486e-07 0
1315 -6.97036e-07 -0
1316 2.07647e-07 -0
1317 -1.1922e-06 -0
1318 4.26222e-07 0
1319 1.86503e-06 0
1320 -5.0225e-07 0
1321 4.90032e-07 0
1322 -2.23478e-07 -0
1323 -6.58034e-06 -0
1324 1.86744e-06 0
1325 -5.28817e-06 0
1326 2.92546e-06 0
1327 -9.04713e-07 0
1328 1.02607e-06 -0
1329 -2.75456e-07 -0
1330 -1.61869e-06 0
1331 6.46754e-07 0
1332 -1.22963e-06 -0
1333 4.09878e-07 0
1334 -2.56014e-07 0
1335 -1.17295e-06 0
1336 3.25398e-07 0
1337 -1.22072e-07 0
1338 4.48062e-07 0
1339 -3.15079e-07 -0
1340 9.17314e-08 0
1341 7.51228e-07 -0
1342 -3.67321e-07 0
1343 5.48014e-07 -0
1344 -1.49489e-07 0
1345 -5.71451e-07 0
1346 1.83225e-07 -0
1347 -1.56812e-07 0
1348 6.94871e-08 0
1349 -1.83753e-06 0
1350 4.92433e-07 -0
1351 -1.73014e-07 -0
1352 8.86435e-07 0
1353 -8.42259e-07 0
1354 2.40303e-07 -0
1355 9.48853e-07 -0
1356 -5.01337e-07 -0
1357 1.5266e-07 -0
1358 1.81655e-06 -0
1359 -7.57841e-07 -0
1360 9.89989e-07 -0
1361 -2.68861e-07 0
1362 6.83378e-07 0
1363 -5.24858e-07 0
1364 1.56448e-07 -0
1365 8.47598e-07 -0
1366 -3.29124e-07 -0
1367 1.90686e-07 0
1368 -5.29944e-08 0
1369 -1.65095e-07 0
1370 5.67151e-08 -0
1371 -1.2457e-07 -0
1372 8.3345e-08 0
1373 -2.37943e-08 -0
1374 2.61925e-07 0
1375 -1.24622e-07 -0
1376 3.36602e-08 -0
1377 1.41602e-07 -0
1378 -1.58385e-07 -0
1379 4.98898e-08 -0
1380 -1.83864e-08 0
1381 1.75136e-06 0
1382 -2.59741e-06 0
1383 7.02172e-07 0
1384 -4.133e-07 -0
1385 1.21145e-06 -0
1386 -3.92687e-07 0
1387 -1.72965e-06 0
1388 7.37873e-07 0
1389 -6.52475e-07 -0
1390 1.90808e-07 0
1391 2.56933e-06 0
1392 -6.8772e-07 0
1393 3.45951e-07 0
1394 -1.4264e-06 -0
1395 5.60546e-07 0
1396 -4.34474e-07 0
1397 1.20567e-07 0
1398 4.69555e-07 0
1399 -1.62467e-07 -0
1400 2.57829e-07 -0
1401 -7.73364e-08 0
1402 -4.25758e-07 0
1403 3.04633e-07 0
1404 -8.31316e-08 -0
1405 1.125e-06 0
1406 -4.97864e-07 -0
1407 1.06516e-06 0
1408 -3.0232e-07 -0
1409 1.11519e-07 -0
1410 9.47218e-07 0
1411 -9.50791e-07 -0
1412 3.0469e-07 0
1413 -1.58252e-07 0
1414 9.03167e-07 -0
1415 -2.4279e-07 -0
1416 1.53424e-07 -0
1417 6.31753e-07 0
1418 -1.94456e-07 0
1419 2.31871e-07 0
1420 -9.41685e-08 0
1421 2.59364e-08 0
1422 -8.41534e-07 0
1423 1.40303e-06 0
1424 -4.89902e-07 -0
1425 2.6072e-07 -0
1426 -7.41724e-08 -0
1427 -4.17399e-07 -0
1428 3.43474e-07 0
1429 -9.09183e-08 0
1430 2.52452e-07 0
1431 -1.14992e-07 -0
1432 3.77075e-08 0
1433 3.06026e-07 0
1434 -3.92196e-07 -0
1435 1.08448e-07 0
1436 4.95556e-07 -0
1437 -1.48288e-07 -0
1438 9.65837e-08 0
1439 -3.68659e-08 0
1440 8.62307e-08 0
1441 -2.33191e-08 0
1442 -8.46358e-07 0
1443 7.63995e-07 0
1444 -3.63548e-07 -0
1445 1.1342e-07 0
1446 -7.11759e-07 -0
1447 1.88998e-07 -0
1448 -1.12015e-07 0
1449 -7.068e-07 0
1450 2.38426e-07 0
1451 -2.45925e-07 0
1452 7.09961e-08 -0
1453 -2.96797e-08 -0
1454 3.03634e-07 0
1455 -2.32456e-07 -0
1456 6.23965e-08 0
1457 2.79409e-07 0
1458 -1.03491e-07 -0
1459 1.69909e-07 0
1460 -4.81199e-08 0
1461 1.85608e-07 0
1462 -1.04549e-07 -0
1463 3.37416e-08 0
1464 4.54696e-07 0
1465 -2.02882e-07 -0
1466 5.40448e-08 0
1467 -7.33425e-08 -0
1468 -3.59017e-07 0
1469 1.06116e-07 -0
1470 -7.48194e-08 -0
1471 2.66913e-08 -0
1472 -6.09509e-08 0
1473 1.68147e-08 -0
1474 -8.77633e-09 -0
1475 3.81818e-08 -0
1476 -1.39773e-08 0
1477 1.05607e-08 0
1478 -2.60522e-09 0
1479 -6.82839e-08 0
1480 2.04979e-08 0
1481 -5.01086e-08 -0
1482 2.28333e-08 -0
1483 1.5504e-07 -0
1484 -4.22724e-08 0
1485 4.48556e-08 0
1486 -1.49778e-08 -0
1487 1.10117e-08 -0
1488 -2.86298e-09 -0
1489 -2.31239e-08 0
1490 9.21258e-09 0
1491 -1.66993e-08 -0
1492 4.75014e-09 0
1493 -8.69658e-10 -0
1494 -1.21461e-09 0
1495 6.85435e-10 -0
1496 -2.55757e-10 0
1497 1.07089e-09 -0
1498 -7.14326e-10 0
1499 1.02613e-08 0
1500 -3.59409e-09 -0
1501 9.09166e-10 0
1502 3.01671e-10 0
1503 -6.52085e-10 0
1504 1.12566e-08 -0
1505 -3.13848e-09 -0
1506 1.18812e-09 -0
1507 -8.25146e-10 -0
1508 1.96165e-10 0
1509 1.98813e-07 0
1510 -6.48761e-08 0
1511 5.71489e-08 0
1512 -2.84826e-08 0
1513 -1.23239e-07 0
1514 3.32728e-08 -0
1515 -6.32266e-08 0
1516 2.14445e-08 -0
1517 -6.53875e-08 -0
1518 1.79247e-08 0
1519 -1.32665e-08 -0
1520 -8.04617e-08 0
1521 2.92542e-08 -0
1522 -1.36594e-08 -0
1523 4.01205e-09 0
1524 -4.98739e-09 0
1525 -6.68356e-08 -0
1526 1.78271e-08 0
1527 -1.12132e-08 -0
1528 6.3633e-08 -0
1529 -2.00217e-08 0
1530 7.84438e-09 0
1531 3.55358e-08 0
1532 -1.01475e-08 0
1533 1.02464e-08 0
1534 -4.53858e-09 -0
1535 -1.75449e-08 0
1536 5.07333e-09 0
1537 -1.0548e-08 -0
1538 6.56442e-09 -0
1539 -2.4354e-09 -0
1540 9.48537e-09 -0
1541 -2.67666e-09 -0
1542 -5.87572e-09 -0
1543 1.91107e-09 -0
1544 -2.00087e-09 0
1545 9.12814e-10 0
1546 7.08817e-10 -0
1547 -2.41646e-10 0
1548 1.75633e-08 -0
1549 -9.44162e-09 0
1550 3.2468e-09 0
1551 -2.41447e-09 -0
1552 7.14354e-10 0
1553 -3.20682e-09 0
1554 2.6657e-09 0
1555 -7.05496e-10 -0
1556 -3.90204e-11 0
1557 1.24604e-10 -0
1558 -6.07566e-09 0
1559 1.59689e-09 -0
1560 -8.05918e-10 0
1561 9.60709e-11 -0
1562 3.02689e-11 0
1563 -2.84921e-10 0
1564 1.30644e-10 -0
1565 -2.32952e-08 -0
1566 1.09379e-08 0
1567 -3.07529e-09 -0
1568 -1.35785e-08 -0
1569 1.06642e-08 0
1570 -3.4313e-09 -0
1571 -1.00843e-08 0
1572 2.77822e-09 -0
1573 -2.85775e-09 0
1574 1.61607e-09 -0
1575 -5.22357e-09 -0
1576 1.51821e-09 -0
1577 -5.9694e-10 -0
1578 2.03688e-08 -0
1579 -1.26464e-08 0
1580 3.37428e-09 0
1581 1.75557e-08 0
1582 -5.81809e-09 -0
1583 2.04404e-08 -0
1584 -9.56913e-09 -0
1585 2.85874e-09 0
1586 -4.19763e-09 0
1587 3.21521e-09 -0
1588 -9.19521e-10 0
1589 3.67221e-10 0
1590 1.02021e-08 0
1591 -2.7249e-09 0
1592 3.22339e-09 0
1593 -1.17148e-09 -0
1594 -7.74156e-09 0
1595 2.04504e-09 -0
1596 -4.03611e-09 -0
1597 1.74058e-09 0
1598 1.70233e-09 0
1599 -7.41422e-10 -0
1600 7.57635e-10 -0
1601 -2.37861e-10 -0
1602 8.05351e-10 0
1603 -3.71059e-10 0
1604 7.22535e-11 -0
1605 3.47667e-09 -0
1606 -1.99273e-09 0
1607 7.36664e-10 0
1608 -1.44246e-09 -0
1609 3.33689e-10 -0
1610 -1.00918e-10 -0
1611 7.79149e-12 0
1612 6.88157e-10 0
1613 -2.02633e-10 -0
1614 4.27644e-10 -0
1615 -2.7828e-10 0
1616 -1.99064e-10 -0
1617 8.67016e-11 0
1618 -3.29271e-11 0
1619 1.69003e-09 -0
1620 -8.45267e-10 -0
1621 2.31911e-10 -0
1622 -3.00029e-10 -0
1623 -8.55366e-10 0
1624 3.2979e-10 -0
1625 -2.27008e-10 0
1626 6.54325e-11 -0
1627 -2.02251e-08 0
1628 3.55526e-08 -0
1629 -1.50948e-08 0
1630 4.95612e-09 -0
1631 2.46812e-08 -0
1632 -6.70649e-09 0
1633 6.85954e-09 -0
1634 -2.64234e-08 -0
1635 7.80031e-09 0
1636 -3.84799e-09 -0
1637 3.02717e-09 0
1638 -8.04399e-10 -0
1639 -8.7946e-09 -0
1640 3.31508e-09 0
1641 -7.53642e-09 -0
1642 2.14877e-09 0
1643 -1.18815e-09 -0
1644 -4.98974e-09 -0
1645 1.55017e-09 0
1646 -1.35599e-09 -0
1647 1.57184e-08 -0
1648 -4.35601e-09 -0
1649 1.75566e-09 -0
1650 -2.2444e-09 0
1651 -1.24356e-08 0
1652 3.32109e-09 -0
1653 -2.38959e-09 -0
1654 8.15724e-10 0
1655 -1.57975e-09 0
1656 7.0286e-10 0
1657 1.63376e-08 0
1658 -4.41451e-09 -0
1659 2.61628e-09 0
1660 -8.40154e-10 0
1661 -3.65479e-09 -0
1662 1.36353e-08 -0
1663 -3.91936e-09 -0
1664 1.42336e-09 0
1665 -1.51526e-09 0
1666 1.02988e-09 -0
1667 -3.09151e-10 -0
1668 -2.08574e-09 0
1669 9.67497e-10 -0
1670 -5.97836e-09 -0
1671 1.58995e-09 0
1672 -2.44949e-09 -0
1673 6.86685e-10 0
1674 -2.68633e-10 -0
1675 -2.96054e-09 -0
1676 1.68055e-09 0
1677 4.38018e-09 -0
1678 -1.54767e-09 -0
1679 4.40136e-10 -0
1680 -4.71978e-10 -0
1681 1.80401e-09 0
1682 -5.67605e-10 0
1683 2.54589e-10 0
1684 6.01732e-10 -0
1685 -1.73979e-10 0
1686 1.3523e-10 0
1687 -2.46537e-10 0
1688 9.22206e-11 0
1689 -2.57061e-09 -0
1690 7.63997e-10 0
1691 2.39889e-09 0
1692 -1.26525e-09 0
1693 1.16468e-09 0
1694 -3.31598e-10 -0
1695 9.54519e-10 -0
1696 -3.63611e-10 0
1697 9.92474e-11 -0
1698 3.79757e-10 -0
1699 -3.05858e-10 0
1700 1.02423e-10 0
1701 -6.94844e-10 0
1702 2.9147e-10 -0
1703 -3.51635e-10 0
1704 9.68579e-11 0
1705 4.49239e-10 -0
1706 -2.94036e-10 -0
1707 9.6413e-11 0
1708 1.98194e-10 0
1709 -6.05269e-11 -0
1710 1.62479e-10 -0
1711 -7.96454e-11 0
1712 2.21683e-11 0
1713 -1.73108e-09 -0
1714 1.80027e-09 0
1715 -6.9938e-10 0
1716 2.1064e-10 -0
1717 7.46206e-10 0
1718 -4.00614e-10 0
1719 1.49387e-09 -0
1720 -5.21762e-10 0
1721 1.44842e-10 -0
1722 -1.04182e-10 0
1723 -6.67518e-10 -0
1724 3.46024e-10 -0
1725 -6.87623e-10 -0
1726 1.90259e-10 -0
1727 -6.0107e-11 0
1728 -1.7335e-10 -0
1729 1.61549e-10 -0
1730 -7.20434e-11 -0
1731 1.00745e-09 -0
1732 -3.02171e-10 0
1733 3.96066e-10 -0
1734 -1.07719e-10 -0
1735 6.307e-11 0
1736 2.62745e-10 0
1737 -9.00079e-11 0
1738 2.40628e-10 -0
1739 -8.81583e-11 -0
1740 5.8881e-11 -0
1741 -1.66761e-11 0
1742 -4.94843e-11 0
1743 2.28462e-11 -0
1744 -3.81604e-11 0
1745 1.03992e-11 -0
1746 -5.30172e-10 0
1747 1.67041e-10 0
1748 -1.44185e-10 -0
1749 4.11807e-11 -0
1750 -1.4251e-10 0
1751 5.52002e-11 0
1752 3.1744e-10 -0
1753 -8.54756e-11 -0
1754 4.57325e-11 0
1755 6.01596e-10 0
1756 -7.47169e-10 -0
1757 2.2984e-10 0
1758 -1.06912e-10 0
1759 2.95597e-10 -0
1760 -8.24489e-11 -0
1761 6.27828e-11 0
1762 -2.29081e-11 0
1763 -2.40131e-10 -0
1764 6.61598e-11 -0
1765 -1.70144e-10 -0
1766 1.1255e-10 0
1767 2.93836e-10 0
1768 -1.05185e-10 -0
1769 2.94674e-11 0
1770 -3.30231e-11 -0
1771 1.03882e-11 -0
1772 1.87456e-11 -0
1773 -8.40285e-12 0
1774 1.45537e-10 0
1775 -4.3111e-11 -0
1776 3.35192e-11 -0
1777 -1.80869e-11 0
1778 9.05615e-11 0
1779 -2.3002e-11 -0
1780 1.73309e-11 -0
1781 -5.20671e-12 -0
1782 -6.38243e-11 -0
1783 2.47128e-11 0
1784 -3.45004e-11 -0
1785 8.43694e-12 -0
1786 -2.41666e-12 -0
1787 -9.70353e-11 0
1788 6.03547e-11 0
1789 -1.12667e-10 0
1790 3.42437e-11 -0
1791 8.88394e-11 0
1792 -4.56479e-11 -0
1793 1.35768e-11 -0
1794 -1.04259e-11 -0
1795 -6.1671e-12 0
1796 2.29962e-12 -0
1797 -4.16637e-12 -0
1798 1.8819e-12 0
1799 -1.72435e-11 0
1800 5.7717e-12 -0
1801 -1.00593e-11 -0
1802 2.9749e-12 -0
1803 5.78461e-12 0
1804 -3.25091e-12 -0
1805 1.44032e-12 0
1806 -1.23176e-10 0
1807 3.37466e-11 0
1808 -2.92145e-11 0
1809 9.88466e-12 0
1810 -1.84739e-11 -0
1811 -7.8427e-11 -0
1812 2.38364e-11 0
1813 -1.36604e-11 -0
1814 3.82783e-12 0
1815 1.422e-11 -0
1816 -6.7678e-12 0
1817 9.90436e-12 -0
1818 -2.76622e-12 -0
1819 2.50818e-11 0
1820 -8.99786e-12 0
1821 7.29961e-12 -0
1822 2.26869e-11 -0
1823 -6.97721e-12 -0
1824 2.3728e-11 0
1825 -1.5698e-11 -0
1826 5.08265e-12 -0
1827 1.11487e-11 -0
1828 -3.14291e-12 -0
1829 1.67298e-12 -0
1830 -2.01366e-12 0
1831 8.244e-13 -0
1832 -1.71771e-11 0
1833 4.75108e-12 0
1834 -1.01043e-11 -0
1835 3.37803e-12 -0
1836 1.17045e-11 0
1837 -6.44454e-12 -0
1838 1.8601e-12 -0
1839 -1.3443e-12 -0
1840 1.67157e-10 0
1841 -6.05587e-11 0
1842 8.03469e-11 -0
1843 -2.15912e-11 0
1844 -1.40437e-10 -0
1845 6.00469e-11 0
1846 -1.8282e-11 -0
1847 5.4128e-11 -0
1848 -4.31323e-11 -0
1849 1.1872e-11 -0
1850 1.29766e-10 0
1851 -5.86571e-11 0
1852 6.36666e-11 0
1853 -1.86583e-11 -0
1854 -7.58656e-11 0
1855 2.59489e-11 -0
1856 -1.68526e-11 0
1857 4.49309e-12 -0
1858 -1.9006e-11 0
1859 7.22093e-12 0
1860 -1.10014e-11 0
1861 3.52105e-12 -0
1862 1.75883e-11 0
1863 -8.81432e-12 -0
1864 2.41771e-12 -0
1865 -1.60262e-11 0
1866 1.39193e-11 -0
1867 -4.00963e-12 -0
1868 -9.13506e-11 0
1869 3.77476e-11 -0
1870 -1.0121e-11 -0
1871 2.22293e-11 -0
1872 -1.28102e-11 -0
1873 -5.49817e-11 -0
1874 1.70222e-11 -0
1875 -1.26e-11 -0
1876 4.52958e-12 0
1877 -5.73976e-12 0
1878 1.61502e-12 -0
1879 -2.10173e-11 0
1880 9.83897e-12 0
1881 -2.66025e-12 0
1882 -1.46905e-11 -0
1883 4.05655e-11 -0
1884 -1.20692e-11 -0
1885 6.56472e-12 0
1886 -6.22801e-12 -0
1887 2.10282e-12 -0
1888 1.82358e-11 -0
1889 -4.86521e-12 -0
1890 1.94345e-12 0
1891 7.96934e-12 -0
1892 -4.80286e-12 0
1893 8.33793e-12 -0
1894 -2.32203e-12 0
1895 5.69485e-11 -0
1896 -1.82813e-11 0
1897 8.0039e-12 -0
1898 -8.29178e-12 -0
1899 2.21299e-12 -0
1900 -7.39196e-12 0
1901 2.6885e-12 0
1902 -1.88153e-12 0
1903 -1.27555e-11 -0
1904 3.634e-12 0
1905 -7.05064e-12 0
1906 2.20362e-12 0
1907 -1.13789e-12 -0
1908 -1.86414e-11 -0
1909 5.01525e-12 0
1910 -4.21082e-12 -0
1911 -1.78682e-11 -0
1912 5.38884e-12 -0
1913 -2.26888e-12 0
1914 1.60245e-11 0
1915 -5.51688e-12 0
1916 6.24671e-12 -0
1917 -1.70114e-12 -0
1918 1.11845e-12 0
1919 5.60798e-12 0
1920 -1.62119e-12 0
1921 7.00994e-12 0
1922 -3.32111e-12 -0
1923 8.83376e-13 -0
1924 -1.30218e-12 -0
1925 4.28668e-13 0
1926 1.95002e-11 -0
1927 -7.98315e-12 -0
1928 5.05832e-12 0
1929 -1.40132e-12 -0
1930 3.62227e-12 -0
1931 1.4989e-11 -0
1932 -5.63169e-12 -0
1933 5.16363e-12 0
1934 -1.52702e-12 -0
1935 -1.15209e-11 -0
1936 5.91411e-12 0
1937 -1.67336e-12 -0
1938 2.18604e-12 0
1939 -7.25406e-12 -0
1940 1.95737e-12 0
1941 -1.16146e-12 -0
1942 -5.79456e-12 0
1943 1.80517e-12 -0
1944 -7.16885e-13 -0
1945 5.87366e-13 0
1946 -1.00067e-11 0
1947 2.6734e-12 -0
1948 -9.45584e-13 0
1949 -3.82749e-12 -0
1950 1.71695e-12 -0
1951 -3.36975e-12 -0
1952 9.6001e-13 -0
1953 -9.59091e-13 0
1954 2.6099e-13 -0
1955 1.77313e-12 -0
1956 -1.33393e-12 -0
1957 4.26017e-13 -0
1958 -2.4117e-12 0
1959 1.30012e-12 -0
1960 -3.91011e-13 -0
1961 5.45734e-13 -0
1962 -1.97016e-13 0
1963 -2.1137e-12 0
1964 5.66643e-13 0
1965 -1.31335e-12 0
1966 5.71151e-13 0
1967 2.23148e-12 0
1968 -6.25579e-13 -0
1969 4.3289e-13 -0
1970 -1.4711e-13 -0
1971 3.30025e-12 0
1972 -1.60566e-12 -0
1973 1.91716e-12 0
1974 -5.10372e-13 0
1975 -2.62997e-12 -0
1976 8.06656e-13 -0
1977 -4.58858e-13 -0
1978 1.76139e-12 -0
1979 -6.65907e-13 -0
1980 1.82048e-13 0
1981 -2.96382e-13 0
1982 -7.07745e-12 -0
1983 2.32092e-12 0
1984 -1.79853e-12 0
1985 5.18783e-13 0
1986 2.2155e-12 -0
1987 -1.02382e-12 0
1988 1.00315e-12 -0
1989 -2.72175e-13 -0
1990 2.85391e-12 -0
1991 -1.19308e-12 -0
1992 7.2707e-13 0
1993 -2.16102e-13 -0
1994 -1.37254e-12 0
1995 4.02557e-12 0
1996 -1.40835e-12 -0
1997 3.9109e-13 0
1998 -4.38459e-13 0
1999 1.76441e-13 0
2000 7.98634e-13 -0
2001 -2.14467e-13 0
2002 1.37812e-13 0
2003 -2.71881e-12 -0
2004 8.41908e-13 0
2005 -1.4068e-12 0
2006 7.11874e-13 -0
2007 -2.00467e-13 -0
2008 -2.68283e-12 -0
2009 9.79584e-13 0
2010 -8.44757e-13 -0
2011 2.23467e-13 0
2012 1.01504e-12 -0
2013 -1.41938e-12 -0
2014 4.65168e-13 0
2015 -2.37137e-12 0
2016 6.38942e-13 -0
2017 -2.95865e-13 -0
2018 2.09764e-13 0
2019 -6.0597e-14 -0
2020 1.44301e-13 0
2021 -5.5068e-14 0
2022 -4.32706e-13 0
2023 2.35085e-13 0
2024 -7.07101e-14 -0
2025 -1.65593e-12 0
2026 4.42918e-13 -0
2027 -4.51901e-13 -0
2028 1.90995e-13 0
2029 8.65333e-13 -0
2030 -2.41635e-13 -0
2031 4.93273e-13 -0
2032 -1.68609e-13 0
2033 1.35842e-13 -0
2034 -1.18911e-12 0
2035 3.24262e-13 0
2036 -1.58699e-13 0
2037 2.00315e-13 0
2038 -6.4053e-14 -0
2039 -3.62861e-13 -0
2040 9.61402e-14 0
2041 -6.15988e-14 0
2042 2.20915e-13 -0
2043 -6.53322e-14 0
2044 2.85489e-14 0
2045 1.94608e-12 0
2046 -7.11941e-13 0
2047 1.14314e-12 0
