0 0 0
1 -0 -0
2 -0 0
3 0 -0
4 -0 0
5 2.02502e-68 -0
6 -5.92368e-69 0
7 2.58707e-69 0
8 -2.49933e-69 0
9 -1.20477e-68 -0
10 3.36167e-69 0
11 -1.27465e-69 -0
12 5.0339e-69 0
13 -3.68357e-69 0
14 1.14105e-69 0
15 4.0681e-69 -0
16 -2.03323e-69 0
17 5.57791e-70 0
18 -7.3808e-70 -0
19 5.51766e-35 -0
20 -1.88472e-35 -0
21 5.22245e-36 0
22 -1.0763e-35 -0
23 5.53828e-36 0
24 -4.26307e-36 -0
25 1.3205e-36 -0
26 6.55032e-36 0
27 -2.5534e-36 -0
28 1.16317e-35 -0
29 -3.08377e-36 0
30 3.1194e-36 0
31 -9.07722e-37 -0
32 -1.6105e-35 -0
33 7.14483e-36 -0
34 -4.40658e-36 -0
35 1.18454e-36 0
36 8.1877e-36 0
37 -1.11416e-35 0
38 3.92238e-36 -0
39 -1.37651e-35 -0
40 3.85746e-36 -0
41 -1.27607e-36 -0
42 -0.0761815 0
43 0.0571581 -0
44 -0.0235427 0
45 -0.0890742 -0
46 0.0247336 0
47 -0.0491577 0
48 0.0249633 -0
49 -0.0074946 -0
50 0.00741891 0
51 -0.00199086 0
52 0.0187151 -0
53 -0.00718498 0
54 -0.0297093 0
55 0.0180033 -0
56 -0.00577347 -0
57 0.0157113 -0
58 -0.00426521 -0
59 0.00570648 0
60 -0.00267403 -0
61 -0.0151459 0
62 0.00441811 0
63 -0.00377634 0
64 0.00117042 0
65 0.0142921 -0
66 -0.00790126 -0
67 0.00212982 0
68 -0.00340348 0
69 0.00124224 0
70 0.00464245 0
71 -0.00203863 0
72 0.000569504 0
73 -0.00287474 0
74 0.0019292 -0
75 -0.000659526 -0
76 -0.00494756 0
77 0.00565201 0
78 -0.00154801 0
79 0.0598163 0
80 -0.023389 0
81 0.00696609 -0
82 0.0324234 -0
83 -0.0251319 0
84 0.00673933 0
85 -0.0144631 0
86 0.00469231 0
87 -0.00233431 -0
88 0.00861144 0
89 -0.00246474 -0
90 0.00153126 0
91 0.00614724 0
92 -0.00257593 -0
93 0.00245793 0
94 -0.000679188 -0
95 -0.0241602 -0
96 0.00852878 -0
97 -0.0641821 0
98 0.0197298 -0
99 -0.0106777 -0
100 0.0149339 0
101 -0.00401163 0
102 -0.0154058 0
103 0.00581974 -0
104 -0.00421919 -0
105 0.0106451 0
106 -0.0030102 0
107 -0.016078 0
108 0.00534335 -0
109 -0.00238863 -0
110 0.00283185 0
111 -0.000764649 -0
112 0.00984008 0
113 -0.00580777 0
114 0.00170424 0
115 0.0176911 -0
116 -0.0156235 0
117 0.00496121 0
118 -0.0091653 0
119 0.00370963 0
120 0.0157899 0
121 -0.00429607 0
122 0.00205031 -0
123 -0.00614784 -0
124 0.0017816 0
125 -0.00116885 0
126 -0.0043489 0
127 0.00149961 -0
128 -0.00154696 -0
129 0.000416442 0
130 0.00288127 0
131 -0.000871803 -0
132 0.000451957 -0
133 -0.00069407 0
134 0.000193298 -0
135 -0.253266 0
136 0.0927705 -0
137 -0.0757619 -0
138 0.285605 -0
139 -0.122799 -0
140 0.0327881 0
141 0.170618 -0
142 -0.0530606 -0
143 0.0297364 0
144 -0.180912 -0
145 0.049446 -0
146 -0.0622687 -0
147 0.023987 0
148 0.459039 0
149 -0.312755 0
150 0.102768 0
151 0.423162 -0
152 -0.118161 -0
153 0.054165 -0
154 -0.108391 -0
155 0.0292503 -0
156 -0.0317213 0
157 -0.209384 0
158 0.0741114 -0
159 -0.0218915 0
160 0.273992 -0
161 -0.199968 -0
162 0.0811482 -0
163 -0.0231988 -0
164 -0.111972 0
165 0.182407 -0
166 -0.0585414 0
167 0.0310709 -0
168 -0.00830795 -0
169 0.022756 -0
170 0.0906467 0
171 -0.0805769 -0
172 0.0271883 -0
173 -0.00746555 -0
174 0.00442697 0
175 0.0417547 0
176 -0.0199887 -0
177 0.087581 0
178 -0.0266853 0
179 0.00995066 -0
180 -0.335806 0
181 0.0913481 0
182 -0.0907874 0
183 0.0381433 0
184 0.166047 0
185 -0.0468833 0
186 0.0365231 0
187 -0.0847616 -0
188 0.0254197 0
189 -0.016265 -0
190 -0.624163 0
191 0.166737 0
192 -0.0599815 0
193 0.0839897 -0
194 -0.0418932 0
195 -0.23633 -0
196 0.0684095 -0
197 -0.510048 0
198 0.200152 0
199 -0.0537731 -0
200 0.0638976 -0
201 0.258561 -0
202 -0.0820671 0
203 0.0455027 -0
204 -0.149499 -0
205 0.0412384 0
206 -0.0342266 0
207 0.0150655 -0
208 -0.0279027 0
209 0.00928639 0
210 0.0638692 -0
211 -0.0179322 0
212 0.0120663 0
213 -0.219579 0
214 0.076493 -0
215 -0.0206977 0
216 -0.0817087 0
217 0.075557 -0
218 -0.0233965 0
219 0.0106393 -0
220 -0.053719 -0
221 0.0143761 0
222 -0.0249472 0
223 0.00944573 0
224 0.0425221 0
225 -0.0124602 -0
226 0.00757892 0
227 0.10313 -0
228 -0.0525395 -0
229 0.0579245 -0
230 -0.0164551 0
231 0.00534134 -0
232 -0.0134311 0
233 0.00554291 0
234 0.0283648 -0
235 -0.00764578 -0
236 0.00575887 -0
237 -0.0534159 0
238 0.0158977 -0
239 -0.0204213 -0
240 0.00958049 0
241 -0.0025572 0
242 -0.0229598 0
243 0.00784103 0
244 -0.00553628 0
245 -0.0234209 0
246 0.00652518 0
247 -0.0140263 -0
248 0.0055926 0
249 -0.00317063 -0
250 0.000989999 -0
251 0.0221677 -0
252 -0.022907 -0
253 0.00623969 -0
254 -0.018702 0
255 0.00675757 -0
256 0.0267389 0
257 -0.00769197 0
258 0.00659459 0
259 -0.00322168 0
260 0.00086417 0
261 -0.00127063 -0
262 -0.00764841 0
263 0.00330981 0
264 -0.00101647 -0
265 0.00426858 0
266 -0.00266209 0
267 0.000729975 0
268 0.291972 -0
269 -0.103297 0
270 -0.455715 0
271 0.248501 0
272 -0.0726054 0
273 0.117697 -0
274 -0.11386 -0
275 0.0305086 0
276 -0.0117466 0
277 0.0803966 -0
278 -0.0265896 0
279 -0.268551 0
280 0.217717 -0
281 -0.0604661 0
282 0.0271893 0
283 0.10432 0
284 -0.0316362 0
285 0.0429711 -0
286 -0.0284201 0
287 0.00773149 -0
288 -0.0290976 -0
289 0.0107506 -0
290 0.054328 -0
291 -0.0283858 0
292 0.0089667 -0
293 -0.237643 0
294 0.064128 -0
295 -0.0742086 -0
296 0.0318014 0
297 0.220365 -0
298 -0.0625029 -0
299 0.120565 -0
300 -0.070248 0
301 0.0236993 0
302 0.0943179 0
303 -0.0253405 0
304 0.0176029 0
305 -0.195091 -0
306 0.0765074 -0
307 -0.0226205 0
308 0.0550056 0
309 -0.0177611 0
310 -0.581816 -0
311 0.52747 0
312 -0.145762 -0
313 0.0676815 -0
314 0.314907 -0
315 -0.108963 -0
316 0.136548 0
317 -0.0365688 0
318 0.204444 0
319 -0.151618 0
320 0.0435507 -0
321 -0.0178264 -0
322 -0.0733716 0
323 0.124085 -0
324 -0.0348045 0
325 0.0177309 0
326 0.250056 -0
327 -0.0899183 -0
328 0.0970941 0
329 -0.0263051 -0
330 0.0873719 0
331 -0.0531608 -0
332 0.0160322 -0
333 0.0956165 -0
334 -0.0362116 0
335 -0.137601 -0
336 0.0439544 0
337 -0.0342736 0
338 0.00938723 0
339 -0.0196049 0
340 0.00948328 -0
341 -0.74049 0
342 0.198559 0
343 -0.0833994 -0
344 0.129348 0
345 -0.0396096 0
346 -0.297451 -0
347 0.164888 -0
348 -0.0477887 -0
349 0.0475143 -0
350 0.185566 -0
351 -0.0630694 0
352 0.181544 -0
353 -0.0505614 0
354 0.0327986 -0
355 -0.310506 0
356 0.124822 -0
357 -0.033609 0
358 0.0278959 -0
359 0.12689 0
360 -0.0416714 -0
361 0.0221054 -0
362 -0.0896521 -0
363 0.0267106 -0
364 0.243444 -0
365 -0.0663475 -0
366 0.0292045 -0
367 -0.0354964 0
368 0.012991 0
369 0.0492376 -0
370 -0.0140487 0
371 0.010069 -0
372 -0.0225697 0
373 0.00604099 0
374 -0.0942592 0
375 0.0558127 -0
376 -0.0195781 0
377 0.0181084 0
378 -0.00563615 0
379 -0.0306039 0
380 0.0144953 0
381 -0.00408655 0
382 0.0207937 -0
383 -0.0298608 -0
384 0.0115973 0
385 0.27624 0
386 -0.0757868 0
387 -0.322756 -0
388 0.107471 0
389 -0.0670353 0
390 0.0196724 -0
391 -0.0353948 -0
392 0.0174734 -0
393 -0.00468836 -0
394 -0.233102 0
395 0.203964 0
396 -0.0761567 -0
397 0.210951 -0
398 -0.0665572 0
399 -0.257944 -0
400 0.0698383 0
401 -0.0726046 0
402 0.032833 -0
403 -0.20672 -0
404 0.0573073 -0
405 -0.0386773 0
406 -0.190029 0
407 0.0577965 -0
408 -0.0240908 -0
409 0.0325089 -0
410 -0.0184708 0
411 -0.185985 0
412 0.0498718 -0
413 -0.016226 -0
414 0.0124577 -0
415 -0.0443968 0
416 0.0129276 0
417 0.0516882 0
418 -0.0184606 -0
419 0.021266 0
420 -0.0057813 0
421 0.00301121 -0
422 0.0184282 -0
423 -0.00730813 0
424 0.0147769 -0
425 -0.00418427 0
426 0.0882746 0
427 -0.0272822 -0
428 0.0216987 0
429 0.0813602 0
430 -0.034571 -0
431 0.00932644 -0
432 -0.0731171 -0
433 0.025496 0
434 -0.0245012 -0
435 0.0133086 -0
436 -0.0038126 0
437 -0.0296975 0
438 0.0478185 0
439 -0.0131912 -0
440 0.00610692 -0
441 0.0263959 -0
442 -0.00885496 -0
443 0.00612705 -0
444 -0.0156796 -0
445 0.00469578 -0
446 -0.00125967 -0
447 -0.0179046 0
448 0.00684453 0
449 -0.00886805 -0
450 0.00568575 0
451 -0.0274157 -0
452 0.00881232 -0
453 -0.00246746 -0
454 -0.00940276 0
455 0.00470152 -0
456 -0.0039854 0
457 0.00107221 -0
458 -0.0470078 0
459 0.0190833 0
460 0.105425 0
461 -0.031072 0
462 0.0579724 0
463 -0.0336277 -0
464 0.0116093 -0
465 -0.0128593 -0
466 0.00350157 0
467 0.0163656 0
468 -0.00727616 0
469 0.0221685 0
470 -0.00639137 -0
471 0.00466427 0
472 -0.00145928 0
473 0.0193466 -0
474 -0.00726944 -0
475 0.0107476 -0
476 -0.00290254 0
477 -0.0120924 0
478 0.00579073 -0
479 -0.00162893 0
480 -0.019763 -0
481 0.0175864 -0
482 -0.00574824 -0
483 0.0134606 0
484 -0.00808875 0
485 0.00216665 -0
486 0.01451 0
487 -0.00624908 0
488 0.00190713 0
489 0.00716624 -0
490 -0.00729087 0
491 0.00266443 0
492 -0.000728703 -0
493 0.00628068 -0
494 -0.0033729 0
495 0.0130184 -0
496 -0.00386582 0
497 0.00460823 -0
498 -0.00183898 -0
499 -0.0670766 -0
500 0.0191253 0
501 -0.0144893 0
502 -0.0563956 -0
503 0.0192623 -0
504 -0.00519465 -0
505 0.0091846 -0
506 -0.00464793 0
507 -0.0233015 0
508 0.00742381 0
509 -0.00491137 -0
510 0.00136815 -0
511 -0.00301004 -0
512 0.0012467 0
513 0.0101184 0
514 -0.00274936 0
515 0.00226253 -0
516 -0.00081135 -0
517 0.00512738 0
518 -0.00149966 0
519 0.00208543 0
520 -0.000953132 -0
521 -0.00352457 -0
522 0.000971044 -0
523 -0.000547116 -0
524 0.153833 0
525 -0.0461765 0
526 0.044966 -0
527 -0.141105 -0
528 0.0378607 0
529 -0.0140072 -0
530 -0.0646126 -0
531 0.0407465 -0
532 -0.0135335 0
533 -0.0809853 -0
534 0.0395194 -0
535 -0.0122451 -0
536 0.0187753 -0
537 -0.00523869 0
538 -0.103745 -0
539 0.0732476 0
540 -0.0319421 0
541 0.00855067 -0
542 -0.0224603 -0
543 0.0236697 -0
544 -0.00831928 -0
545 -0.0361047 -0
546 0.0104292 -0
547 -0.0464652 0
548 0.0181671 -0
549 -0.00953038 -0
550 0.00260063 0
551 0.0191941 -0
552 -0.0241998 -0
553 0.00765499 0
554 -0.00656254 -0
555 -0.0258644 -0
556 0.00713972 -0
557 -0.00334936 0
558 0.0327736 0
559 -0.00991479 0
560 0.00609905 -0
561 -0.0101743 0
562 0.00272513 0
563 -0.000917299 0
564 0.0248681 0
565 -0.00954187 -0
566 -0.047271 -0
567 0.0443969 0
568 -0.0129806 0
569 0.00743179 -0
570 -0.0271009 -0
571 0.00731778 -0
572 0.0281119 0
573 -0.0118837 -0
574 0.00808823 -0
575 -0.00261374 0
576 0.00506616 0
577 -0.00143056 -0
578 -0.0167226 -0
579 0.0060465 -0
580 -0.00678975 0
581 0.00184465 -0
582 -0.0127539 -0
583 0.00655382 -0
584 -0.00201372 -0
585 0.00161678 0
586 0.00651627 -0
587 -0.00175115 -0
588 -0.0543054 0
589 0.0243056 0
590 -0.0341005 -0
591 0.0117074 0
592 -0.00334769 0
593 -0.0219712 -0
594 0.0120425 0
595 -0.0289284 -0
596 0.00802475 0
597 -0.003233 -0
598 0.0167941 0
599 -0.0122827 0
600 0.0040402 -0
601 0.0180567 0
602 -0.00483252 -0
603 0.00524423 -0
604 -0.00198854 -0
605 0.0356954 0
606 -0.0106204 -0
607 0.00621505 0
608 0.0240852 0
609 -0.00660153 -0
610 0.0135678 -0
611 -0.00622008 -0
612 0.00195121 -0
613 -0.00177395 -0
614 -0.00917073 -0
615 0.00247271 0
616 -0.00164267 0
617 0.00454591 -0
618 -0.00161033 -0
619 -0.0160305 0
620 0.00449706 0
621 -0.00590484 0
622 0.00255654 0
623 -0.000753441 -0
624 0.0538495 0
625 -0.0415998 0
626 0.0111399 -0
627 0.0429486 0
628 -0.0157965 -0
629 0.0256577 -0
630 -0.0126025 0
631 0.00403412 -0
632 -0.0163622 -0
633 0.00464458 0
634 0.0274637 0
635 -0.0112413 0
636 0.0130586 -0
637 -0.00353725 0
638 0.0024624 -0
639 0.0450883 -0
640 -0.0152716 0
641 -0.0638563 0
642 0.0183351 0
643 -0.0108749 0
644 0.0370184 0
645 -0.0143264 0
646 0.00384376 0
647 -0.00338463 0
648 0.0371772 -0
649 -0.0113574 -0
650 0.00527999 0
651 -0.00790133 0
652 0.00217145 0
653 0.0189229 -0
654 -0.0100449 -0
655 0.00350004 -0
656 0.0171729 0
657 -0.00516554 0
658 0.0113665 0
659 -0.00727562 -0
660 0.0020227 -0
661 -0.00203341 0
662 -0.00804936 -0
663 0.002622 -0
664 -0.00109192 0
665 0.00703041 -0
666 -0.00188073 -0
667 0.00231877 -0
668 -0.00117486 0
669 -0.0817465 0
670 0.0237672 0
671 -0.00888476 0
672 0.0161773 -0
673 -0.00438147 -0
674 -0.0182633 0
675 0.0144436 -0
676 -0.0048351 -0
677 0.0145363 -0
678 -0.00698 0
679 0.00190425 0
680 0.0114588 0
681 -0.00713208 -0
682 0.0022061 0
683 0.0285779 0
684 -0.0113032 0
685 0.00953483 0
686 -0.00268945 0
687 0.0131853 -0
688 -0.00475458 -0
689 -0.017999 -0
690 0.00483232 0
691 -0.0051921 -0
692 0.00289223 0
693 -0.000856857 -0
694 0.0120509 -0
695 -0.0051542 -0
696 0.00986048 -0
697 -0.00272755 0
698 -0.0125256 0
699 0.00933853 0
700 -0.00297965 0
701 0.00468784 -0
702 -0.00207013 0
703 -0.0154895 0
704 0.00417509 -0
705 -0.00144835 0
706 0.00138509 -0
707 -0.0110606 -0
708 0.00320473 0
709 -0.00194436 -0
710 -0.0076532 0
711 0.00209554 0
712 -0.00518967 0
713 0.00207536 0
714 -0.000620675 0
715 -0.0138914 -0
716 0.0069307 0
717 -0.00496782 0
718 0.0013317 -0
719 -0.00183082 -0
720 0.000605515 0
721 0.00311392 -0
722 -0.000883932 -0
723 0.00293526 0
724 -0.00110668 -0
725 0.000606624 -0
726 0.00225214 -0
727 -0.000704564 0
728 0.000652047 0
729 -0.0314168 0
730 0.00880517 0
731 -0.00416384 0
732 0.00498762 0
733 -0.0017063 -0
734 -0.0119031 -0
735 0.00320467 0
736 -0.00208936 -0
737 0.011941 -0
738 -0.0036251 0
739 0.00619422 -0
740 -0.00251909 0
741 -0.0107189 -0
742 0.00292096 -0
743 -0.00239646 0
744 0.000871454 -0
745 -0.00348423 0
746 0.000999863 -0
747 -0.000568765 0
748 -0.00524111 0
749 0.00169046 0
750 -0.00362811 0
751 0.000972856 0
752 -0.000440284 0
753 -0.00177696 0
754 0.00176092 -0
755 -0.000516581 0
756 0.000267974 0
757 -0.00566055 0
758 0.00156082 -0
759 -0.00118015 -0
760 -0.00532304 -0
761 0.00205371 0
762 -0.00297036 -0
763 0.000937007 0
764 -0.00253637 0
765 0.000685724 0
766 -0.000288621 -0
767 -0.0095136 0
768 0.00640201 -0
769 -0.00226337 -0
770 -0.00849025 0
771 0.00236955 0
772 -0.00271663 0
773 0.00132591 0
774 -0.0125674 0
775 0.00336942 0
776 -0.00110611 0
777 -0.00600488 0
778 0.00349632 0
779 -0.000997959 -0
780 0.00232208 -0
781 -0.00200612 0
782 0.000611818 0
783 -0.000267863 -0
784 -0.00307645 0
785 0.000836216 0
786 -0.00108978 0
787 0.000400443 -0
788 0.00152243 -0
789 -0.0066877 -0
790 0.00195209 0
791 -0.00123989 0
792 0.000419629 -0
793 -0.000753504 0
794 0.000202486 -0
795 0.000984535 0
796 -0.000531087 -0
797 0.000209136 0
798 -0.017527 0
799 0.00483336 0
800 -0.00497946 -0
801 0.00356477 -0
802 -0.00106386 0
803 -0.00474259 -0
804 0.001948 0
805 -0.00539682 -0
806 0.00147118 0
807 -0.000454088 0
808 0.00508513 -0
809 -0.00233053 -0
810 0.00205573 0
811 0.0150842 -0
812 -0.00532893 0
813 0.00143021 0
814 -0.00276703 -0
815 0.00139788 0
816 -0.000390885 -0
817 0.00212984 0
818 -0.00144041 -0
819 0.00046346 0
820 0.00193231 0
821 -0.00229522 0
822 0.000610685 -0
823 -0.000230496 0
824 -0.0079308 0
825 0.00232235 0
826 -0.00140325 -0
827 0.00470858 -0
828 -0.00207957 -0
829 -0.00978992 0
830 0.00281317 0
831 -0.00213432 -0
832 0.000707762 0
833 -0.00101281 -0
834 -0.00934363 -0
835 0.00255421 0
836 -0.000944626 -0
837 0.000949431 -0
838 -0.000495554 0
839 0.000132597 -0
840 0.000556213 -0
841 -0.000170407 0
842 0.000790924 -0
843 -0.00037455 0
844 0.00665719 0
845 -0.00229258 0
846 0.00185155 0
847 -0.000519669 -0
848 0.00091994 -0
849 0.00630247 0
850 -0.00170136 0
851 0.000988417 0
852 -0.000311627 -0
853 0.000755092 -0
854 -0.000320214 0
855 -0.00173556 -0
856 0.00051156 -0
857 -0.000551387 -0
858 0.000146536 -0
859 0.00196178 -0
860 -0.000773954 0
861 0.001048 0
862 -0.000581632 0
863 0.000161568 -0
864 -0.00132089 0
865 0.000469021 -0
866 -0.000442718 -0
867 -0.00200476 -0
868 0.000536324 -0
869 -0.000370606 -0
870 0.000121643 -0
871 -0.000724691 0
872 0.000216525 -0
873 -0.000106985 0
874 -0.000890866 0
875 0.000252335 -0
876 -0.000387791 0
877 0.000156415 0
878 -0.000121595 0
879 -0.000517697 0
880 0.000139115 -0
881 -0.000397022 0
882 0.000179243 0
883 -5.58664e-05 0
884 -0.00131741 0
885 0.000362463 0
886 -0.000231091 -0
887 0.00028507 0
888 -9.9068e-05 -0
889 -0.000564565 0
890 0.000150632 -0
891 -0.000325302 0
892 0.000125596 -0
893 -0.000107856 -0
894 3.13292e-05 -0
895 -3.43467e-05 0
896 9.43613e-06 0
897 -1.50007e-06 -0
898 -7.90283e-05 0
899 2.01703e-05 -0
900 -1.02317e-05 -0
901 -1.67742e-05 -0
902 8.30612e-06 0
903 -3.04057e-05 -0
904 9.50143e-06 0
905 -7.81102e-06 -0
906 9.5188e-08 0
907 8.30108e-07 -0
908 -3.02038e-06 0
909 9.80886e-07 0
910 -2.96981e-05 0
911 1.15726e-05 -0
912 -1.59013e-05 0
913 4.23437e-06 -0
914 -1.69862e-06 0
915 3.8118e-07 0
916 0.000142953 0
917 -0.000174586 0
918 7.97652e-05 -0
919 0.000334572 -0
920 -9.64432e-05 -0
921 7.40116e-05 0
922 -2.58962e-05 0
923 6.00935e-05 -0
924 -1.6356e-05 0
925 -6.98071e-05 0
926 2.18319e-05 -0
927 -3.51291e-05 -0
928 1.95161e-05 0
929 3.97438e-05 -0
930 -1.59318e-05 -0
931 0.000184934 0
932 -5.14642e-05 0
933 3.41018e-05 0
934 -1.09195e-05 0
935 -2.95602e-05 0
936 1.33768e-05 0
937 -1.68329e-05 -0
938 4.89169e-06 -0
939 -8.2824e-05 -0
940 3.99732e-05 0
941 -1.08584e-05 0
942 3.09036e-05 0
943 -2.5877e-05 0
944 8.53848e-06 -0
945 2.68431e-05 0
946 -1.04779e-05 -0
947 1.71342e-05 0
948 -4.83095e-06 -0
949 -2.32914e-05 0
950 1.40981e-05 -0
951 -4.27242e-06 -0
952 0.00151504 0
953 -0.00060896 -0
954 0.000535219 -0
955 -0.000143669 0
956 0.000509532 -0
957 -0.000172963 -0
958 -0.000761017 0
959 0.000498739 -0
960 -0.000143937 -0
961 0.000275533 0
962 -0.000135142 0
963 4.29515e-05 0
964 0.00028943 0
965 -7.87732e-05 -0
966 7.74176e-05 0
967 -3.37454e-05 0
968 0.000333486 0
969 -0.000100357 0
970 3.60722e-05 0
971 0.000174211 0
972 -0.000134142 0
973 3.58036e-05 -0
974 -5.69868e-05 0
975 3.04853e-05 -0
976 0.000796169 -0
977 -0.00022371 0
978 0.000609686 0
979 -0.000209482 0
980 0.00014902 -0
981 -4.03924e-05 -0
982 -0.000163854 -0
983 6.53481e-05 -0
984 -7.75911e-05 -0
985 2.38176e-05 0
986 0.000311361 -0
987 -8.88681e-05 0
988 5.44185e-05 -0
989 -0.000705529 0
990 0.000188034 0
991 -8.4784e-05 -0
992 -0.000443311 -0
993 0.000618893 -0
994 -0.000201378 0
995 0.000169616 -0
996 -6.31974e-05 -0
997 1.73056e-05 0
998 -3.91949e-05 0
999 2.05497e-05 0
1000 9.20158e-05 -0
1001 -2.47491e-05 0
1002 0.000135429 0
1003 -4.22261e-05 -0
1004 4.3066e-05 0
1005 -1.85371e-05 -0
1006 -0.000143585 0
1007 4.23682e-05 -0
1008 -2.3727e-05 0
1009 9.39383e-05 0
1010 -2.59449e-05 -0
1011 9.14668e-06 -0
1012 0.000631444 0
1013 -0.000478844 -0
1014 0.000198376 0
1015 -0.000374762 -0
1016 0.000101247 0
1017 0.000368292 0
1018 -0.000181626 0
1019 5.19199e-05 0
1020 -6.98567e-05 -0
1021 -0.000336067 0
1022 0.000114729 0
1023 -7.60293e-05 -0
1024 2.28767e-05 0
1025 -7.31519e-05 -0
1026 6.88782e-05 0
1027 -1.8778e-05 -0
1028 -0.00020393 0
1029 7.62018e-05 0
1030 -3.96445e-05 0
1031 -0.000121083 0
1032 3.92994e-05 -0
1033 -1.07439e-05 0
1034 1.86811e-05 -0
1035 -0.000230723 0
1036 9.29114e-05 -0
1037 -2.62862e-05 -0
1038 1.86928e-05 -0
1039 0.000106595 -0
1040 -3.16263e-05 -0
1041 3.80232e-05 0
1042 -1.83047e-05 -0
1043 -6.12486e-05 -0
1044 2.09165e-05 -0
1045 -5.36889e-05 0
1046 1.4689e-05 -0
1047 -8.92083e-06 -0
1048 2.77707e-06 0
1049 9.74858e-06 -0
1050 -8.85058e-06 -0
1051 3.5558e-06 0
1052 -1.76405e-05 -0
1053 4.9662e-06 0
1054 1.392e-05 0
1055 -6.42276e-06 0
1056 6.83861e-06 0
1057 -2.05638e-06 -0
1058 0.000675811 -0
1059 -0.000238223 -0
1060 0.000143814 0
1061 -3.89625e-05 -0
1062 0.000104524 -0
1063 -0.000130735 -0
1064 5.43732e-05 -0
1065 0.000404816 -0
1066 -0.000111181 -0
1067 5.7463e-05 0
1068 -0.000395471 -0
1069 0.000130378 0
1070 0.000555325 -0
1071 -0.000160753 0
1072 0.000122903 0
1073 -0.000214006 0
1074 5.73575e-05 -0
1075 -2.07078e-05 0
1076 -0.000243939 0
1077 0.000156136 0
1078 -4.865e-05 0
1079 -0.000185971 0
1080 8.99751e-05 0
1081 -2.51582e-05 0
1082 2.72255e-05 -0
1083 -0.000126507 -0
1084 3.80943e-05 0
1085 -2.11259e-05 -0
1086 -0.000126386 -0
1087 3.4036e-05 0
1088 -5.10456e-05 -0
1089 1.90536e-05 0
1090 -0.000201033 -0
1091 6.77332e-05 -0
1092 -4.81599e-05 0
1093 1.31496e-05 -0
1094 5.78209e-05 0
1095 -2.49774e-05 -0
1096 4.83116e-05 -0
1097 -1.56097e-05 -0
1098 1.48188e-05 -0
1099 -4.19378e-06 0
1100 -7.61682e-05 -0
1101 2.99635e-05 0
1102 -9.87945e-05 0
1103 2.65585e-05 0
1104 9.67654e-05 0
1105 -5.20832e-05 0
1106 1.58906e-05 -0
1107 -1.9043e-05 -0
1108 8.82621e-06 0
1109 -0.000200446 0
1110 5.78722e-05 -0
1111 -4.72433e-05 -0
1112 -0.000231199 0
1113 6.25281e-05 -0
1114 -2.18856e-05 0
1115 1.48361e-05 0
1116 -8.0153e-05 -0
1117 2.54714e-05 0
1118 -3.53722e-05 -0
1119 9.72812e-06 0
1120 9.13384e-05 0
1121 -3.51229e-05 -0
1122 2.03638e-05 -0
1123 7.87013e-05 0
1124 -2.21056e-05 -0
1125 5.75334e-05 -0
1126 -2.7407e-05 -0
1127 2.39291e-05 -0
1128 -7.01841e-06 -0
1129 -0.000103999 -0
1130 2.8185e-05 -0
1131 -1.2139e-05 -0
1132 2.18935e-05 0
1133 -7.9443e-06 0
1134 -3.49953e-05 0
1135 2.28156e-05 -0
1136 -7.18561e-06 0
1137 3.48539e-05 -0
1138 -9.55396e-06 -0
1139 1.02614e-05 -0
1140 3.32571e-05 0
1141 -1.70402e-05 -0
1142 5.92972e-06 -0
1143 -1.7113e-06 -0
1144 9.71649e-05 0
1145 -0.000205273 -0
1146 9.30454e-05 0
1147 -2.57794e-05 0
1148 -0.000103823 0
1149 7.63534e-05 0
1150 -2.48752e-05 -0
1151 3.25047e-05 -0
1152 -8.79738e-06 0
1153 -5.59409e-05 -0
1154 2.13967e-05 -0
1155 -1.20877e-05 -0
1156 9.62204e-05 -0
1157 -2.92187e-05 0
1158 2.85043e-05 -0
1159 -1.16135e-05 0
1160 -5.72991e-05 0
1161 1.54155e-05 -0
1162 -3.91737e-05 0
1163 1.1293e-05 -0
1164 -8.99585e-06 0
1165 3.02615e-06 -0
1166 3.43285e-05 0
1167 -2.14315e-05 0
1168 6.01667e-06 0
1169 2.04679e-05 -0
1170 -7.60425e-06 0
1171 1.25774e-05 0
1172 -6.68622e-06 0
1173 1.8333e-06 -0
1174 -6.97662e-06 -0
1175 2.20019e-06 -0
1176 -2.60304e-06 -0
1177 -9.61003e-06 0
1178 4.23492e-06 -0
1179 -1.26029e-06 0
1180 2.1528e-05 -0
1181 -5.80566e-06 -0
1182 4.98835e-06 0
1183 -1.9798e-06 0
1184 -1.42171e-05 0
1185 9.61587e-06 0
1186 -2.97284e-06 0
1187 1.89474e-05 -0
1188 -5.20748e-06 -0
1189 7.52434e-06 0
1190 -3.52503e-06 -0
1191 -1.58824e-05 -0
1192 5.54523e-06 -0
1193 -3.04544e-06 0
1194 8.61549e-07 -0
1195 -2.49057e-06 -0
1196 -9.0292e-06 -0
1197 2.98621e-06 0
1198 -2.74215e-06 0
1199 7.41248e-07 -0
1200 -6.17227e-05 -0
1201 2.55131e-05 0
1202 -1.75358e-05 0
1203 5.08963e-06 -0
1204 -9.5732e-06 0
1205 -7.14665e-05 -0
1206 2.58381e-05 0
1207 -7.12633e-06 -0
1208 7.4037e-06 0
1209 -3.76377e-06 0
1210 3.343e-05 -0
1211 -1.06122e-05 0
1212 -5.21757e-05 -0
1213 1.39111e-05 -0
1214 -8.06322e-06 -0
1215 1.05566e-05 0
1216 -3.12561e-06 0
1217 -4.5743e-05 -0
1218 1.93743e-05 0
1219 -4.15292e-05 0
1220 1.12101e-05 0
1221 -8.50947e-06 -0
1222 2.85974e-06 -0
1223 1.16185e-05 -0
1224 -4.27871e-06 0
1225 1.90133e-05 -0
1226 -5.3644e-06 0
1227 2.37574e-06 0
1228 -1.51825e-05 -0
1229 1.41638e-05 0
1230 -3.62651e-06 -0
1231 2.07732e-06 0
1232 -6.17118e-07 -0
1233 -4.8455e-06 -0
1234 6.97404e-06 -0
1235 -2.57399e-06 0
1236 7.06242e-07 0
1237 -3.20946e-07 0
1238 4.85693e-07 0
1239 -1.18121e-07 0
1240 -1.73754e-06 -0
1241 1.23001e-06 -0
1242 -4.093e-07 -0
1243 -2.23206e-05 -0
1244 6.53677e-06 0
1245 -3.63031e-06 -0
1246 4.19838e-06 -0
1247 -1.11788e-06 0
1248 2.75024e-06 0
1249 -1.09646e-06 0
1250 -5.5805e-06 0
1251 1.52824e-06 0
1252 -1.33341e-06 0
1253 4.33012e-07 -0
1254 -1.88947e-06 0
1255 1.20678e-06 -0
1256 -3.52691e-07 -0
1257 -3.26646e-06 0
1258 1.44445e-06 0
1259 -3.79968e-07 0
1260 5.19467e-07 -0
1261 -1.90259e-07 -0
1262 -1.53031e-05 0
1263 4.40104e-06 0
1264 -3.20686e-06 0
1265 -1.3495e-05 0
1266 6.37674e-06 0
1267 -1.74557e-06 -0
1268 3.86112e-06 -0
1269 -1.3189e-06 0
1270 -1.24792e-05 0
1271 7.36322e-06 -0
1272 -2.29774e-06 -0
1273 2.28772e-06 0
1274 -6.13566e-07 0
1275 6.40798e-06 -0
1276 -2.5441e-06 -0
1277 3.9117e-06 0
1278 -1.08692e-06 0
1279 -6.66928e-06 0
1280 3.34792e-06 -0
1281 -9.9948e-06 0
1282 3.17929e-06 -0
1283 -2.71547e-06 -0
1284 7.32609e-07 0
1285 3.27325e-06 -0
1286 -1.15487e-06 0
1287 1.30331e-06 0
1288 -3.79865e-07 -0
1289 2.48981e-06 -0
1290 -1.30238e-06 0
1291 3.45407e-07 -0
1292 5.75979e-06 0
1293 -2.45541e-06 -0
1294 1.58311e-06 -0
1295 -4.79498e-07 -0
1296 9.38818e-07 -0
1297 5.00188e-06 -0
1298 -1.90398e-06 0
1299 5.055e-07 0
1300 -6.33374e-07 -0
1301 1.80364e-07 0
1302 -6.7828e-07 -0
1303 4.03087e-07 0
1304 -1.35238e-07 -0
1305 -1.11312e-06 0
1306 3.08043e-07 0
1307 -2.47247e-07 -0
1308 -1.84317e-07 0
1309 1.53613e-07 -0
1310 -6.34072e-08 -0
1311 3.63097e-07 0
1312 -8.75914e-08 0
1313 2.49743e-08 -0
1314 2.31579e-09 0
1315 -1.80205e-08 -0
1316 7.38388e-09 -0
1317 -3.04052e-07 -0
1318 1.14583e-07 0
1319 2.19493e-07 0
1320 -6.38138e-08 0
1321 7.93241e-08 0
1322 -3.98567e-08 -0
1323 8.05445e-06 -0
1324 -2.26075e-06 0
1325 5.74548e-06 0
1326 -3.10845e-06 0
1327 9.4929e-07 0
1328 -1.02788e-06 -0
1329 2.72862e-07 -0
1330 2.08455e-06 0
1331 -8.20002e-07 0
1332 1.44896e-06 -0
1333 -4.7662e-07 0
1334 2.90378e-07 0
1335 1.6245e-06 0
1336 -4.45777e-07 0
1337 1.64788e-07 0
1338 -5.26629e-07 0
1339 3.60003e-07 -0
1340 -1.03576e-07 0
1341 -1.30601e-06 -0
1342 6.25583e-07 0
1343 -8.78477e-07 -0
1344 2.36936e-07 0
1345 1.09277e-06 0
1346 -3.4545e-07 -0
1347 2.84968e-07 0
1348 -1.23889e-07 0
1349 1.21907e-06 0
1350 -3.21129e-07 -0
1351 1.10278e-07 -0
1352 -3.83549e-07 0
1353 3.32651e-07 0
1354 -9.21895e-08 -0
1355 -5.18284e-07 -0
1356 2.62998e-07 -0
1357 -7.81872e-08 -0
1358 -4.04282e-06 -0
1359 1.64279e-06 -0
1360 -1.98528e-06 -0
1361 5.30291e-07 0
1362 -1.17124e-06 0
1363 8.60649e-07 0
1364 -2.52128e-07 -0
1365 -2.24903e-06 -0
1366 8.49767e-07 -0
1367 -4.732e-07 0
1368 1.29032e-07 0
1369 5.44422e-07 0
1370 -1.81881e-07 -0
1371 3.43253e-07 -0
1372 -2.19031e-07 0
1373 6.12775e-08 -0
1374 -4.02252e-07 0
1375 1.85958e-07 -0
1376 -4.94086e-08 -0
1377 -2.88052e-07 -0
1378 3.0045e-07 -0
1379 -9.27595e-08 -0
1380 3.33987e-08 0
1381 2.6311e-06 0
1382 -4.03856e-06 0
1383 1.09851e-06 0
1384 -6.55284e-07 -0
1385 2.05222e-06 -0
1386 -6.69948e-07 0
1387 -2.68285e-06 0
1388 1.15563e-06 0
1389 -1.04249e-06 -0
1390 3.06864e-07 0
1391 3.05592e-06 0
1392 -8.23698e-07 0
1393 4.19784e-07 0
1394 -1.91842e-06 -0
1395 7.60947e-07 0
1396 -6.00638e-07 0
1397 1.67756e-07 0
1398 5.96062e-07 0
1399 -2.08003e-07 -0
1400 3.43058e-07 -0
1401 -1.03637e-07 0
1402 -4.98552e-07 0
1403 3.63428e-07 0
1404 -9.98752e-08 -0
1405 1.85556e-06 0
1406 -8.28498e-07 -0
1407 1.85009e-06 0
1408 -5.28032e-07 -0
1409 1.96189e-07 -0
1410 1.41674e-06 0
1411 -1.45194e-06 -0
1412 4.68353e-07 0
1413 -2.45847e-07 0
1414 1.57425e-06 -0
1415 -4.25363e-07 -0
1416 2.72048e-07 -0
1417 1.03701e-06 0
1418 -3.21116e-07 0
1419 3.91881e-07 0
1420 -1.604e-07 0
1421 4.44118e-08 0
1422 -3.17211e-07 0
1423 4.13735e-07 0
1424 -1.35739e-07 -0
1425 6.47569e-08 -0
1426 -1.72508e-08 -0
1427 -1.79784e-07 -0
1428 1.3714e-07 0
1429 -3.53575e-08 0
1430 6.0592e-08 0
1431 -2.46557e-08 -0
1432 7.36592e-09 0
1433 1.38715e-07 0
1434 -1.59642e-07 -0
1435 4.30324e-08 0
1436 2.54871e-07 -0
1437 -7.50933e-08 -0
1438 4.71411e-08 0
1439 -1.75836e-08 0
1440 3.36582e-08 0
1441 -8.86245e-09 0
1442 -5.59903e-07 0
1443 4.99605e-07 0
1444 -2.36217e-07 -0
1445 7.33753e-08 0
1446 -3.84232e-07 -0
1447 1.01153e-07 -0
1448 -5.87378e-08 0
1449 -4.23954e-07 0
1450 1.42024e-07 0
1451 -1.43098e-07 0
1452 4.10306e-08 -0
1453 -1.69771e-08 -0
1454 2.63108e-08 0
1455 -1.11594e-08 -0
1456 2.13153e-09 0
1457 5.7173e-08 0
1458 -1.96753e-08 -0
1459 1.98252e-08 0
1460 -4.9915e-09 0
1461 -2.76881e-08 0
1462 1.96474e-08 -0
1463 -7.11098e-09 0
1464 1.0994e-07 0
1465 -4.59138e-08 -0
1466 1.17214e-08 0
1467 -1.20019e-08 -0
1468 -1.09393e-07 0
1469 3.14108e-08 -0
1470 -2.0513e-08 -0
1471 7.01534e-09 -0
1472 -1.07433e-08 0
1473 2.78435e-09 -0
1474 -1.26905e-09 -0
1475 -7.34253e-07 -0
1476 2.9578e-07 0
1477 -2.91301e-07 0
1478 7.82432e-08 0
1479 4.91227e-07 0
1480 -1.53137e-07 0
1481 6.39047e-07 -0
1482 -3.17146e-07 -0
1483 -1.17197e-06 -0
1484 3.30877e-07 0
1485 -4.10869e-07 0
1486 1.43974e-07 -0
1487 -1.19125e-07 -0
1488 3.22773e-08 -0
1489 1.38407e-07 0
1490 -5.77095e-08 0
1491 1.36021e-07 -0
1492 -4.01781e-08 0
1493 5.30845e-07 -0
1494 -3.29967e-07 0
1495 1.06931e-07 -0
1496 -2.94134e-08 0
1497 4.95533e-08 -0
1498 -2.77053e-08 0
1499 -1.93642e-07 0
1500 7.36697e-08 -0
1501 -1.9828e-08 0
1502 1.14332e-07 0
1503 -7.89688e-08 0
1504 -3.29046e-07 -0
1505 1.00803e-07 -0
1506 -4.43009e-08 -0
1507 5.14186e-08 -0
1508 -1.45826e-08 0
1509 -2.12938e-07 0
1510 7.10422e-08 0
1511 -6.64592e-08 0
1512 3.4246e-08 0
1513 1.13718e-07 0
1514 -3.12908e-08 -0
1515 6.81558e-08 0
1516 -2.36521e-08 -0
1517 8.96023e-08 -0
1518 -2.50002e-08 0
1519 1.94147e-08 -0
1520 8.36356e-08 0
1521 -3.11656e-08 -0
1522 1.50171e-08 -0
1523 -4.4981e-09 0
1524 6.08227e-09 0
1525 3.90462e-08 -0
1526 -1.06429e-08 0
1527 7.04229e-09 -0
1528 -6.39074e-08 -0
1529 2.05323e-08 0
1530 -8.25536e-09 0
1531 -2.83234e-08 0
1532 8.25348e-09 0
1533 -8.9537e-09 0
1534 4.08894e-09 -0
1535 -4.76339e-07 0
1536 1.28495e-07 0
1537 -1.94573e-07 -0
1538 1.09974e-07 -0
1539 -3.86031e-08 -0
1540 1.06041e-07 -0
1541 -2.90689e-08 -0
1542 -1.6812e-07 -0
1543 5.04168e-08 -0
1544 -4.32107e-08 0
1545 1.81106e-08 0
1546 7.2959e-08 -0
1547 -1.94797e-08 0
1548 1.74885e-07 -0
1549 -8.95346e-08 0
1550 2.98616e-08 0
1551 -2.0884e-08 -0
1552 6.03036e-09 0
1553 8.84823e-08 0
1554 -1.21231e-07 0
1555 3.75811e-08 -0
1556 -7.1059e-08 0
1557 2.76237e-08 -0
1558 1.31547e-07 0
1559 -3.69616e-08 -0
1560 2.17905e-08 0
1561 -7.59769e-08 -0
1562 2.04123e-08 0
1563 -2.24849e-08 0
1564 8.02083e-09 -0
1565 -1.15731e-07 -0
1566 5.27861e-08 0
1567 -1.45866e-08 -0
1568 -1.06395e-07 -0
1569 7.83414e-08 0
1570 -2.45512e-08 -0
1571 -1.131e-07 0
1572 3.01654e-08 -0
1573 -2.79101e-08 0
1574 1.49121e-08 -0
1575 -3.78623e-08 -0
1576 1.07456e-08 -0
1577 -4.09476e-09 -0
1578 -1.1647e-07 -0
1579 7.54425e-08 0
1580 -2.05007e-08 0
1581 -8.28873e-08 0
1582 2.79883e-08 -0
1583 -1.30969e-07 -0
1584 6.34867e-08 -0
1585 -1.93989e-08 0
1586 3.24971e-08 0
1587 -2.67309e-08 -0
1588 7.85164e-09 0
1589 -3.26004e-09 0
1590 -3.94924e-08 0
1591 1.06821e-08 0
1592 -1.34149e-08 0
1593 4.96515e-09 -0
1594 2.57082e-08 0
1595 -6.86756e-09 -0
1596 1.48677e-08 -0
1597 -6.53977e-09 0
1598 1.23525e-07 0
1599 -3.98343e-08 -0
1600 2.63463e-08 -0
1601 -7.20884e-09 -0
1602 -3.098e-08 0
1603 2.95503e-08 0
1604 -8.55842e-09 -0
1605 4.28596e-08 -0
1606 -2.20079e-08 0
1607 7.59451e-09 0
1608 6.42239e-08 -0
1609 -1.80875e-08 -0
1610 1.38242e-08 -0
1611 -5.50504e-09 0
1612 1.5347e-08 0
1613 -4.10742e-09 -0
1614 5.74103e-09 -0
1615 -3.27165e-09 0
1616 -1.52811e-08 -0
1617 4.828e-09 0
1618 -1.4504e-09 0
1619 9.02949e-09 -0
1620 -4.22549e-09 -0
1621 1.11771e-09 -0
1622 -1.23836e-09 -0
1623 -9.2553e-09 0
1624 3.3064e-09 -0
1625 -2.01363e-09 0
1626 5.51313e-10 -0
1627 4.33296e-08 0
1628 -7.83836e-08 -0
1629 3.35094e-08 0
1630 -1.10609e-08 -0
1631 -5.1098e-08 -0
1632 1.3944e-08 0
1633 -1.44957e-08 -0
1634 5.94988e-08 -0
1635 -1.76477e-08 0
1636 8.77527e-09 -0
1637 -6.99204e-09 0
1638 1.86598e-09 -0
1639 1.75402e-08 -0
1640 -6.64913e-09 0
1641 1.56509e-08 -0
1642 -4.48159e-09 0
1643 2.49892e-09 -0
1644 9.88135e-09 -0
1645 -3.08402e-09 0
1646 2.73315e-09 -0
1647 -3.77987e-08 -0
1648 1.05158e-08 -0
1649 -4.26237e-09 -0
1650 5.54863e-09 0
1651 2.85884e-08 0
1652 -7.66279e-09 -0
1653 5.56818e-09 -0
1654 -1.90968e-09 0
1655 3.79916e-09 0
1656 -1.7007e-09 0
1657 -3.11901e-08 0
1658 8.45401e-09 -0
1659 -5.04469e-09 0
1660 1.62598e-09 0
1661 6.73889e-09 -0
1662 -2.62479e-08 -0
1663 7.56933e-09 -0
1664 -2.7602e-09 0
1665 2.97411e-09 0
1666 -2.03703e-09 -0
1667 6.13549e-10 -0
1668 3.85147e-09 0
1669 -1.79578e-09 -0
1670 1.18804e-08 -0
1671 -3.16859e-09 0
1672 4.96262e-09 -0
1673 -1.39536e-09 0
1674 5.48137e-10 -0
1675 2.37841e-08 -0
1676 -1.30344e-08 0
1677 -5.0287e-08 -0
1678 1.70636e-08 -0
1679 -4.7039e-09 -0
1680 4.57906e-09 -0
1681 -1.40958e-08 0
1682 4.35178e-09 0
1683 -1.90272e-09 0
1684 -1.23724e-08 -0
1685 3.33896e-09 0
1686 -2.24051e-09 0
1687 3.22371e-09 0
1688 -1.14743e-09 0
1689 1.61135e-08 -0
1690 -4.74057e-09 0
1691 -1.78426e-08 0
1692 9.16955e-09 0
1693 -8.10168e-09 0
1694 2.27802e-09 -0
1695 -5.9626e-09 -0
1696 2.24277e-09 0
1697 -6.06756e-10 -0
1698 -2.99407e-09 -0
1699 2.31136e-09 0
1700 -7.60804e-10 0
1701 4.24417e-09 0
1702 -1.75768e-09 -0
1703 2.0516e-09 0
1704 -5.60912e-10 0
1705 -5.18088e-09 -0
1706 3.18786e-09 -0
1707 -1.01444e-09 0
1708 -4.11623e-09 0
1709 1.1776e-09 -0
1710 -2.28513e-09 -0
1711 1.05274e-09 0
1712 -2.83223e-10 0
1713 8.92902e-09 -0
1714 -9.11654e-09 0
1715 3.51776e-09 0
1716 -1.05402e-09 -0
1717 -4.04842e-09 0
1718 2.14898e-09 0
1719 -7.52137e-09 -0
1720 2.61126e-09 0
1721 -7.21492e-10 -0
1722 5.12925e-10 0
1723 7.89873e-09 -0
1724 -3.92093e-09 -0
1725 6.84399e-09 -0
1726 -1.85889e-09 -0
1727 5.7538e-10 0
1728 2.67638e-09 -0
1729 -2.25338e-09 -0
1730 9.58974e-10 -0
1731 -8.06449e-09 -0
1732 2.38576e-09 0
1733 -2.9647e-09 -0
1734 7.97442e-10 -0
1735 -4.56446e-10 0
1736 -2.73938e-09 0
1737 9.16233e-10 0
1738 -2.12977e-09 -0
1739 7.65065e-10 -0
1740 -4.94097e-10 -0
1741 1.37985e-10 0
1742 5.28537e-10 0
1743 -2.36151e-10 -0
1744 3.5764e-10 0
1745 -9.58939e-11 -0
1746 -1.71476e-09 0
1747 5.53533e-10 0
1748 -5.12128e-10 -0
1749 1.49612e-10 -0
1750 -7.5368e-10 0
1751 3.02722e-10 0
1752 1.19903e-09 -0
1753 -3.29888e-10 -0
1754 1.84439e-10 0
1755 1.28197e-09 0
1756 -1.74046e-09 -0
1757 5.46971e-10 0
1758 -2.62887e-10 0
1759 9.08837e-10 -0
1760 -2.58751e-10 -0
1761 2.08798e-10 0
1762 -7.83183e-11 0
1763 3.61823e-09 -0
1764 -9.66785e-10 -0
1765 2.02346e-09 -0
1766 -1.26845e-09 0
1767 -5.29854e-09 0
1768 1.80861e-09 -0
1769 -4.88787e-10 0
1770 4.85768e-10 -0
1771 -1.47721e-10 -0
1772 -8.09618e-10 -0
1773 3.17127e-10 0
1774 -1.96605e-09 0
1775 5.65604e-10 -0
1776 -4.10271e-10 -0
1777 2.11384e-10 0
1778 2.61101e-09 0
1779 -7.18273e-10 -0
1780 8.09674e-10 -0
1781 -2.87952e-10 -0
1782 -1.10729e-09 -0
1783 4.62921e-10 0
1784 -1.24694e-09 -0
1785 3.35976e-10 -0
1786 -1.0966e-10 -0
1787 1.33033e-09 0
1788 -7.78803e-10 0
1789 1.25386e-09 0
1790 -3.71704e-10 -0
1791 -2.56761e-09 0
1792 1.18791e-09 -0
1793 -3.33269e-10 -0
1794 2.25387e-10 -0
1795 1.03256e-09 0
1796 -2.7652e-10 -0
1797 2.55817e-10 -0
1798 -9.6439e-11 0
1799 3.51033e-10 0
1800 -1.11642e-10 -0
1801 1.59454e-10 -0
1802 -4.55182e-11 -0
1803 -1.8611e-10 0
1804 9.2328e-11 -0
1805 -3.73514e-11 0
1806 6.13421e-10 0
1807 -1.65839e-10 0
1808 1.37835e-10 0
1809 -4.58951e-11 0
1810 7.89194e-11 -0
1811 4.30952e-10 -0
1812 -1.28944e-10 0
1813 7.1793e-11 -0
1814 -1.98353e-11 0
1815 -3.41433e-10 -0
1816 1.48826e-10 0
1817 -1.7717e-10 -0
1818 4.74887e-11 -0
1819 -2.41429e-10 0
1820 8.40728e-11 0
1821 -6.40659e-11 -0
1822 -4.88806e-10 -0
1823 1.42419e-10 -0
1824 -3.38537e-10 0
1825 2.07785e-10 -0
1826 -6.48869e-11 -0
1827 -2.64816e-10 -0
1828 7.06772e-11 -0
1829 -3.4302e-11 -0
1830 3.48452e-11 0
1831 -1.34655e-11 -0
1832 1.15901e-10 0
1833 -3.14713e-11 0
1834 5.90784e-11 -0
1835 -1.93507e-11 -0
1836 -9.10617e-11 0
1837 4.81796e-11 -0
1838 -1.36199e-11 -0
1839 9.36859e-12 -0
1840 4.95768e-10 0
1841 -1.81381e-10 0
1842 2.49588e-10 -0
1843 -6.75609e-11 0
1844 -3.74404e-10 -0
1845 1.61933e-10 0
1846 -4.97061e-11 -0
1847 1.59751e-10 -0
1848 -1.30058e-10 -0
1849 3.60623e-11 -0
1850 3.06081e-10 0
1851 -1.40018e-10 0
1852 1.56419e-10 0
1853 -4.61945e-11 -0
1854 -1.69572e-10 0
1855 5.85291e-11 -0
1856 -3.86736e-11 0
1857 1.03836e-11 -0
1858 -4.92995e-11 0
1859 1.89153e-11 0
1860 -2.99924e-11 0
1861 9.67861e-12 -0
1862 4.283e-11 0
1863 -2.17447e-11 -0
1864 6.00688e-12 -0
1865 -4.77941e-11 0
1866 4.24401e-11 -0
1867 -1.2315e-11 -0
1868 -1.80863e-10 0
1869 7.54874e-11 -0
1870 -2.03711e-11 -0
1871 4.71832e-11 -0
1872 -2.7563e-11 -0
1873 -1.07174e-10 -0
1874 3.34304e-11 -0
1875 -2.51916e-11 -0
1876 9.13444e-12 0
1877 -1.19318e-11 0
1878 3.37961e-12 -0
1879 -6.04034e-11 0
1880 2.85562e-11 0
1881 -7.76475e-12 0
1882 -3.84596e-11 -0
1883 1.12628e-10 -0
1884 -3.37166e-11 -0
1885 1.85479e-11 0
1886 -1.79476e-11 -0
1887 6.1023e-12 -0
1888 4.49484e-11 -0
1889 -1.20578e-11 -0
1890 4.85602e-12 0
1891 1.83611e-11 -0
1892 -1.12046e-11 0
1893 2.01646e-11 -0
1894 -5.64762e-12 0
1895 1.85294e-10 -0
1896 -5.96786e-11 0
1897 2.62461e-11 -0
1898 -2.74774e-11 -0
1899 7.35315e-12 -0
1900 -2.53564e-11 0
1901 9.25366e-12 0
1902 -6.51781e-12 0
1903 -4.14925e-11 -0
1904 1.18533e-11 0
1905 -2.34158e-11 0
1906 7.33918e-12 0
1907 -3.80795e-12 -0
1908 -5.4424e-11 -0
1909 1.46775e-11 0
1910 -1.24149e-11 -0
1911 -5.07438e-11 -0
1912 1.53452e-11 -0
1913 -6.48548e-12 0
1914 4.82697e-11 0
1915 -1.66594e-11 0
1916 1.90119e-11 -0
1917 -5.18695e-12 -0
1918 3.42554e-12 0
1919 1.65643e-11 0
1920 -4.79897e-12 0
1921 2.12999e-11 0
1922 -1.01194e-11 -0
1923 2.69583e-12 -0
1924 -4.00474e-12 -0
1925 1.32083e-12 0
1926 5.96407e-11 -0
1927 -2.44181e-11 -0
1928 1.54743e-11 0
1929 -4.28757e-12 -0
1930 1.10934e-11 -0
1931 4.59173e-11 -0
1932 -1.7252e-11 -0
1933 1.58188e-11 0
1934 -4.67826e-12 -0
1935 -3.57493e-11 -0
1936 1.83368e-11 0
1937 -5.1859e-12 -0
1938 6.76391e-12 0
1939 -2.23863e-11 -0
1940 6.03929e-12 0
1941 -3.58223e-12 -0
1942 -1.80311e-11 0
1943 5.61413e-12 -0
1944 -2.22829e-12 -0
1945 1.82326e-12 0
1946 -2.94517e-11 0
1947 7.86148e-12 -0
1948 -2.77736e-12 0
1949 -1.13804e-11 -0
1950 5.09821e-12 -0
1951 -9.94213e-12 -0
1952 2.82958e-12 -0
1953 -2.81751e-12 0
1954 7.66169e-13 -0
1955 5.32314e-12 -0
1956 -3.99463e-12 -0
1957 1.27457e-12 -0
1958 -7.04753e-12 0
1959 3.79055e-12 -0
1960 -1.13847e-12 -0
1961 1.57894e-12 -0
1962 -5.69141e-13 0
1963 -6.41675e-12 0
1964 1.71813e-12 0
1965 -3.93959e-12 0
1966 1.70978e-12 0
1967 6.80664e-12 0
1968 -1.90558e-12 -0
1969 1.31439e-12 -0
1970 -4.45921e-13 -0
1971 5.943e-12 0
1972 -2.84761e-12 -0
1973 3.26386e-12 0
1974 -8.60673e-13 0
1975 -5.09577e-12 -0
1976 1.55069e-12 -0
1977 -8.68954e-13 -0
1978 2.92057e-12 -0
1979 -1.08841e-12 -0
1980 2.94494e-13 0
1981 -4.46057e-13 0
1982 -1.80808e-11 -0
1983 5.89577e-12 0
1984 -4.50678e-12 0
1985 1.29329e-12 0
1986 5.93811e-12 -0
1987 -2.72334e-12 0
1988 2.62514e-12 -0
1989 -7.09025e-13 -0
1990 5.77648e-12 -0
1991 -2.38694e-12 -0
1992 1.42924e-12 0
1993 -4.21117e-13 -0
1994 -3.11867e-12 0
1995 8.50905e-12 0
1996 -2.95006e-12 -0
1997 8.13292e-13 0
1998 -8.84039e-13 0
1999 3.5136e-13 0
2000 1.78089e-12 -0
2001 -4.75143e-13 0
2002 3.00845e-13 0
2003 1.85594e-11 -0
2004 -5.86953e-12 0
2005 1.11224e-11 0
2006 -5.84028e-12 -0
2007 1.67881e-12 -0
2008 1.25112e-11 -0
2009 -4.6699e-12 0
2010 4.24824e-12 -0
2011 -1.1422e-12 0
2012 -4.10366e-12 -0
2013 6.25122e-12 -0
2014 -2.08894e-12 0
2015 1.58362e-11 0
2016 -4.34265e-12 -0
2017 2.07346e-12 -0
2018 -1.54311e-12 0
2019 4.54434e-13 -0
2020 -1.30895e-12 0
2021 5.13482e-13 0
2022 2.71057e-12 0
2023 -1.52526e-12 0
2024 4.67666e-13 -0
2025 4.82091e-12 0
2026 -1.3084e-12 -0
2027 1.41278e-12 -0
2028 -6.11027e-13 0
2029 -2.21665e-12 -0
2030 6.28485e-13 -0
2031 -1.44231e-12 -0
2032 5.02165e-13 0
2033 -4.23024e-13 -0
2034 7.36248e-12 0
2035 -2.03928e-12 0
2036 1.02733e-12 0
2037 -1.40169e-12 0
2038 4.57145e-13 -0
2039 1.9783e-12 -0
2040 -5.31994e-13 0
2041 3.53269e-13 0
2042 -1.61199e-12 -0
2043 4.85152e-13 0
2044 -2.17914e-13 0
2045 -2.26213e-12 0
2046 8.52363e-13 0
2047 -1.54567e-12 0
