0 0 0
1 -0 -0
2 -0 0
3 0 -0
4 -0 0
5 1.005e-62 -0
6 -2.93986e-63 0
7 1.28393e-63 0
8 -1.24039e-63 0
9 -5.97912e-63 -0
10 1.66836e-63 0
11 -6.32595e-64 -0
12 2.49827e-63 0
13 -1.82811e-63 0
14 5.66291e-64 0
15 2.01895e-63 -0
16 -1.00907e-63 0
17 2.76826e-64 0
18 -3.66301e-64 -0
19 2.92739e-39 -0
20 -9.99938e-40 -0
21 2.77077e-40 0
22 -5.71033e-40 -0
23 2.93833e-40 0
24 -2.26177e-40 -0
25 7.00593e-41 -0
26 3.47527e-40 0
27 -1.3547e-40 -0
28 6.17118e-40 -0
29 -1.63609e-40 0
30 1.655e-40 0
31 -4.81592e-41 -0
32 -8.54453e-40 -0
33 3.79069e-40 -0
34 -2.33791e-40 -0
35 6.28458e-41 0
36 4.34398e-40 0
37 -5.91118e-40 0
38 2.08102e-40 -0
39 -7.30305e-40 -0
40 2.04658e-40 -0
41 -6.77017e-41 -0
42 -0.438165 0
43 0.32875 -0
44 -0.135408 0
45 -0.512319 -0
46 0.142258 0
47 -0.282735 0
48 0.143578 -0
49 -0.0431059 -0
50 0.0426705 0
51 -0.0114506 0
52 0.107641 -0
53 -0.0413251 0
54 -0.170876 0
55 0.103548 -0
56 -0.0332066 -0
57 0.0903648 -0
58 -0.0245317 -0
59 0.0328213 0
60 -0.0153799 -0
61 -0.087113 0
62 0.0254111 0
63 -0.02172 0
64 0.00673179 0
65 0.0822021 -0
66 -0.0454448 -0
67 0.0122499 0
68 -0.0195754 0
69 0.00714486 0
70 0.0267015 0
71 -0.0117254 0
72 0.00327556 0
73 -0.0165343 0
74 0.011096 -0
75 -0.00379332 -0
76 -0.0284564 0
77 0.032508 0
78 -0.0089035 0
79 0.344039 0
80 -0.134524 0
81 0.0400661 -0
82 0.186486 -0
83 -0.144548 0
84 0.0387619 0
85 -0.0831857 0
86 0.0269882 0
87 -0.013426 -0
88 0.0495295 0
89 -0.0141762 -0
90 0.0088072 0
91 0.0353564 0
92 -0.0148157 -0
93 0.014137 0
94 -0.00390641 -0
95 -0.138961 -0
96 0.0490547 -0
97 -0.369153 0
98 0.113479 -0
99 -0.0614143 -0
100 0.0858947 0
101 -0.0230735 0
102 -0.0886087 0
103 0.0334731 -0
104 -0.0242674 -0
105 0.0612268 0
106 -0.0173136 0
107 -0.0924754 0
108 0.0307331 -0
109 -0.0137386 -0
110 0.0162879 0
111 -0.004398 -0
112 0.0565966 0
113 -0.0334042 0
114 0.00980216 0
115 0.101753 -0
116 -0.0898607 0
117 0.0285352 0
118 -0.0527156 0
119 0.0213365 0
120 0.090818 0
121 -0.0247095 0
122 0.0117927 -0
123 -0.0353602 -0
124 0.0102471 0
125 -0.00672282 0
126 -0.0250134 0
127 0.00862525 -0
128 -0.00889756 -0
129 0.00239523 0
130 0.0165721 0
131 -0.00501433 -0
132 0.00259951 -0
133 -0.00399206 0
134 0.00111179 -0
135 0.00992567 0
136 -0.0037868 -0
137 0.00337118 -0
138 -0.0178669 -0
139 0.00793678 -0
140 -0.00216157 0
141 -0.00727558 -0
142 0.00233683 -0
143 -0.00138522 0
144 0.0139574 -0
145 -0.00388295 -0
146 0.00529379 -0
147 -0.00208715 0
148 -0.00502483 0
149 0.00427966 0
150 -0.00154263 0
151 0.000258612 -0
152 5.3514e-05 -0
153 -0.000119826 -0
154 0.00109919 -0
155 -0.000328035 -0
156 0.000494996 0
157 -0.00180364 0
158 0.000541617 -0
159 -0.000136019 0
160 -0.0141264 -0
161 0.0109915 -0
162 -0.0046152 -0
163 0.00135072 -0
164 0.00414907 0
165 -0.00809675 -0
166 0.00268358 0
167 -0.00149957 -0
168 0.000411146 -0
169 -0.00142483 -0
170 -0.00404851 0
171 0.00392616 -0
172 -0.00136692 -0
173 0.000384801 -0
174 -0.000240414 0
175 -0.000670585 0
176 0.000360117 -0
177 -0.00326206 0
178 0.00102978 0
179 -0.000400457 -0
180 0.128945 0
181 -0.0353307 0
182 0.0360538 0
183 -0.0153158 0
184 -0.0596265 0
185 0.0169652 0
186 -0.0134989 0
187 0.0333649 -0
188 -0.0100854 0
189 0.00656283 -0
190 0.0995069 0
191 -0.0268665 0
192 0.00980355 0
193 -0.0145012 -0
194 0.00737165 0
195 0.0334931 -0
196 -0.00981589 -0
197 0.0996315 0
198 -0.039647 0
199 0.0107532 -0
200 -0.0133225 -0
201 -0.0468772 -0
202 0.0150548 0
203 -0.00851929 -0
204 0.0315337 -0
205 -0.00878083 0
206 0.0074966 0
207 -0.00334887 -0
208 0.00659738 0
209 -0.00221945 0
210 -0.0122372 -0
211 0.00347064 0
212 -0.0023922 0
213 0.0841947 0
214 -0.0296031 -0
215 0.00806769 0
216 0.0287455 0
217 -0.0272646 -0
218 0.00851381 0
219 -0.00391952 -0
220 0.022742 -0
221 -0.00612819 0
222 0.011123 0
223 -0.00425214 0
224 -0.0171285 0
225 0.00505776 -0
226 -0.00312565 0
227 -0.0304121 -0
228 0.0157267 -0
229 -0.0179057 -0
230 0.00512835 0
231 -0.00168023 -0
232 0.00454197 0
233 -0.00189605 0
234 -0.00844225 -0
235 0.0022936 -0
236 -0.0017659 -0
237 0.0216055 0
238 -0.00648044 -0
239 0.00860906 -0
240 -0.00408805 0
241 0.00109868 0
242 0.00790764 0
243 -0.00272612 0
244 0.00196261 0
245 0.0074103 0
246 -0.002081 0
247 0.00475669 -0
248 -0.00191771 0
249 0.0011044 -0
250 -0.000347809 -0
251 -0.00433447 -0
252 0.00464661 -0
253 -0.00127779 -0
254 0.00424957 0
255 -0.00155389 -0
256 -0.00540104 0
257 0.00156942 0
258 -0.00138624 0
259 0.000688655 0
260 -0.000186413 0
261 0.000288063 -0
262 0.00142109 0
263 -0.000624774 0
264 0.000194022 -0
265 -0.000947407 0
266 0.000603262 0
267 -0.000166925 0
268 0.409261 -0
269 -0.144645 0
270 -0.646633 0
271 0.352038 0
272 -0.102767 0
273 0.165801 -0
274 -0.159944 -0
275 0.0428231 0
276 -0.0164696 0
277 0.110595 -0
278 -0.0365432 0
279 -0.380555 0
280 0.307779 -0
281 -0.0854083 0
282 0.0383538 0
283 0.148887 0
284 -0.0451104 0
285 0.0610242 -0
286 -0.0402805 0
287 0.0109491 -0
288 -0.0407595 -0
289 0.0150431 -0
290 0.0771926 -0
291 -0.0402692 0
292 0.0127085 -0
293 -0.314389 0
294 0.0847761 -0
295 -0.0977996 -0
296 0.0418631 0
297 0.295732 -0
298 -0.0838139 -0
299 0.160826 -0
300 -0.0935581 0
301 0.0315344 0
302 0.126897 0
303 -0.0340684 0
304 0.0236206 0
305 -0.25431 -0
306 0.0996273 -0
307 -0.0294331 0
308 0.0711177 0
309 -0.0229442 0
310 -0.842193 -0
311 0.761272 0
312 -0.210182 -0
313 0.0974466 -0
314 0.460587 -0
315 -0.159185 -0
316 0.198659 0
317 -0.0531555 0
318 0.291949 0
319 -0.216002 0
320 0.0619877 -0
321 -0.0253403 -0
322 -0.105716 0
323 0.177816 -0
324 -0.0498304 0
325 0.0253443 0
326 0.376444 -0
327 -0.135193 -0
328 0.145425 0
329 -0.0393614 -0
330 0.129255 0
331 -0.0784798 -0
332 0.0236434 -0
333 0.144099 -0
334 -0.0544986 0
335 -0.210038 -0
336 0.0670145 0
337 -0.052106 0
338 0.0142571 0
339 -0.0295534 0
340 0.0142708 -0
341 -0.893442 0
342 0.239369 0
343 -0.100407 -0
344 0.154965 0
345 -0.0474084 0
346 -0.364742 -0
347 0.201833 -0
348 -0.0584425 -0
349 0.0579237 -0
350 0.229079 -0
351 -0.0777737 0
352 0.221837 -0
353 -0.0617285 0
354 0.03996 -0
355 -0.367243 0
356 0.147442 -0
357 -0.0396653 0
358 0.032836 -0
359 0.151556 0
360 -0.0497199 -0
361 0.0263304 -0
362 -0.105424 -0
363 0.03138 -0
364 0.294593 -0
365 -0.0802175 -0
366 0.0352601 -0
367 -0.0426907 0
368 0.0156057 0
369 0.0598751 -0
370 -0.0170682 0
371 0.0122051 -0
372 -0.027163 0
373 0.00726422 0
374 -0.10788 0
375 0.0637549 -0
376 -0.0223386 0
377 0.0205996 0
378 -0.00640504 0
379 -0.0354015 0
380 0.016742 0
381 -0.00471562 0
382 0.0236024 -0
383 -0.0337358 -0
384 0.0130856 0
385 0.33841 0
386 -0.092759 0
387 -0.400725 -0
388 0.133285 0
389 -0.0829647 0
390 0.0243233 -0
391 -0.0435028 -0
392 0.021441 -0
393 -0.00574781 -0
394 -0.42295 0
395 0.368 0
396 -0.137076 -0
397 0.37323 -0
398 -0.117527 0
399 -0.467263 -0
400 0.126289 0
401 -0.130422 0
402 0.058809 -0
403 -0.356775 -0
404 0.0987418 -0
405 -0.0663753 0
406 -0.336483 0
407 0.102146 -0
408 -0.0424663 -0
409 0.0568344 -0
410 -0.0321803 0
411 -0.348247 0
412 0.0932105 -0
413 -0.0302588 -0
414 0.023111 -0
415 -0.0804867 0
416 0.0233918 0
417 0.0961552 0
418 -0.0342588 -0
419 0.039162 0
420 -0.0106271 0
421 0.00551602 -0
422 0.0353115 -0
423 -0.0139639 0
424 0.0278414 -0
425 -0.00786811 0
426 0.147895 0
427 -0.0456272 -0
428 0.0361243 0
429 0.138543 0
430 -0.0587206 -0
431 0.0158162 -0
432 -0.118834 -0
433 0.0413577 0
434 -0.0395359 -0
435 0.0214117 -0
436 -0.00612441 0
437 -0.0499873 0
438 0.079747 0
439 -0.0219641 -0
440 0.0101414 -0
441 0.0449982 -0
442 -0.0150653 -0
443 0.0103816 -0
444 -0.0261793 -0
445 0.00782675 -0
446 -0.00209633 -0
447 -0.0330044 0
448 0.0125841 0
449 -0.0161639 -0
450 0.0103194 0
451 -0.0482807 -0
452 0.0154875 -0
453 -0.00432889 -0
454 -0.0169201 0
455 0.00843273 -0
456 -0.00710922 0
457 0.0019093 -0
458 -0.0685624 0
459 0.0277768 0
460 0.157999 0
461 -0.0464958 0
462 0.0859254 0
463 -0.0496946 -0
464 0.0171258 -0
465 -0.0188638 -0
466 0.0051295 0
467 0.0245743 0
468 -0.0109005 0
469 0.0327012 0
470 -0.00941419 -0
471 0.00684485 0
472 -0.0021381 0
473 0.0266527 -0
474 -0.00999671 -0
475 0.0146765 -0
476 -0.00395852 0
477 -0.0168311 0
478 0.00804142 -0
479 -0.00225899 0
480 -0.029249 -0
481 0.0259086 -0
482 -0.00845417 -0
483 0.0195641 0
484 -0.0117207 0
485 0.00313527 -0
486 0.0217669 0
487 -0.00935326 0
488 0.0028499 0
489 0.0109304 -0
490 -0.0110602 0
491 0.00403405 0
492 -0.00110168 -0
493 0.00909646 -0
494 -0.00487178 0
495 0.0184492 -0
496 -0.00547045 0
497 0.00648283 -0
498 -0.00258198 -0
499 -0.150513 -0
500 0.0427903 0
501 -0.0321718 0
502 -0.1307 -0
503 0.0444786 -0
504 -0.0119606 -0
505 0.0207661 -0
506 -0.0104543 0
507 -0.05554 0
508 0.0176321 0
509 -0.0115802 -0
510 0.00321601 -0
511 -0.00691368 -0
512 0.00285105 0
513 0.0257242 0
514 -0.0069664 0
515 0.00567615 -0
516 -0.00202672 -0
517 0.0119804 0
518 -0.00349292 0
519 0.00478641 0
520 -0.00217708 -0
521 -0.00840041 -0
522 0.00230725 -0
523 -0.00129189 -0
524 0.0537418 0
525 -0.0160327 0
526 0.0152985 -0
527 -0.0448157 -0
528 0.0119515 0
529 -0.00438427 -0
530 -0.022359 -0
531 0.013916 -0
532 -0.00458981 0
533 -0.0309204 -0
534 0.0149511 -0
535 -0.00460552 -0
536 0.00685592 -0
537 -0.0019025 0
538 -0.0525412 -0
539 0.0367222 0
540 -0.0159133 0
541 0.00424335 -0
542 -0.0107213 -0
543 0.0111192 -0
544 -0.00388706 -0
545 -0.0180021 -0
546 0.00517829 -0
547 -0.0215812 0
548 0.00838677 -0
549 -0.00436371 -0
550 0.00118566 0
551 0.00977901 -0
552 -0.0121082 -0
553 0.00381261 0
554 -0.00322782 -0
555 -0.0134636 -0
556 0.00370222 -0
557 -0.00172534 0
558 0.0145702 0
559 -0.0043862 0
560 0.00267111 -0
561 -0.00433359 0
562 0.00115547 0
563 -0.000386713 0
564 0.00536433 0
565 -0.00203045 -0
566 -0.0118164 -0
567 0.0107843 0
568 -0.0031245 0
569 0.0017568 -0
570 -0.00565345 -0
571 0.00151148 -0
572 0.00662121 0
573 -0.00276102 -0
574 0.00183755 -0
575 -0.000587412 0
576 0.00106378 0
577 -0.000297307 -0
578 -0.00492786 -0
579 0.00176555 -0
580 -0.00192576 0
581 0.00051946 -0
582 -0.00292304 -0
583 0.00147649 -0
584 -0.000448964 -0
585 0.000350581 0
586 0.00161092 -0
587 -0.000429362 -0
588 -0.026135 0
589 0.0116146 0
590 -0.015932 -0
591 0.0054393 0
592 -0.00154809 0
593 -0.0112689 -0
594 0.00612588 0
595 -0.0141846 -0
596 0.00391782 0
597 -0.00156847 -0
598 0.00748676 0
599 -0.0054076 0
600 0.00176869 -0
601 0.00851927 0
602 -0.00227017 -0
603 0.00242033 -0
604 -0.00091203 -0
605 0.0114964 0
606 -0.00339645 -0
607 0.00195991 0
608 0.00830413 0
609 -0.00226234 -0
610 0.00443756 -0
611 -0.00201267 -0
612 0.000626705 -0
613 -0.000557485 -0
614 -0.00324215 -0
615 0.000869117 0
616 -0.00056908 0
617 0.00147908 -0
618 -0.000519601 -0
619 -0.00638802 0
620 0.00178243 0
621 -0.00228139 0
622 0.000979318 0
623 -0.000286926 -0
624 -0.0213177 0
625 0.0168197 0
626 -0.00453676 -0
627 -0.0157287 0
628 0.00584703 -0
629 -0.00994736 -0
630 0.00495307 0
631 -0.00159954 -0
632 0.00723296 -0
633 -0.002068 0
634 -0.0104812 0
635 0.00433974 0
636 -0.0052065 -0
637 0.00142076 0
638 -0.00100785 -0
639 -0.010419 -0
640 0.0035794 0
641 0.0124255 0
642 -0.00361792 0
643 0.00220756 0
644 -0.0087451 0
645 0.00343868 0
646 -0.000932708 0
647 0.000850679 0
648 -0.0136957 -0
649 0.00422101 -0
650 -0.00198863 0
651 0.00310407 0
652 -0.000859547 0
653 -0.00580495 -0
654 0.00313614 -0
655 -0.0011053 -0
656 -0.00458399 0
657 0.00139435 0
658 -0.0033214 0
659 0.00217336 -0
660 -0.000609943 -0
661 0.000634138 0
662 0.00219183 -0
663 -0.000722521 -0
664 0.000305457 0
665 -0.00244215 -0
666 0.000658604 -0
667 -0.000842354 -0
668 0.000433141 0
669 -0.036077 0
670 0.0104089 0
671 -0.00385262 0
672 0.00667834 -0
673 -0.00179523 -0
674 -0.00838083 0
675 0.00649419 -0
676 -0.00215506 -0
677 0.00597978 -0
678 -0.00283321 0
679 0.000767041 0
680 0.00543946 0
681 -0.00333284 -0
682 0.00102283 0
683 0.0183783 0
684 -0.00720741 0
685 0.00597009 0
686 -0.00167365 0
687 0.00737312 -0
688 -0.00263673 -0
689 -0.0108951 -0
690 0.00290774 0
691 -0.0030506 -0
692 0.00167819 0
693 -0.000493866 -0
694 0.00497984 -0
695 -0.00210441 -0
696 0.00381082 -0
697 -0.00104554 0
698 -0.00548026 0
699 0.00400415 0
700 -0.00126648 0
701 0.00190727 -0
702 -0.000831706 0
703 -0.00765205 0
704 0.00204871 -0
705 -0.000704545 0
706 0.00065768 -0
707 -0.00424201 -0
708 0.0012185 0
709 -0.000725877 -0
710 -0.00320984 0
711 0.000872186 0
712 -0.00201256 0
713 0.000795331 0
714 -0.00023574 0
715 -0.01018 -0
716 0.00502491 0
717 -0.00354666 0
718 0.000945231 -0
719 -0.00126148 -0
720 0.000414204 0
721 0.00239217 -0
722 -0.000674966 -0
723 0.00209048 0
724 -0.000781752 -0
725 0.00042344 -0
726 0.00170766 -0
727 -0.000530671 0
728 0.000481522 0
729 -0.00643467 0
730 0.00177614 0
731 -0.00081818 0
732 0.00091446 0
733 -0.000306443 -0
734 -0.00308292 -0
735 0.000820207 0
736 -0.000519331 -0
737 0.00221656 -0
738 -0.000660809 0
739 0.00101355 -0
740 -0.000401024 0
741 -0.00221333 -0
742 0.000594309 -0
743 -0.000465853 0
744 0.000165905 -0
745 -0.000511961 0
746 0.000143802 -0
747 -7.82962e-05 0
748 -0.00126899 0
749 0.000403128 0
750 -0.000778084 0
751 0.000205724 0
752 -9.08828e-05 0
753 -0.000448576 0
754 0.000424743 -0
755 -0.000122886 0
756 6.21779e-05 0
757 -4.33433e-05 0
758 7.38154e-06 -0
759 3.88493e-06 -0
760 -0.000239108 -0
761 8.37887e-05 0
762 -7.54194e-05 -0
763 2.0644e-05 0
764 1.69643e-05 0
765 -6.55284e-06 0
766 4.04608e-06 -0
767 -0.00430603 0
768 0.00283717 -0
769 -0.000991865 -0
770 -0.00418815 0
771 0.0011592 0
772 -0.0012841 0
773 0.000617463 0
774 -0.0043028 0
775 0.00114189 0
776 -0.000370162 0
777 -0.00245668 0
778 0.00140265 0
779 -0.00039649 -0
780 0.000850898 -0
781 -0.000712327 0
782 0.000214796 0
783 -9.25099e-05 -0
784 -0.00159982 0
785 0.000431407 0
786 -0.000541083 0
787 0.000196643 -0
788 0.00083825 -0
789 -0.00324863 -0
790 0.000939873 0
791 -0.000585483 0
792 0.00019609 -0
793 -0.000332888 0
794 8.86852e-05 -0
795 0.000503625 0
796 -0.000267368 -0
797 0.000104057 0
798 0.0272307 0
799 -0.00754217 0
800 0.00790028 -0
801 -0.00572179 -0
802 0.00171587 0
803 0.00715658 -0
804 -0.00295838 0
805 0.00857621 -0
806 -0.00234817 0
807 0.000728395 0
808 -0.0104716 -0
809 0.00484336 -0
810 -0.0043499 0
811 -0.0281714 -0
812 0.0100168 0
813 -0.00270165 0
814 0.0054252 -0
815 -0.00276741 0
816 0.000778007 -0
817 -0.00480036 0
818 0.00329497 -0
819 -0.0010677 0
820 -0.00410424 0
821 0.00499839 0
822 -0.00133734 -0
823 0.000508804 0
824 0.0115576 0
825 -0.00339932 0
826 0.00207289 -0
827 -0.00734138 -0
828 0.00326507 -0
829 0.014356 0
830 -0.00414318 0
831 0.00317999 -0
832 -0.00105987 0
833 0.00155099 -0
834 0.012643 -0
835 -0.00346973 0
836 0.00129006 -0
837 -0.00131578 -0
838 0.000692021 0
839 -0.000185892 -0
840 -0.000736224 -0
841 0.000226538 0
842 -0.00112866 -0
843 0.000538261 0
844 -0.0165832 0
845 0.00575848 0
846 -0.00474462 0
847 0.00134095 -0
848 -0.00248804 -0
849 -0.014779 0
850 0.00401402 0
851 -0.00236332 0
852 0.000750546 -0
853 -0.00193337 -0
854 0.00082859 0
855 0.0040113 -0
856 -0.00119013 -0
857 0.00131506 -0
858 -0.000351631 -0
859 -0.0037732 -0
860 0.0014996 0
861 -0.00208443 0
862 0.00116935 0
863 -0.000326583 -0
864 0.00332441 0
865 -0.00119071 -0
866 0.001151 -0
867 0.00472953 -0
868 -0.00127299 -0
869 0.000893884 -0
870 -0.000295652 -0
871 0.00211747 0
872 -0.000638095 -0
873 0.000319857 0
874 0.00222192 0
875 -0.000633665 -0
876 0.0010128 0
877 -0.000412729 0
878 0.000327435 0
879 0.00126769 0
880 -0.000342824 -0
881 0.00105523 0
882 -0.000482027 0
883 0.000151468 0
884 0.00249844 0
885 -0.000690885 0
886 0.000445736 -0
887 -0.000562989 0
888 0.000196953 -0
889 0.00102084 0
890 -0.000273653 -0
891 0.000615106 0
892 -0.000239175 -0
893 0.000208719 -0
894 -6.09572e-05 -0
895 0.00226962 0
896 -0.00109358 0
897 0.000350255 -0
898 0.0014132 0
899 -0.000384756 -0
900 0.000228809 -0
901 -0.00100781 -0
902 0.000378986 0
903 -0.000650602 -0
904 0.000186654 0
905 0.000832536 -0
906 -0.000561303 0
907 0.000187651 -0
908 -0.00017397 0
909 4.64733e-05 0
910 0.00037358 0
911 -0.000155871 -0
912 0.000504006 0
913 -0.000153997 -0
914 8.4149e-05 0
915 -2.31073e-05 0
916 0.000386855 0
917 -0.00044002 0
918 0.000195703 -0
919 0.0011769 -0
920 -0.000332425 -0
921 0.000242254 0
922 -8.2787e-05 0
923 0.000167464 -0
924 -4.48124e-05 0
925 -0.000778649 0
926 0.000231299 -0
927 -0.000303106 -0
928 0.000156774 0
929 0.000647155 -0
930 -0.000237563 -0
931 0.00119752 0
932 -0.000323387 0
933 0.000200458 0
934 -6.21649e-05 0
935 -0.000305054 0
936 0.000128936 0
937 -0.000138469 -0
938 3.87501e-05 -0
939 -0.000292221 -0
940 0.000136293 0
941 -3.63198e-05 0
942 8.72267e-05 0
943 -6.9357e-05 0
944 2.24209e-05 -0
945 9.10883e-05 0
946 -3.4599e-05 -0
947 5.10003e-05 0
948 -1.41157e-05 -0
949 -0.000142688 0
950 8.12737e-05 -0
951 -2.3897e-05 -0
952 -0.00230379 0
953 0.000930954 -0
954 -0.000827982 -0
955 0.000223061 0
956 -0.000832971 -0
957 0.000284129 -0
958 0.00118034 0
959 -0.00078048 -0
960 0.000226137 -0
961 -0.000444793 0
962 0.000219678 0
963 -7.01345e-05 0
964 -0.000434485 0
965 0.000118674 -0
966 -0.000118168 0
967 5.18082e-05 0
968 -0.000607755 0
969 0.000183781 0
970 -6.64434e-05 0
971 -0.000299325 0
972 0.000233193 0
973 -6.24942e-05 -0
974 0.000102004 0
975 -5.50319e-05 -0
976 -0.00109572 -0
977 0.000308918 0
978 -0.000871163 0
979 0.0003006 0
980 -0.000215753 -0
981 5.86794e-05 -0
982 0.000226991 -0
983 -9.09656e-05 -0
984 0.000109595 -0
985 -3.37684e-05 0
986 -0.000385925 -0
987 0.000110498 0
988 -6.81255e-05 -0
989 0.00105938 0
990 -0.000283313 0
991 0.000128495 -0
992 0.000631568 -0
993 -0.000897242 -0
994 0.000293135 0
995 -0.000249543 -0
996 9.3417e-05 -0
997 -2.56698e-05 0
998 5.99088e-05 0
999 -3.16277e-05 0
1000 -0.000134138 -0
1001 3.62003e-05 0
1002 -0.000213866 0
1003 6.69647e-05 -0
1004 -6.92676e-05 0
1005 2.99938e-05 -0
1006 0.000211708 0
1007 -6.27033e-05 -0
1008 3.53666e-05 0
1009 -0.000147879 0
1010 4.09955e-05 -0
1011 -1.4522e-05 -0
1012 -0.00024489 0
1013 0.000191885 -0
1014 -8.08763e-05 0
1015 0.000164118 -0
1016 -4.47736e-05 0
1017 -0.000139164 0
1018 7.0192e-05 0
1019 -2.03219e-05 0
1020 2.89088e-05 -0
1021 0.00010745 0
1022 -3.74394e-05 0
1023 2.57646e-05 -0
1024 -7.88147e-06 0
1025 2.92042e-05 -0
1026 -2.85791e-05 0
1027 7.8761e-06 -0
1028 -0.000186046 0
1029 6.61833e-05 0
1030 -3.21597e-05 0
1031 -0.000169991 0
1032 5.28205e-05 -0
1033 -1.39209e-05 0
1034 1.96216e-05 -0
1035 -7.15888e-05 0
1036 2.66592e-05 -0
1037 -7.12087e-06 -0
1038 4.35087e-06 -0
1039 0.000111978 -0
1040 -3.19306e-05 -0
1041 3.29475e-05 0
1042 -1.48712e-05 -0
1043 -9.6089e-05 -0
1044 3.12909e-05 -0
1045 -5.94033e-05 0
1046 1.56654e-05 -0
1047 -8.7835e-06 -0
1048 2.62243e-06 0
1049 2.09257e-05 -0
1050 -1.66897e-05 -0
1051 6.32511e-06 0
1052 -1.86473e-05 -0
1053 5.05393e-06 0
1054 2.43634e-05 0
1055 -1.05288e-05 0
1056 9.7363e-06 0
1057 -2.80848e-06 -0
1058 -0.000625555 -0
1059 0.000221092 -0
1060 -0.000134074 0
1061 3.63967e-05 -0
1062 -9.95531e-05 -0
1063 0.000125626 -0
1064 -5.24014e-05 -0
1065 -0.000368878 -0
1066 0.000101525 -0
1067 -5.2681e-05 0
1068 0.000380897 -0
1069 -0.000125863 0
1070 -0.000519835 -0
1071 0.000150799 0
1072 -0.000115935 0
1073 0.000204394 0
1074 -5.48852e-05 -0
1075 1.98656e-05 0
1076 0.000212925 0
1077 -0.000137014 0
1078 4.28021e-05 0
1079 0.00015823 0
1080 -7.68817e-05 0
1081 2.155e-05 0
1082 -2.35394e-05 -0
1083 0.000113555 -0
1084 -3.42754e-05 0
1085 1.90907e-05 -0
1086 0.000108557 -0
1087 -2.9303e-05 0
1088 4.45089e-05 -0
1089 -1.66657e-05 0
1090 0.000190093 -0
1091 -6.42e-05 -0
1092 4.58766e-05 0
1093 -1.25501e-05 -0
1094 -5.34423e-05 0
1095 2.31597e-05 -0
1096 -4.54261e-05 -0
1097 1.47113e-05 -0
1098 -1.40602e-05 -0
1099 3.98701e-06 0
1100 6.07972e-05 -0
1101 -2.40151e-05 0
1102 8.17531e-05 0
1103 -2.20335e-05 0
1104 -7.73233e-05 0
1105 4.18513e-05 0
1106 -1.28088e-05 -0
1107 1.55344e-05 -0
1108 -7.23287e-06 0
1109 0.000193091 0
1110 -5.58542e-05 -0
1111 4.58386e-05 -0
1112 0.00021697 0
1113 -5.87896e-05 -0
1114 2.06266e-05 0
1115 -1.40474e-05 0
1116 7.85836e-05 -0
1117 -2.50229e-05 0
1118 3.50521e-05 -0
1119 -9.65654e-06 0
1120 -8.50715e-05 0
1121 3.28009e-05 -0
1122 -1.90939e-05 -0
1123 -7.17546e-05 0
1124 2.01959e-05 -0
1125 -5.35402e-05 -0
1126 2.55896e-05 -0
1127 -2.24771e-05 -0
1128 6.60579e-06 -0
1129 6.22639e-05 -0
1130 -1.70468e-05 -0
1131 7.45572e-06 -0
1132 -1.41977e-05 0
1133 5.20515e-06 0
1134 1.80266e-05 0
1135 -1.21942e-05 -0
1136 3.90548e-06 0
1137 -2.23093e-05 -0
1138 6.16634e-06 -0
1139 -6.82153e-06 -0
1140 -1.94237e-05 0
1141 1.01598e-05 -0
1142 -3.583e-06 -0
1143 1.04514e-06 -0
1144 -9.22038e-05 0
1145 0.000197286 -0
1146 -8.96657e-05 0
1147 2.48836e-05 0
1148 9.76619e-05 0
1149 -7.21604e-05 0
1150 2.35577e-05 -0
1151 -3.10315e-05 -0
1152 8.41254e-06 0
1153 5.11061e-05 -0
1154 -1.96018e-05 -0
1155 1.11185e-05 -0
1156 -9.28349e-05 -0
1157 2.82406e-05 0
1158 -2.77042e-05 -0
1159 1.13136e-05 0
1160 5.4121e-05 0
1161 -1.45853e-05 -0
1162 3.76324e-05 0
1163 -1.08672e-05 -0
1164 8.69685e-06 0
1165 -2.93125e-06 -0
1166 -3.00871e-05 0
1167 1.88896e-05 0
1168 -5.31631e-06 0
1169 -1.74408e-05 -0
1170 6.50533e-06 0
1171 -1.09354e-05 0
1172 5.84268e-06 0
1173 -1.60611e-06 -0
1174 6.30169e-06 -0
1175 -1.99224e-06 -0
1176 2.378e-06 -0
1177 8.50116e-06 0
1178 -3.76065e-06 -0
1179 1.12201e-06 0
1180 -2.109e-05 -0
1181 5.69568e-06 -0
1182 -4.91589e-06 0
1183 1.95505e-06 0
1184 1.34338e-05 0
1185 -9.12397e-06 0
1186 2.82609e-06 0
1187 -1.86313e-05 -0
1188 5.12789e-06 -0
1189 -7.4636e-06 0
1190 3.50476e-06 -0
1191 1.5408e-05 -0
1192 -5.38992e-06 -0
1193 2.96894e-06 0
1194 -8.41184e-07 -0
1195 2.46764e-06 -0
1196 8.77203e-06 -0
1197 -2.90638e-06 0
1198 2.68192e-06 0
1199 -7.26004e-07 -0
1200 5.63765e-05 -0
1201 -2.32944e-05 0
1202 1.59998e-05 0
1203 -4.64245e-06 -0
1204 8.71091e-06 0
1205 6.53169e-05 -0
1206 -2.36094e-05 0
1207 6.51049e-06 -0
1208 -6.75858e-06 0
1209 3.4344e-06 0
1210 -2.9775e-05 -0
1211 9.44339e-06 0
1212 4.68752e-05 -0
1213 -1.24913e-05 -0
1214 7.23149e-06 -0
1215 -9.4385e-06 0
1216 2.79256e-06 0
1217 4.13966e-05 -0
1218 -1.75266e-05 0
1219 3.74751e-05 0
1220 -1.01125e-05 0
1221 7.66879e-06 -0
1222 -2.57606e-06 -0
1223 -1.0505e-05 -0
1224 3.86728e-06 0
1225 -1.70661e-05 -0
1226 4.81283e-06 0
1227 -2.12988e-06 0
1228 -1.01019e-05 -0
1229 1.38989e-05 0
1230 -3.9021e-06 -0
1231 2.78826e-06 0
1232 -9.24649e-07 -0
1233 -1.44159e-06 -0
1234 4.43743e-06 -0
1235 -1.88677e-06 0
1236 5.72855e-07 0
1237 -3.08575e-07 0
1238 2.03324e-06 0
1239 -5.71629e-07 0
1240 -1.36718e-06 -0
1241 1.27457e-06 -0
1242 -4.7816e-07 -0
1243 1.0139e-05 -0
1244 -2.9106e-06 0
1245 1.55091e-06 -0
1246 -1.61353e-06 -0
1247 4.18254e-07 0
1248 -6.61781e-07 0
1249 2.38797e-07 0
1250 2.22129e-06 0
1251 -5.93034e-07 0
1252 4.70401e-07 0
1253 -1.46854e-07 -0
1254 -3.86214e-07 0
1255 3.56509e-07 -0
1256 -1.19825e-07 -0
1257 6.55949e-07 0
1258 -2.50416e-07 0
1259 5.94348e-08 0
1260 -2.40321e-08 -0
1261 2.84515e-09 -0
1262 1.06964e-05 0
1263 -3.06525e-06 0
1264 2.21243e-06 0
1265 9.72365e-06 0
1266 -4.57216e-06 0
1267 1.24796e-06 -0
1268 -2.68648e-06 -0
1269 9.1368e-07 0
1270 9.32914e-06 0
1271 -5.4786e-06 -0
1272 1.70528e-06 -0
1273 -1.68327e-06 0
1274 4.50387e-07 0
1275 -3.57928e-06 -0
1276 1.40359e-06 -0
1277 -2.04098e-06 0
1278 5.61105e-07 0
1279 4.00922e-06 0
1280 -1.98854e-06 -0
1281 5.39931e-06 0
1282 -1.69885e-06 -0
1283 1.40539e-06 -0
1284 -3.75192e-07 0
1285 -1.8984e-06 -0
1286 6.63457e-07 0
1287 -7.23918e-07 0
1288 2.09087e-07 -0
1289 -7.53659e-07 -0
1290 3.67068e-07 0
1291 -9.35987e-08 -0
1292 -3.16802e-06 0
1293 1.33249e-06 -0
1294 -8.4068e-07 -0
1295 2.51948e-07 -0
1296 -4.53668e-07 -0
1297 -2.83218e-06 -0
1298 1.06649e-06 0
1299 -2.80966e-07 0
1300 3.37905e-07 -0
1301 -9.52904e-08 0
1302 2.93638e-07 -0
1303 -1.68114e-07 0
1304 5.51581e-08 -0
1305 6.07821e-07 0
1306 -1.66748e-07 0
1307 1.30242e-07 -0
1308 5.42459e-06 0
1309 -2.76268e-06 -0
1310 9.16125e-07 -0
1311 2.83709e-06 0
1312 -7.90185e-07 0
1313 1.47606e-06 -0
1314 -6.33167e-07 0
1315 4.82102e-07 -0
1316 -1.46467e-07 -0
1317 1.21434e-06 -0
1318 -4.42532e-07 0
1319 -1.53666e-06 0
1320 4.20495e-07 0
1321 -4.34513e-07 0
1322 2.03394e-07 -0
1323 -3.00194e-06 -0
1324 8.27462e-07 0
1325 -1.68089e-06 0
1326 8.58803e-07 0
1327 -2.53346e-07 0
1328 2.37006e-07 -0
1329 -6.04361e-08 -0
1330 -8.14343e-07 0
1331 3.13011e-07 0
1332 -4.87249e-07 -0
1333 1.56151e-07 0
1334 -9.02736e-08 0
1335 -6.87402e-07 0
1336 1.86133e-07 0
1337 -6.75348e-08 0
1338 1.71477e-07 0
1339 -1.10413e-07 -0
1340 3.09253e-08 0
1341 6.48489e-07 -0
1342 -3.05798e-07 0
1343 4.07855e-07 -0
1344 -1.08869e-07 0
1345 -5.73596e-07 0
1346 1.79751e-07 -0
1347 -1.44739e-07 0
1348 6.20939e-08 0
1349 5.075e-07 0
1350 -1.41836e-07 -0
1351 5.25184e-08 -0
1352 -4.70963e-07 0
1353 4.83214e-07 0
1354 -1.40929e-07 -0
1355 -3.90679e-07 -0
1356 2.18146e-07 -0
1357 -6.84851e-08 -0
1358 1.34462e-06 -0
1359 -5.30385e-07 -0
1360 5.78788e-07 -0
1361 -1.50866e-07 0
1362 2.53311e-07 0
1363 -1.65546e-07 0
1364 4.60408e-08 -0
1365 8.3289e-07 -0
1366 -3.07789e-07 -0
1367 1.65536e-07 0
1368 -4.43433e-08 0
1369 -2.28989e-07 0
1370 7.53725e-08 -0
1371 -1.28817e-07 -0
1372 7.91914e-08 0
1373 -2.17802e-08 -0
1374 4.03881e-08 0
1375 -1.52079e-08 -0
1376 3.50065e-09 -0
1377 6.89103e-08 -0
1378 -6.21426e-08 -0
1379 1.82768e-08 -0
1380 -6.18927e-09 0
1381 -4.39465e-06 0
1382 6.63563e-06 0
1383 -1.79968e-06 0
1384 1.06686e-06 -0
1385 -3.24269e-06 -0
1386 1.05527e-06 0
1387 4.41807e-06 0
1388 -1.89433e-06 0
1389 1.6929e-06 -0
1390 -4.96799e-07 0
1391 -5.9694e-06 0
1392 1.60166e-06 0
1393 -8.09404e-07 0
1394 3.47497e-06 -0
1395 -1.3708e-06 0
1396 1.0706e-06 0
1397 -2.97901e-07 0
1398 -1.12043e-06 0
1399 3.88905e-07 -0
1400 -6.26519e-07 -0
1401 1.88459e-07 0
1402 9.92769e-07 0
1403 -7.14594e-07 0
1404 1.95453e-07 -0
1405 -3.02553e-06 0
1406 1.34449e-06 -0
1407 -2.93636e-06 0
1408 8.35678e-07 -0
1409 -3.09357e-07 -0
1410 -2.45989e-06 0
1411 2.48961e-06 -0
1412 -7.9993e-07 0
1413 4.17272e-07 0
1414 -2.50796e-06 -0
1415 6.75801e-07 -0
1416 -4.29478e-07 -0
1417 -1.70975e-06 0
1418 5.27627e-07 0
1419 -6.35607e-07 0
1420 2.59037e-07 0
1421 -7.15149e-08 0
1422 -1.55513e-06 0
1423 2.97637e-06 0
1424 -1.06816e-06 -0
1425 5.93008e-07 -0
1426 -1.72531e-07 -0
1427 -6.79321e-07 -0
1428 5.96428e-07 0
1429 -1.61128e-07 0
1430 5.69279e-07 0
1431 -2.68782e-07 -0
1432 9.04385e-08 0
1433 4.54937e-07 0
1434 -6.4534e-07 -0
1435 1.8224e-07 0
1436 6.17529e-07 -0
1437 -1.89092e-07 -0
1438 1.29552e-07 0
1439 -5.09186e-08 0
1440 1.44403e-07 0
1441 -3.98579e-08 0
1442 -3.01193e-07 0
1443 2.98817e-07 0
1444 -1.49115e-07 -0
1445 4.79599e-08 0
1446 -5.69342e-07 -0
1447 1.54242e-07 -0
1448 -9.56022e-08 0
1449 -3.94533e-07 0
1450 1.36919e-07 0
1451 -1.53993e-07 0
1452 4.55041e-08 -0
1453 -1.96714e-08 -0
1454 5.86046e-07 0
1455 -4.71899e-07 -0
1456 1.28896e-07 0
1457 4.48746e-07 0
1458 -1.70241e-07 -0
1459 3.12221e-07 0
1460 -9.00532e-08 0
1461 4.63439e-07 0
1462 -2.71005e-07 -0
1463 8.93499e-08 0
1464 6.52425e-07 0
1465 -2.99477e-07 -0
1466 8.11285e-08 0
1467 -1.20274e-07 -0
1468 -4.49583e-07 0
1469 1.35411e-07 -0
1470 -9.98992e-08 -0
1471 3.64538e-08 -0
1472 -9.69943e-08 0
1473 2.72241e-08 -0
1474 -1.46847e-08 -0
1475 1.16162e-06 -0
1476 -4.65264e-07 0
1477 4.51972e-07 0
1478 -1.20945e-07 0
1479 -8.45095e-07 0
1480 2.62142e-07 0
1481 -1.03036e-06 -0
1482 5.07655e-07 -0
1483 1.99329e-06 -0
1484 -5.60254e-07 0
1485 6.82637e-07 0
1486 -2.3793e-07 -0
1487 1.94444e-07 -0
1488 -5.24726e-08 -0
1489 -2.42292e-07 0
1490 1.00336e-07 0
1491 -2.28086e-07 -0
1492 6.70646e-08 0
1493 -7.55131e-07 -0
1494 4.65606e-07 0
1495 -1.50254e-07 -0
1496 4.11832e-08 0
1497 -6.79176e-08 -0
1498 3.77041e-08 0
1499 2.91882e-07 0
1500 -1.10463e-07 -0
1501 2.96211e-08 0
1502 -1.58886e-07 0
1503 1.08771e-07 0
1504 4.80299e-07 -0
1505 -1.46534e-07 -0
1506 6.40215e-08 -0
1507 -7.31821e-08 -0
1508 2.06774e-08 0
1509 5.29395e-07 0
1510 -1.7493e-07 0
1511 1.59494e-07 0
1512 -8.10495e-08 0
1513 -3.01845e-07 0
1514 8.23267e-08 -0
1515 -1.68597e-07 0
1516 5.79302e-08 -0
1517 -2.00524e-07 -0
1518 5.55662e-08 0
1519 -4.23636e-08 -0
1520 -2.09334e-07 0
1521 7.71639e-08 -0
1522 -3.66754e-08 -0
1523 1.08933e-08 0
1524 -1.42163e-08 0
1525 -1.29272e-07 -0
1526 3.48093e-08 0
1527 -2.23941e-08 -0
1528 1.59955e-07 -0
1529 -5.091e-08 0
1530 2.02346e-08 0
1531 7.89834e-08 0
1532 -2.27852e-08 0
1533 2.38667e-08 0
1534 -1.07416e-08 -0
1535 9.3894e-08 0
1536 -2.46007e-08 0
1537 3.08337e-08 -0
1538 -1.6054e-08 -0
1539 5.33324e-09 -0
1540 -7.64235e-09 -0
1541 1.90179e-09 -0
1542 3.1497e-08 -0
1543 -9.12448e-09 -0
1544 7.01743e-09 0
1545 -2.77489e-09 0
1546 -1.70662e-08 -0
1547 4.4518e-09 0
1548 1.34055e-09 -0
1549 -1.91168e-09 0
1550 9.06639e-10 0
1551 -1.03762e-09 -0
1552 3.48184e-10 0
1553 -2.08485e-08 0
1554 2.51431e-08 0
1555 -7.5526e-09 -0
1556 1.13661e-08 0
1557 -4.18336e-09 -0
1558 -3.23165e-08 0
1559 8.87347e-09 -0
1560 -4.97244e-09 0
1561 1.15417e-08 -0
1562 -2.98008e-09 0
1563 2.72187e-09 0
1564 -9.05567e-10 -0
1565 -6.94957e-08 -0
1566 3.29161e-08 0
1567 -9.30279e-09 -0
1568 -3.81564e-08 -0
1569 3.03739e-08 0
1570 -9.82681e-09 -0
1571 -2.76931e-08 0
1572 7.66032e-09 -0
1573 -8.0001e-09 0
1574 4.56199e-09 -0
1575 -1.54615e-08 -0
1576 4.51266e-09 -0
1577 -1.78444e-09 -0
1578 1.98382e-08 -0
1579 -1.17938e-08 0
1580 3.08371e-09 0
1581 1.91944e-08 0
1582 -6.29038e-09 -0
1583 1.56875e-08 -0
1584 -6.90619e-09 -0
1585 1.97476e-09 0
1586 -2.01009e-09 0
1587 1.11777e-09 -0
1588 -2.717e-10 0
1589 7.92075e-11 0
1590 1.03156e-08 0
1591 -2.73343e-09 0
1592 3.09394e-09 0
1593 -1.10792e-09 -0
1594 -8.21429e-09 0
1595 2.16004e-09 -0
1596 -4.053e-09 -0
1597 1.72664e-09 0
1598 1.29958e-07 0
1599 -4.2822e-08 -0
1600 2.96146e-08 -0
1601 -8.25201e-09 -0
1602 -2.74744e-08 0
1603 2.7994e-08 0
1604 -8.26757e-09 -0
1605 6.208e-08 -0
1606 -3.30097e-08 0
1607 1.16608e-08 0
1608 6.31531e-08 -0
1609 -1.81241e-08 -0
1610 1.45873e-08 -0
1611 -5.96527e-09 0
1612 2.03676e-08 0
1613 -5.549e-09 -0
1614 8.55179e-09 -0
1615 -5.06676e-09 0
1616 -1.81183e-08 -0
1617 5.84549e-09 0
1618 -1.79135e-09 0
1619 2.07301e-08 -0
1620 -1.00551e-08 -0
1621 2.7142e-09 -0
1622 -3.29535e-09 -0
1623 -1.63053e-08 0
1624 5.97154e-09 -0
1625 -3.79745e-09 0
1626 1.05998e-09 -0
1627 -5.48168e-11 0
1628 -3.51945e-09 -0
1629 1.87388e-09 0
1630 -7.13407e-10 -0
1631 2.2686e-09 -0
1632 -5.28879e-10 0
1633 1.84719e-10 -0
1634 5.77948e-09 -0
1635 -1.85541e-09 0
1636 1.04181e-09 -0
1637 -9.85556e-10 0
1638 2.77012e-10 -0
1639 -1.20342e-09 -0
1640 3.97561e-10 0
1641 -3.56567e-11 -0
1642 -2.13404e-11 0
1643 4.65812e-11 -0
1644 -7.15215e-10 -0
1645 2.00934e-10 0
1646 -1.20999e-10 -0
1647 -1.85403e-08 -0
1648 5.27235e-09 -0
1649 -2.2056e-09 -0
1650 3.17325e-09 0
1651 1.11816e-08 0
1652 -3.06984e-09 -0
1653 2.3777e-09 -0
1654 -8.39553e-10 0
1655 1.97023e-09 0
1656 -9.12724e-10 0
1657 -2.03275e-09 0
1658 6.10249e-10 -0
1659 -4.43112e-10 0
1660 1.56674e-10 0
1661 -2.72758e-11 -0
1662 -2.6012e-09 -0
1663 8.08338e-10 -0
1664 -3.21844e-10 0
1665 4.35369e-10 0
1666 -3.37449e-10 -0
1667 1.0688e-10 -0
1668 7.39573e-11 0
1669 -5.53624e-11 -0
1670 2.70454e-09 -0
1671 -7.46652e-10 0
1672 1.41345e-09 -0
1673 -4.09847e-10 0
1674 1.679e-10 -0
1675 -2.67453e-08 -0
1676 1.44254e-08 0
1677 6.28401e-08 -0
1678 -2.11113e-08 -0
1679 5.77266e-09 -0
1680 -5.46284e-09 -0
1681 1.54209e-08 0
1682 -4.71802e-09 0
1683 2.03664e-09 0
1684 1.64812e-08 -0
1685 -4.41192e-09 0
1686 2.90208e-09 0
1687 -4.0042e-09 0
1688 1.41033e-09 0
1689 -1.36996e-08 -0
1690 3.99297e-09 0
1691 1.69791e-08 0
1692 -8.59044e-09 0
1693 7.38819e-09 0
1694 -2.05944e-09 -0
1695 4.97311e-09 -0
1696 -1.84817e-09 0
1697 4.95658e-10 -0
1698 2.87932e-09 -0
1699 -2.17131e-09 0
1700 7.07531e-10 0
1701 -3.33033e-09 0
1702 1.36038e-09 -0
1703 -1.52687e-09 0
1704 4.13555e-10 0
1705 5.31163e-09 -0
1706 -3.20811e-09 -0
1707 1.01105e-09 0
1708 4.67627e-09 0
1709 -1.32635e-09 -0
1710 2.43076e-09 -0
1711 -1.10438e-09 0
1712 2.94706e-10 0
1713 -2.57496e-09 -0
1714 2.40618e-09 0
1715 -8.95914e-10 0
1716 2.60859e-10 -0
1717 1.37156e-09 0
1718 -7.00915e-10 0
1719 1.82005e-09 -0
1720 -6.10042e-10 0
1721 1.63745e-10 -0
1722 -1.07579e-10 0
1723 -4.73196e-09 -0
1724 2.29997e-09 -0
1725 -3.71844e-09 -0
1726 9.97472e-10 -0
1727 -3.0435e-10 0
1728 -1.7379e-09 -0
1729 1.4146e-09 -0
1730 -5.91603e-10 -0
1731 3.33322e-09 -0
1732 -9.6901e-10 0
1733 1.11523e-09 -0
1734 -2.94796e-10 -0
1735 1.62436e-10 0
1736 1.38042e-09 0
1737 -4.54161e-10 0
1738 9.35183e-10 -0
1739 -3.29259e-10 -0
1740 2.04901e-10 -0
1741 -5.62881e-11 0
1742 -2.65579e-10 0
1743 1.16064e-10 -0
1744 -1.62543e-10 0
1745 4.29554e-11 -0
1746 1.96845e-09 0
1747 -6.28509e-10 0
1748 5.63707e-10 -0
1749 -1.63055e-10 -0
1750 6.98021e-10 0
1751 -2.76454e-10 0
1752 -1.26708e-09 -0
1753 3.4535e-10 -0
1754 -1.8944e-10 0
1755 -1.74357e-09 0
1756 2.26022e-09 -0
1757 -7.02635e-10 0
1758 3.32167e-10 0
1759 -1.02635e-09 -0
1760 2.89375e-10 -0
1761 -2.272e-10 0
1762 8.41339e-11 0
1763 6.887e-10 -0
1764 -1.91117e-10 -0
1765 5.20175e-10 -0
1766 -3.48879e-10 0
1767 -8.59909e-10 0
1768 3.10261e-10 -0
1769 -8.74444e-11 0
1770 1.00226e-10 -0
1771 -3.17237e-11 -0
1772 -5.8631e-11 -0
1773 2.62044e-11 0
1774 -5.08159e-10 0
1775 1.50826e-10 -0
1776 -1.17988e-10 -0
1777 6.39603e-11 0
1778 -2.74111e-11 0
1779 2.5233e-12 -0
1780 2.05209e-11 -0
1781 -9.92712e-12 -0
1782 6.85748e-11 -0
1783 -2.38074e-11 0
1784 -2.16706e-11 -0
1785 8.15609e-12 -0
1786 -3.58065e-12 -0
1787 5.41345e-10 0
1788 -3.31149e-10 0
1789 5.98427e-10 0
1790 -1.80989e-10 -0
1791 -7.41369e-10 0
1792 3.58885e-10 -0
1793 -1.03401e-10 -0
1794 7.44082e-11 -0
1795 2.11078e-10 0
1796 -5.85661e-11 -0
1797 6.07845e-11 -0
1798 -2.39348e-11 0
1799 1.25256e-10 0
1800 -4.09022e-11 -0
1801 6.54496e-11 -0
1802 -1.90868e-11 -0
1803 -5.60702e-11 0
1804 2.91496e-11 -0
1805 -1.22354e-11 0
1806 8.01483e-10 0
1807 -2.19388e-10 0
1808 1.89543e-10 0
1809 -6.40887e-11 0
1810 1.19702e-10 -0
1811 5.23273e-10 -0
1812 -1.58733e-10 0
1813 9.06795e-11 -0
1814 -2.53728e-11 0
1815 -2.26203e-10 -0
1816 1.0095e-10 0
1817 -1.2808e-10 -0
1818 3.48111e-11 -0
1819 -2.32245e-10 0
1820 8.22094e-11 0
1821 -6.49353e-11 -0
1822 -3.55587e-10 -0
1823 1.05173e-10 -0
1824 -2.82758e-10 0
1825 1.78844e-10 -0
1826 -5.66992e-11 -0
1827 -1.91081e-10 -0
1828 5.17069e-11 -0
1829 -2.57297e-11 -0
1830 2.75279e-11 0
1831 -1.08448e-11 -0
1832 1.51986e-10 0
1833 -4.17782e-11 0
1834 8.56789e-11 -0
1835 -2.84849e-11 -0
1836 -1.10688e-10 0
1837 5.99854e-11 -0
1838 -1.71747e-11 -0
1839 1.21894e-11 -0
1840 -1.18754e-10 0
1841 4.15216e-11 0
1842 -4.72772e-11 -0
1843 1.22735e-11 0
1844 1.31151e-10 -0
1845 -5.46049e-11 0
1846 1.63015e-11 -0
1847 -3.74398e-11 -0
1848 2.74188e-11 -0
1849 -7.31406e-12 -0
1850 -1.47167e-10 0
1851 6.52425e-11 0
1852 -6.73218e-11 0
1853 1.94497e-11 -0
1854 9.26492e-11 0
1855 -3.1294e-11 -0
1856 1.98236e-11 0
1857 -5.2298e-12 -0
1858 1.76344e-11 0
1859 -6.54408e-12 0
1860 8.95121e-12 0
1861 -2.79539e-12 -0
1862 -1.84227e-11 0
1863 9.00364e-12 -0
1864 -2.4349e-12 -0
1865 8.39709e-12 0
1866 -6.37511e-12 -0
1867 1.74756e-12 -0
1868 1.32445e-10 0
1869 -5.40283e-11 -0
1870 1.43637e-11 -0
1871 -2.92296e-11 -0
1872 1.64888e-11 -0
1873 8.12325e-11 -0
1874 -2.49145e-11 -0
1875 1.80201e-11 -0
1876 -6.4039e-12 0
1877 7.7743e-12 0
1878 -2.16602e-12 -0
1879 7.31298e-12 0
1880 -3.06578e-12 0
1881 7.72444e-13 0
1882 9.60576e-12 -0
1883 -1.84152e-11 -0
1884 5.21623e-12 -0
1885 -2.57102e-12 0
1886 1.98355e-12 -0
1887 -6.14399e-13 -0
1888 -1.499e-11 -0
1889 3.91947e-12 -0
1890 -1.51726e-12 0
1891 -8.0646e-12 -0
1892 4.6947e-12 0
1893 -7.28431e-12 -0
1894 1.98964e-12 0
1895 2.73639e-10 -0
1896 -8.92199e-11 0
1897 3.99043e-11 -0
1898 -4.35229e-11 -0
1899 1.17681e-11 -0
1900 -4.71563e-11 0
1901 1.74688e-11 0
1902 -1.26721e-11 0
1903 -6.49124e-11 -0
1904 1.87485e-11 0
1905 -4.01415e-11 0
1906 1.27387e-11 0
1907 -6.74801e-12 -0
1908 -6.30756e-11 -0
1909 1.71821e-11 0
1910 -1.50018e-11 -0
1911 -5.31624e-11 -0
1912 1.62608e-11 -0
1913 -6.98251e-12 0
1914 7.19877e-11 0
1915 -2.51706e-11 0
1916 3.00217e-11 -0
1917 -8.27649e-12 -0
1918 5.60736e-12 0
1919 2.30076e-11 0
1920 -6.73772e-12 0
1921 3.6079e-11 0
1922 -1.74626e-11 -0
1923 4.70078e-12 -0
1924 -7.4229e-12 -0
1925 2.48084e-12 0
1926 3.45846e-11 -0
1927 -1.44486e-11 -0
1928 9.44189e-12 0
1929 -2.65079e-12 -0
1930 7.72944e-12 -0
1931 2.65351e-11 -0
1932 -1.01567e-11 -0
1933 9.73606e-12 0
1934 -2.91983e-12 -0
1935 -1.48432e-11 -0
1936 7.87131e-12 0
1937 -2.26649e-12 -0
1938 3.20057e-12 0
1939 -1.27087e-11 -0
1940 3.47518e-12 0
1941 -2.12254e-12 -0
1942 -8.18284e-12 0
1943 2.59611e-12 -0
1944 -1.0548e-12 -0
1945 9.0477e-13 0
1946 -3.33824e-11 0
1947 8.99415e-12 -0
1948 -3.21687e-12 0
1949 -1.15007e-11 -0
1950 5.23543e-12 -0
1951 -1.09562e-11 -0
1952 3.14954e-12 -0
1953 -3.24806e-12 0
1954 8.91548e-13 -0
1955 4.9381e-12 -0
1956 -3.80922e-12 -0
1957 1.22947e-12 -0
1958 -8.39893e-12 0
1959 4.60265e-12 -0
1960 -1.39688e-12 -0
1961 2.03378e-12 -0
1962 -7.42183e-13 0
1963 -5.92959e-12 0
1964 1.60325e-12 0
1965 -4.00057e-12 0
1966 1.7632e-12 0
1967 6.12057e-12 0
1968 -1.73139e-12 -0
1969 1.22483e-12 -0
1970 -4.20748e-13 -0
1971 1.81781e-11 0
1972 -8.93753e-12 -0
1973 1.09534e-11 0
1974 -2.93264e-12 0
1975 -1.36315e-11 -0
1976 4.2083e-12 -0
1977 -2.42306e-12 -0
1978 1.01232e-11 -0
1979 -3.85798e-12 -0
1980 1.06098e-12 0
1981 -1.78941e-12 0
1982 -3.05103e-11 -0
1983 1.00606e-11 0
1984 -7.89901e-12 0
1985 2.28955e-12 0
1986 9.13248e-12 -0
1987 -4.25278e-12 0
1988 4.23578e-12 -0
1989 -1.15442e-12 -0
1990 1.44935e-11 -0
1991 -6.09918e-12 -0
1992 3.7526e-12 0
1993 -1.12037e-12 -0
1994 -6.49068e-12 0
1995 1.99271e-11 0
1996 -7.00887e-12 -0
1997 1.95456e-12 0
1998 -2.22953e-12 0
1999 9.0206e-13 0
2000 3.82684e-12 -0
2001 -1.03169e-12 0
2002 6.69727e-13 0
2003 2.47513e-12 -0
2004 -8.4537e-13 0
2005 2.28857e-12 0
2006 -1.30074e-12 -0
2007 3.89379e-13 -0
2008 -7.17238e-13 -0
2009 2.00808e-13 0
2010 -3.78918e-14 -0
2011 -1.25797e-15 0
2012 6.11588e-13 -0
2013 -5.52674e-13 -0
2014 1.57198e-13 0
2015 2.80095e-12 0
2016 -8.07523e-13 -0
2017 4.17989e-13 -0
2018 -3.48314e-13 0
2019 1.0678e-13 -0
2020 -4.24633e-13 0
2021 1.72688e-13 0
2022 4.30406e-13 0
2023 -2.70802e-13 0
2024 8.77342e-14 -0
2025 -1.54965e-12 0
2026 4.03288e-13 -0
2027 -3.6417e-13 -0
2028 1.45437e-13 0
2029 9.68845e-13 -0
2030 -2.65125e-13 -0
2031 4.46206e-13 -0
2032 -1.4695e-13 0
2033 1.0718e-13 -0
2034 2.18461e-12 0
2035 -6.22868e-13 0
2036 3.29962e-13 0
2037 -5.08956e-13 0
2038 1.7057e-13 -0
2039 4.57937e-13 -0
2040 -1.27782e-13 0
2041 9.24085e-14 0
2042 -6.4458e-13 -0
2043 1.98414e-13 0
2044 -9.20674e-14 0
2045 5.26036e-12 0
2046 -1.90168e-12 0
2047 2.89092e-12 0
