0 0 0
1 -0 -0
2 -0 0
3 0 -0
4 -0 0
5 1.61212e-15 -0
6 -4.71585e-16 0
7 2.05957e-16 0
8 -1.98972e-16 0
9 -9.59116e-16 -0
10 2.67623e-16 0
11 -1.01475e-16 -0
12 4.0075e-16 0
13 -2.93249e-16 0
14 9.08393e-17 0
15 3.23862e-16 -0
16 -1.61866e-16 0
17 4.44058e-17 0
18 -5.87586e-17 -0
19 -5.58217e-16 -0
20 1.97787e-16 -0
21 -5.64522e-17 0
22 1.48574e-16 -0
23 -8.08289e-17 0
24 6.77034e-17 -0
25 -2.16783e-17 -0
26 -7.06465e-17 0
27 2.87172e-17 -0
28 -2.51333e-16 -0
29 6.85459e-17 0
30 -7.76006e-17 0
31 2.32947e-17 -0
32 1.44129e-16 -0
33 -6.70735e-17 -0
34 4.42397e-17 -0
35 -1.22385e-17 0
36 -4.89666e-17 0
37 7.77724e-17 0
38 -2.84333e-17 -0
39 1.58235e-16 -0
40 -4.56908e-17 -0
41 1.566e-17 -0
42 -1.38417e-09 0
43 1.03853e-09 -0
44 -4.27756e-10 0
45 -1.61842e-09 -0
46 4.49394e-10 0
47 -8.93165e-10 0
48 4.53567e-10 -0
49 -1.36172e-10 -0
50 1.34797e-10 0
51 -3.61726e-11 0
52 3.40041e-10 -0
53 -1.30547e-10 0
54 -5.39799e-10 0
55 3.27109e-10 -0
56 -1.049e-10 -0
57 2.85464e-10 -0
58 -7.74961e-11 -0
59 1.03683e-10 0
60 -4.85855e-11 -0
61 -2.75191e-10 0
62 8.02742e-11 0
63 -6.86138e-11 0
64 2.12658e-11 0
65 2.59678e-10 -0
66 -1.43561e-10 -0
67 3.86976e-11 0
68 -6.18391e-11 0
69 2.25707e-11 0
70 8.43504e-11 0
71 -3.70406e-11 0
72 1.03475e-11 0
73 -5.22323e-11 0
74 3.50524e-11 -0
75 -1.19832e-11 -0
76 -8.98941e-11 0
77 1.02693e-10 0
78 -2.81263e-11 0
79 -2.21248 0
80 0.873955 0
81 -0.262317 -0
82 -1.08969 -0
83 0.861924 0
84 -0.232747 0
85 0.528865 0
86 -0.173034 0
87 0.087203 -0
88 -0.355653 0
89 0.102554 -0
90 -0.0647543 0
91 -0.23549 0
92 0.0997615 -0
93 -0.0976015 0
94 0.027164 -0
95 0.503122 -0
96 -0.179245 -0
97 1.6751 0
98 -0.519062 -0
99 0.284905 -0
100 -0.413435 0
101 0.111837 0
102 0.390659 0
103 -0.149034 -0
104 0.110112 -0
105 -0.297221 0
106 0.0846674 0
107 0.397306 0
108 -0.133186 -0
109 0.0602346 -0
110 -0.0736719 0
111 0.0200327 -0
112 -0.386518 0
113 0.231668 0
114 -0.068501 0
115 -0.56051 -0
116 0.506577 0
117 -0.162196 0
118 0.314684 0
119 -0.128716 0
120 -0.493511 0
121 0.135225 0
122 -0.0653438 -0
123 0.212416 -0
124 -0.0620216 0
125 0.0413932 0
126 0.140484 0
127 -0.0488784 -0
128 0.0518046 -0
129 -0.0140437 0
130 -0.0824096 0
131 0.025132 -0
132 -0.013206 -0
133 0.0211198 0
134 -0.00592454 -0
135 -0.147453 0
136 0.0548339 -0
137 -0.0463302 -0
138 0.206587 -0
139 -0.090419 -0
140 0.0244096 0
141 0.104707 -0
142 -0.0329829 -0
143 0.0189187 0
144 -0.153401 -0
145 0.0424025 -0
146 -0.0563105 -0
147 0.0220404 0
148 0.236679 0
149 -0.165875 0
150 0.0552469 0
151 0.19474 -0
152 -0.0550053 -0
153 0.0256955 -0
154 -0.0559994 -0
155 0.0152805 -0
156 -0.0173401 0
157 -0.0901645 0
158 0.0323816 -0
159 -0.00968183 0
160 0.248739 -0
161 -0.187135 -0
162 0.077225 -0
163 -0.0223391 -0
164 -0.0900329 0
165 0.157152 -0
166 -0.051108 0
167 0.0277286 -0
168 -0.00749636 -0
169 0.0231309 -0
170 0.079216 0
171 -0.0730773 -0
172 0.0250034 -0
173 -0.00694373 -0
174 0.0042201 0
175 0.0287266 0
176 -0.0140265 -0
177 0.0748902 0
178 -0.0231067 0
179 0.00874986 -0
180 0.658892 0
181 -0.181353 0
182 0.188272 0
183 -0.0805535 0
184 -0.295511 0
185 0.08446 0
186 -0.0680704 0
187 0.175449 -0
188 -0.0533028 0
189 0.0350696 -0
190 0.51118 0
191 -0.138125 0
192 0.050461 0
193 -0.0751345 -0
194 0.0382889 0
195 0.174197 -0
196 -0.0510526 -0
197 0.557217 0
198 -0.222371 0
199 0.0604325 -0
200 -0.0756312 -0
201 -0.26114 -0
202 0.0840187 0
203 -0.0477088 -0
204 0.182186 -0
205 -0.050851 0
206 0.043748 0
207 -0.0196236 -0
208 0.0394512 0
209 -0.0133183 0
210 -0.0708913 -0
211 0.020144 0
212 -0.0139534 0
213 1.11102 0
214 -0.392838 -0
215 0.107529 0
216 0.363714 0
217 -0.350037 -0
218 0.109831 0
219 -0.0509254 -0
220 0.327299 -0
221 -0.0885973 0
222 0.165989 0
223 -0.0638767 0
224 -0.24145 0
225 0.0716424 -0
226 -0.0447311 0
227 -0.386662 -0
228 0.201313 -0
229 -0.232783 -0
230 0.0669313 0
231 -0.0220279 -0
232 0.0619787 0
233 -0.0260323 0
234 -0.109559 -0
235 0.0298716 -0
236 -0.0232383 -0
237 0.355109 0
238 -0.107038 -0
239 0.145416 -0
240 -0.0696061 0
241 0.0187919 0
242 0.122327 0
243 -0.0423875 0
244 0.0308489 0
245 0.11074 0
246 -0.0312198 0
247 0.0738092 -0
248 -0.0299334 0
249 0.0173867 -0
250 -0.0055014 -0
251 -0.0635312 -0
252 0.0686246 -0
253 -0.0189089 -0
254 0.0648328 0
255 -0.0237868 -0
256 -0.0807256 0
257 0.0235059 0
258 -0.0209043 0
259 0.0104261 0
260 -0.0028285 0
261 0.00443246 -0
262 0.021306 0
263 -0.00939039 0
264 0.00292148 -0
265 -0.0148928 0
266 0.00953748 0
267 -0.00264573 0
268 -0.0778003 -0
269 0.0278354 0
270 0.107846 0
271 -0.059834 0
272 0.017644 0
273 -0.0301396 -0
274 0.030073 -0
275 -0.00812658 0
276 0.00316736 0
277 -0.0276558 -0
278 0.00924317 0
279 0.0708846 0
280 -0.0589681 -0
281 0.0165212 0
282 -0.00753536 0
283 -0.0258083 0
284 0.00790182 0
285 -0.0112106 -0
286 0.00757156 0
287 -0.00207753 -0
288 0.00886814 -0
289 -0.00331499 -0
290 -0.0144612 -0
291 0.0076817 0
292 -0.00245083 -0
293 0.371191 0
294 -0.101014 -0
295 0.121265 -0
296 -0.0526702 0
297 -0.300386 -0
298 0.0859561 -0
299 -0.176374 -0
300 0.104661 0
301 -0.0356832 0
302 -0.126411 0
303 0.0342484 0
304 -0.0243149 0
305 0.411713 -0
306 -0.163457 -0
307 0.048778 0
308 -0.128356 0
309 0.0418677 0
310 0.688773 -0
311 -0.642064 0
312 0.178927 -0
313 -0.0842664 -0
314 -0.343812 -0
315 0.120219 -0
316 -0.156583 0
317 0.0422765 0
318 -0.284663 0
319 0.215974 0
320 -0.0625824 -0
321 0.0259392 -0
322 0.0949319 0
323 -0.169226 -0
324 0.0478733 0
325 -0.0247716 0
326 -0.245804 -0
327 0.0893491 -0
328 -0.0997001 0
329 0.0272319 -0
330 -0.100468 0
331 0.062267 -0
332 -0.0189502 -0
333 -0.0959394 -0
334 0.0367495 0
335 0.125469 -0
336 -0.0404637 0
337 0.0323015 0
338 -0.00891983 0
339 0.019867 0
340 -0.00975091 -0
341 -0.503612 0
342 0.136216 0
343 -0.0579978 -0
344 0.094677 0
345 -0.0292811 0
346 -0.177169 -0
347 0.0999912 -0
348 -0.0292523 -0
349 0.0300438 -0
350 0.10427 -0
351 -0.0358295 0
352 0.113636 -0
353 -0.0319341 0
354 0.021156 -0
355 -0.287867 0
356 0.117236 -0
357 -0.0318419 0
358 0.0271538 -0
359 0.107775 0
360 -0.0357712 -0
361 0.0193044 -0
362 -0.0900256 -0
363 0.0270812 -0
364 0.191042 -0
365 -0.0525247 -0
366 0.0234508 -0
367 -0.0296585 0
368 0.0109833 0
369 0.0371234 -0
370 -0.0106899 0
371 0.00784162 -0
372 -0.0189371 0
373 0.00511255 0
374 -0.159513 0
375 0.0962777 -0
376 -0.0341564 0
377 0.0325576 0
378 -0.0102355 0
379 -0.0473509 0
380 0.0227726 0
381 -0.00647856 0
382 0.0393868 -0
383 -0.0592908 -0
384 0.0233176 0
385 0.316631 0
386 -0.0876294 0
387 -0.328921 -0
388 0.110689 0
389 -0.0704313 0
390 0.0208626 -0
391 -0.039802 -0
392 0.019961 -0
393 -0.00540169 -0
394 -0.113267 0
395 0.101565 0
396 -0.0383185 -0
397 0.115015 -0
398 -0.0366103 0
399 -0.128181 -0
400 0.0349664 0
401 -0.0374284 0
402 0.0171405 -0
403 -0.131111 -0
404 0.0366322 -0
405 -0.0252024 0
406 -0.10894 0
407 0.0334166 -0
408 -0.0140924 -0
409 0.0197619 -0
410 -0.0114097 0
411 -0.0902447 0
412 0.0243765 -0
413 -0.00800171 -0
414 0.00627458 -0
415 -0.0247901 0
416 0.00727674 0
417 0.0262426 0
418 -0.00946457 -0
419 0.0112569 0
420 -0.00308317 0
421 0.0016291 -0
422 0.00856503 -0
423 -0.0034332 0
424 0.00734286 -0
425 -0.00209526 0
426 0.108191 0
427 -0.0337301 -0
428 0.0274403 0
429 0.0931582 0
430 -0.0400587 -0
431 0.0108889 -0
432 -0.109723 -0
433 0.0386422 0
434 -0.038176 -0
435 0.0210615 -0
436 -0.00608318 0
437 -0.0389164 0
438 0.0656245 0
439 -0.0182443 -0
440 0.00855749 -0
441 0.0330217 -0
442 -0.011182 -0
443 0.00788928 -0
444 -0.021748 -0
445 0.00656831 -0
446 -0.00177535 -0
447 -0.0182715 0
448 0.00705718 0
449 -0.00947434 -0
450 0.00618148 0
451 -0.0343325 -0
452 0.0111335 -0
453 -0.0031415 -0
454 -0.0108513 0
455 0.00550041 -0
456 -0.0047726 0
457 0.00129346 -0
458 0.00128672 0
459 -0.000744999 0
460 0.00876375 0
461 -0.00237717 0
462 0.00174085 0
463 -0.000508709 -0
464 7.07783e-05 -0
465 0.000316738 -0
466 -0.000113072 0
467 0.00119096 0
468 -0.000455015 0
469 -0.000457086 0
470 0.00018283 -0
471 -0.000231363 0
472 8.5733e-05 0
473 -0.0187292 -0
474 0.00722796 -0
475 -0.0118703 -0
476 0.00326485 0
477 0.0103954 0
478 -0.00515838 -0
479 0.00148122 0
480 0.00788666 -0
481 -0.0077041 -0
482 0.00260176 -0
483 -0.0076599 0
484 0.00485136 0
485 -0.0013295 -0
486 -0.00507145 0
487 0.00229243 0
488 -0.000723365 0
489 -0.0017846 -0
490 0.00208557 0
491 -0.000798209 0
492 0.000225777 -0
493 -0.00517446 -0
494 0.00288943 0
495 -0.0148209 -0
496 0.00448597 0
497 -0.00577521 -0
498 0.0023628 -0
499 0.0127848 -0
500 -0.00381067 0
501 0.00322994 0
502 0.00661204 -0
503 -0.00243936 -0
504 0.00069678 -0
505 -0.0017158 -0
506 0.000939755 0
507 0.00173445 0
508 -0.00061359 0
509 0.000491853 -0
510 -0.0001472 -0
511 0.00051675 -0
512 -0.00022931 0
513 4.95058e-06 0
514 1.57945e-05 0
515 -5.70011e-05 -0
516 2.74064e-05 -0
517 -0.00117685 0
518 0.000357941 0
519 -0.000593515 0
520 0.000285897 -0
521 0.00067272 -0
522 -0.000193312 -0
523 0.000118299 -0
524 -0.0162947 0
525 0.00488533 0
526 -0.00473331 -0
527 0.014404 -0
528 -0.00385411 0
529 0.00142013 -0
530 0.00671487 -0
531 -0.00421838 -0
532 0.00139807 0
533 0.00841938 -0
534 -0.00410548 -0
535 0.00127137 -0
536 -0.00193918 -0
537 0.000540507 0
538 0.00968109 -0
539 -0.00685922 0
540 0.00299737 0
541 -0.000803357 -0
542 0.00212623 -0
543 -0.00224579 -0
544 0.000789864 -0
545 0.00336516 -0
546 -0.000973218 -0
547 0.00434965 0
548 -0.00170091 -0
549 0.000892275 -0
550 -0.000243465 0
551 -0.00174672 -0
552 0.0022109 -0
553 -0.000700008 0
554 0.000601312 -0
555 0.00232905 -0
556 -0.000643685 -0
557 0.000302534 0
558 -0.00273688 0
559 0.00082578 0
560 -0.000504972 -0
561 0.000825237 0
562 -0.000220272 0
563 7.38091e-05 0
564 0.037884 0
565 -0.0147558 -0
566 -0.0612478 -0
567 0.059711 0
568 -0.0176593 0
569 0.010341 -0
570 -0.0439001 -0
571 0.0119789 -0
572 0.0400426 0
573 -0.0172095 -0
574 0.0120306 -0
575 -0.00393703 0
576 0.00824863 0
577 -0.00235489 -0
578 -0.0189012 -0
579 0.00693204 -0
580 -0.00814001 0
581 0.00223513 -0
582 -0.0210213 -0
583 0.0110189 -0
584 -0.00342593 -0
585 0.0028377 0
586 0.00990433 -0
587 -0.00268938 -0
588 -0.0378989 0
589 0.0172613 0
590 -0.0256025 -0
591 0.0089077 0
592 -0.00257548 0
593 -0.0134649 -0
594 0.00754078 0
595 -0.0199674 -0
596 0.00559891 0
597 -0.00229129 -0
598 0.0148376 0
599 -0.0111623 0
600 0.00371815 -0
601 0.0141911 0
602 -0.00383723 -0
603 0.00434401 -0
604 -0.00167136 -0
605 0.0830928 0
606 -0.024987 -0
607 0.0149333 0
608 0.0508486 0
609 -0.0140746 -0
610 0.0312084 -0
611 -0.0145444 -0
612 0.00461396 -0
613 -0.00433483 -0
614 -0.0189262 -0
615 0.00515252 0
616 -0.00350579 0
617 0.0107587 -0
618 -0.00385966 -0
619 -0.0283769 0
620 0.00804081 0
621 -0.0110744 0
622 0.00486958 0
623 -0.00145029 -0
624 -0.0467316 0
625 0.0373988 0
626 -0.0101367 -0
627 -0.0332652 0
628 0.0124422 -0
629 -0.0218046 -0
630 0.0109519 0
631 -0.0035569 -0
632 0.0175878 -0
633 -0.00505604 0
634 -0.0236292 0
635 0.00985241 0
636 -0.0120712 -0
637 0.00330977 0
638 -0.00237773 -0
639 -0.0236313 -0
640 0.00813053 0
641 0.0284468 0
642 -0.0082787 0
643 0.00504943 0
644 -0.0203561 0
645 0.00801961 0
646 -0.00217831 0
647 0.00199805 0
648 -0.0415772 -0
649 0.0128705 -0
650 -0.00610519 0
651 0.00976089 0
652 -0.00271438 0
653 -0.0171715 -0
654 0.00932941 -0
655 -0.00330046 -0
656 -0.0133355 0
657 0.00406463 0
658 -0.00988738 0
659 0.00650919 -0
660 -0.00183165 -0
661 0.00192483 0
662 0.00649987 -0
663 -0.00214769 -0
664 0.000910868 0
665 -0.00807619 -0
666 0.00218535 -0
667 -0.00284292 -0
668 0.00147202 0
669 0.0270484 0
670 -0.00795667 0
671 0.00301949 0
672 -0.00592605 -0
673 0.00162243 -0
674 0.0057938 0
675 -0.00473175 -0
676 0.00160546 -0
677 -0.0054768 -0
678 0.00268059 0
679 -0.000739249 0
680 -0.00358555 0
681 0.00228852 -0
682 -0.000716721 0
683 -0.00606173 0
684 0.00243703 0
685 -0.002129 0
686 0.000607498 0
687 -0.0036975 -0
688 0.00135263 -0
689 0.00444535 -0
690 -0.00120646 0
691 0.00135432 -0
692 -0.000771521 0
693 0.000231296 -0
694 -0.00671471 -0
695 0.00291762 -0
696 -0.00600087 -0
697 0.00167685 0
698 0.00659089 0
699 -0.00505177 0
700 0.00163091 0
701 -0.00272223 -0
702 0.0012218 0
703 0.00717348 0
704 -0.00195285 -0
705 0.00068617 0
706 -0.000679986 -0
707 0.00760788 -0
708 -0.00222745 0
709 0.00138145 -0
710 0.00476418 0
711 -0.00131743 0
712 0.00357983 0
713 -0.00145235 0
714 0.000439046 0
715 0.00553775 -0
716 -0.00281141 0
717 0.00206637 0
718 -0.000559101 -0
719 0.00080694 -0
720 -0.000269964 0
721 -0.00117914 -0
722 0.000338025 -0
723 -0.00126698 0
724 0.000483953 -0
725 -0.000270365 -0
726 -0.000890281 -0
727 0.00028154 0
728 -0.000269096 0
729 0.0176502 0
730 -0.00495429 0
731 0.00234857 0
732 -0.00282889 0
733 0.000969261 -0
734 0.00645922 -0
735 -0.00174212 0
736 0.00114056 -0
737 -0.00664513 -0
738 0.0020193 0
739 -0.00346319 -0
740 0.00140952 0
741 0.00589888 -0
742 -0.00160914 -0
743 0.00132387 0
744 -0.000481971 -0
745 0.00193036 0
746 -0.000553988 -0
747 0.0003151 0
748 0.00280225 0
749 -0.000904932 0
750 0.00195312 0
751 -0.000524062 0
752 0.000237411 0
753 0.000942922 0
754 -0.00093769 -0
755 0.000275353 0
756 -0.00014307 0
757 -0.0016228 0
758 0.000464419 -0
759 -0.000387708 -0
760 -0.00095324 -0
761 0.000394563 0
762 -0.000727538 -0
763 0.000240473 0
764 -0.000945538 0
765 0.000263697 0
766 -0.000116387 -0
767 0.00106521 0
768 -0.000647081 -0
769 0.000215579 -0
770 0.00124725 0
771 -0.000338856 0
772 0.000342247 0
773 -0.000157187 0
774 -0.00172786 0
775 0.00048797 0
776 -0.00017028 0
777 -0.000207645 0
778 0.000166939 0
779 -5.41801e-05 -0
780 0.000265091 -0
781 -0.000275496 0
782 8.90956e-05 0
783 -4.22643e-05 -0
784 0.000141445 0
785 -3.43614e-05 0
786 1.75892e-05 0
787 -3.59639e-06 -0
788 -0.000109004 -0
789 -0.000127434 -0
790 4.91179e-05 0
791 -4.81733e-05 0
792 1.9414e-05 -0
793 -6.71491e-05 0
794 1.93594e-05 -0
795 5.88753e-08 0
796 -5.80581e-06 -0
797 3.97696e-06 0
798 -0.00348962 0
799 0.00096512 0
800 -0.00100399 -0
801 0.000723163 -0
802 -0.000216346 0
803 -0.000915971 -0
804 0.000378016 0
805 -0.0010713 -0
806 0.000292659 0
807 -9.05367e-05 0
808 -1.01564e-05 -0
809 2.47917e-05 -0
810 -5.93461e-05 0
811 0.000828999 -0
812 -0.000270519 0
813 6.79131e-05 0
814 -5.00076e-05 -0
815 1.3949e-05 0
816 -2.09847e-06 -0
817 -0.000367707 0
818 0.000282649 -0
819 -9.63044e-05 0
820 -0.000194954 0
821 0.000310172 0
822 -8.73313e-05 -0
823 3.56284e-05 0
824 -0.000473525 0
825 0.000134292 0
826 -7.53343e-05 -0
827 9.48189e-05 -0
828 -3.22976e-05 -0
829 -0.000476396 0
830 0.000131036 0
831 -8.67315e-05 -0
832 2.68609e-05 0
833 -2.48631e-05 -0
834 -0.000624179 -0
835 0.000167331 0
836 -6.01651e-05 -0
837 5.52204e-05 -0
838 -2.73175e-05 0
839 7.09722e-06 -0
840 3.91561e-05 -0
841 -1.17787e-05 0
842 2.72728e-05 -0
843 -1.15291e-05 0
844 -0.0366212 0
845 0.0128631 0
846 -0.0108926 0
847 0.00310732 -0
848 -0.00613904 -0
849 -0.0305416 0
850 0.00836943 0
851 -0.00502425 0
852 0.00161234 -0
853 -0.00453498 -0
854 0.00197118 0
855 0.00824286 -0
856 -0.00246948 -0
857 0.00283063 -0
858 -0.000763526 -0
859 -0.00608504 -0
860 0.00244985 0
861 -0.00356526 0
862 0.00203697 0
863 -0.000574076 -0
864 0.00865833 0
865 -0.00313705 -0
866 0.00312906 -0
867 0.011369 -0
868 -0.00308653 -0
869 0.00221696 -0
870 -0.00074107 -0
871 0.00687071 0
872 -0.00209049 -0
873 0.00106486 0
874 0.00606621 0
875 -0.00174573 -0
876 0.00293866 0
877 -0.00121316 0
878 0.000987204 0
879 0.00340625 0
880 -0.000929082 -0
881 0.00316718 0
882 -0.00146791 0
883 0.000465881 0
884 0.00508849 0
885 -0.00141924 0
886 0.000934293 -0
887 -0.00122805 0
888 0.000434315 -0
889 0.00194081 0
890 -0.000524603 -0
891 0.00126702 0
892 -0.000498645 -0
893 0.000447186 -0
894 -0.00013179 -0
895 -0.00646756 0
896 0.00318889 0
897 -0.00103705 -0
898 -0.00351638 0
899 0.0009698 -0
900 -0.000593342 -0
901 0.00329908 -0
902 -0.00126304 0
903 0.00235998 -0
904 -0.000686387 0
905 -0.00253101 -0
906 0.0017623 0
907 -0.000598576 -0
908 0.000580274 0
909 -0.000156987 0
910 -0.000918085 0
911 0.000390654 -0
912 -0.00148756 0
913 0.000461093 -0
914 -0.000258553 0
915 7.19209e-05 0
916 -0.00509431 0
917 0.00611421 0
918 -0.00277632 -0
919 -0.0131758 -0
920 0.00376899 -0
921 -0.00283912 0
922 0.000985312 0
923 -0.0021946 -0
924 0.000594497 0
925 0.00598111 0
926 -0.00179909 -0
927 0.00249531 -0
928 -0.00131943 0
929 -0.00464963 -0
930 0.00173328 -0
931 -0.0111114 0
932 0.00303538 0
933 -0.00193253 0
934 0.000607333 0
935 0.00247382 0
936 -0.00106441 0
937 0.00119706 -0
938 -0.000338981 -0
939 0.00380809 -0
940 -0.00181308 0
941 0.000488859 0
942 -0.00131456 0
943 0.00108383 0
944 -0.000355524 -0
945 -0.0012267 0
946 0.000473829 -0
947 -0.000747136 0
948 0.000209357 -0
949 0.00148651 0
950 -0.000867468 -0
951 0.000258259 -0
952 0.00597064 0
953 -0.00244521 -0
954 0.00224027 -0
955 -0.00060893 0
956 0.002592 -0
957 -0.000894162 -0
958 -0.00326936 0
959 0.00220971 -0
960 -0.000646383 -0
961 0.00135902 0
962 -0.000682253 0
963 0.000220121 0
964 0.0011343 0
965 -0.000312607 -0
966 0.00032173 0
967 -0.000143104 0
968 0.00268554 0
969 -0.000820014 0
970 0.000299931 0
971 0.00118165 0
972 -0.000944006 0
973 0.000255167 -0
974 -0.00043934 0
975 0.000241174 -0
976 0.00297262 -0
977 -0.000845441 0
978 0.00261167 0
979 -0.000910879 0
980 0.000668599 -0
981 -0.000183383 -0
982 -0.000633801 -0
983 0.00025717 -0
984 -0.000321788 -0
985 0.0001001 0
986 0.000848559 -0
987 -0.000245097 0
988 0.000154003 -0
989 -0.00431723 0
990 0.00116347 0
991 -0.000534629 -0
992 -0.00230408 -0
993 0.00341175 -0
994 -0.00112514 0
995 0.000981678 -0
996 -0.000371464 -0
997 0.000102881 0
998 -0.000257212 0
999 0.000137864 0
1000 0.000521717 -0
1001 -0.000141887 0
1002 0.00100591 0
1003 -0.000317772 -0
1004 0.000338573 0
1005 -0.000148417 -0
1006 -0.000874187 0
1007 0.000261087 -0
1008 -0.000149632 0
1009 0.000708425 0
1010 -0.000197924 -0
1011 7.08121e-05 -0
1012 0.00252825 0
1013 -0.00193749 -0
1014 0.000807314 0
1015 -0.00156797 -0
1016 0.00042528 0
1017 0.00147597 0
1018 -0.000732727 0
1019 0.00021027 0
1020 -0.000288311 -0
1021 -0.00131212 0
1022 0.000449782 0
1023 -0.000300509 -0
1024 9.07593e-05 0
1025 -0.000303253 -0
1026 0.00028928 0
1027 -7.91636e-05 -0
1028 -0.00130007 0
1029 0.000480461 0
1030 -0.000246408 0
1031 -0.00088332 0
1032 0.000282446 -0
1033 -7.62853e-05 0
1034 0.000124797 -0
1035 -0.00134523 0
1036 0.000539323 -0
1037 -0.000152131 -0
1038 0.000107474 -0
1039 0.00078169 -0
1040 -0.000229443 -0
1041 0.000265804 0
1042 -0.000126165 -0
1043 -0.000520758 -0
1044 0.00017462 -0
1045 -0.00040633 0
1046 0.000110003 -0
1047 -6.53823e-05 -0
1048 2.01376e-05 0
1049 9.73297e-05 -0
1050 -8.31893e-05 -0
1051 3.2576e-05 0
1052 -0.000135444 -0
1053 3.77316e-05 0
1054 0.000128883 0
1055 -5.78654e-05 0
1056 5.8366e-05 0
1057 -1.729e-05 -0
1058 -0.000600326 -0
1059 0.000214018 -0
1060 -0.000131735 0
1061 3.60008e-05 -0
1062 -0.000105609 -0
1063 0.000137579 -0
1064 -5.79891e-05 -0
1065 -0.000349944 -0
1066 9.69464e-05 -0
1067 -5.0933e-05 0
1068 0.000446696 -0
1069 -0.000148801 0
1070 -0.000559761 -0
1071 0.000163507 0
1072 -0.000128052 0
1073 0.000235746 0
1074 -6.37159e-05 -0
1075 2.32649e-05 0
1076 0.000202873 0
1077 -0.000132378 0
1078 4.16344e-05 0
1079 0.000143027 0
1080 -7.02012e-05 0
1081 1.97927e-05 0
1082 -2.2128e-05 -0
1083 0.000119301 -0
1084 -3.62492e-05 0
1085 2.04402e-05 -0
1086 0.000104128 -0
1087 -2.82639e-05 0
1088 4.4334e-05 -0
1089 -1.67312e-05 0
1090 0.000254897 -0
1091 -8.67332e-05 -0
1092 6.29769e-05 0
1093 -1.73336e-05 -0
1094 -6.76437e-05 0
1095 2.95895e-05 -0
1096 -6.06285e-05 -0
1097 1.97745e-05 -0
1098 -1.93048e-05 -0
1099 5.5086e-06 0
1100 6.93877e-05 -0
1101 -2.75608e-05 0
1102 9.90042e-05 0
1103 -2.67947e-05 0
1104 -8.97261e-05 0
1105 4.89335e-05 0
1106 -1.50412e-05 -0
1107 1.85713e-05 -0
1108 -8.70699e-06 0
1109 0.00041865 0
1110 -0.000121689 -0
1111 0.000101269 -0
1112 0.000446061 0
1113 -0.000121384 -0
1114 4.28269e-05 0
1115 -2.94886e-05 0
1116 0.000182148 -0
1117 -5.83142e-05 0
1118 8.36939e-05 -0
1119 -2.31664e-05 0
1120 -0.000180395 0
1121 6.9959e-05 -0
1122 -4.10862e-05 -0
1123 -0.000146649 0
1124 4.14406e-05 -0
1125 -0.000114337 -0
1126 5.50387e-05 -0
1127 -4.89931e-05 -0
1128 1.44629e-05 -0
1129 0.000277074 -0
1130 -7.47947e-05 -0
1131 3.2026e-05 -0
1132 -5.67432e-05 0
1133 2.05211e-05 0
1134 0.000101959 0
1135 -6.54717e-05 -0
1136 2.04753e-05 0
1137 -9.39339e-05 -0
1138 2.56696e-05 -0
1139 -2.73017e-05 -0
1140 -9.41096e-05 0
1141 4.78022e-05 -0
1142 -1.65415e-05 -0
1143 4.7527e-06 -0
1144 -0.000176276 0
1145 0.000364837 -0
1146 -0.000164631 0
1147 4.54868e-05 0
1148 0.000190607 0
1149 -0.00013918 0
1150 4.51996e-05 -0
1151 -5.83009e-05 -0
1152 1.57363e-05 0
1153 0.000107446 -0
1154 -4.09282e-05 -0
1155 2.2983e-05 -0
1156 -0.000165817 -0
1157 5.01534e-05 0
1158 -4.82895e-05 -0
1159 1.95651e-05 0
1160 0.000102976 0
1161 -2.76097e-05 -0
1162 6.78281e-05 0
1163 -1.94769e-05 -0
1164 1.53443e-05 0
1165 -5.13732e-06 -0
1166 -7.49959e-05 0
1167 4.62636e-05 0
1168 -1.29187e-05 0
1169 -4.7555e-05 -0
1170 1.75248e-05 0
1171 -2.80269e-05 0
1172 1.47401e-05 0
1173 -4.01941e-06 -0
1174 1.42785e-05 -0
1175 -4.47667e-06 -0
1176 5.18366e-06 -0
1177 2.06861e-05 0
1178 -9.03607e-06 -0
1179 2.67326e-06 0
1180 -2.84244e-05 -0
1181 7.59175e-06 -0
1182 -6.31791e-06 0
1183 2.46958e-06 0
1184 2.26848e-05 0
1185 -1.50287e-05 0
1186 4.60188e-06 0
1187 -2.30101e-05 -0
1188 6.24882e-06 -0
1189 -8.4409e-06 0
1190 3.86421e-06 -0
1191 2.11277e-05 -0
1192 -7.27572e-06 -0
1193 3.90815e-06 0
1194 -1.09279e-06 -0
1195 2.76031e-06 -0
1196 1.1749e-05 -0
1197 -3.833e-06 0
1198 3.38385e-06 0
1199 -9.0386e-07 -0
1200 -5.72088e-05 -0
1201 2.39218e-05 0
1202 -1.67607e-05 0
1203 4.90399e-06 -0
1204 -9.72292e-06 0
1205 -6.02322e-05 -0
1206 2.19945e-05 0
1207 -6.11243e-06 -0
1208 6.53531e-06 0
1209 -3.36884e-06 0
1210 3.58103e-05 -0
1211 -1.14341e-05 0
1212 -5.10935e-05 -0
1213 1.36965e-05 -0
1214 -8.03154e-06 -0
1215 1.07838e-05 0
1216 -3.21077e-06 0
1217 -3.57321e-05 -0
1218 1.52724e-05 0
1219 -3.42263e-05 0
1220 9.2894e-06 0
1221 -7.15906e-06 -0
1222 2.42189e-06 -0
1223 9.06692e-06 -0
1224 -3.36486e-06 0
1225 1.62161e-05 -0
1226 -4.59769e-06 0
1227 2.05167e-06 0
1228 0.000278544 -0
1229 -0.000314998 0
1230 8.48861e-05 -0
1231 -5.54488e-05 0
1232 1.76616e-05 -0
1233 6.71849e-05 -0
1234 -0.000125837 -0
1235 4.95175e-05 0
1236 -1.42676e-05 0
1237 7.08001e-06 0
1238 -3.01855e-05 0
1239 8.30033e-06 0
1240 3.4751e-05 -0
1241 -2.84102e-05 -0
1242 1.01252e-05 -0
1243 0.000108112 -0
1244 -3.23818e-05 0
1245 1.87898e-05 -0
1246 -2.39532e-05 -0
1247 6.51846e-06 0
1248 -2.06175e-05 0
1249 8.53238e-06 0
1250 3.09846e-05 0
1251 -8.67433e-06 0
1252 8.15228e-06 0
1253 -2.72075e-06 -0
1254 2.49201e-05 0
1255 -1.73133e-05 -0
1256 5.25887e-06 -0
1257 2.64178e-05 0
1258 -1.21831e-05 0
1259 3.28621e-06 0
1260 -5.21864e-06 -0
1261 1.98699e-06 -0
1262 3.09523e-05 0
1263 -9.03652e-06 0
1264 6.84531e-06 0
1265 2.37665e-05 0
1266 -1.15053e-05 0
1267 3.1938e-06 -0
1268 -7.97776e-06 -0
1269 2.77428e-06 0
1270 1.80125e-05 0
1271 -1.09413e-05 -0
1272 3.46692e-06 -0
1273 -3.62872e-06 0
1274 9.86201e-07 0
1275 -2.41051e-05 -0
1276 9.78468e-06 -0
1277 -1.64827e-05 0
1278 4.65368e-06 0
1279 2.16192e-05 0
1280 -1.11473e-05 -0
1281 3.98603e-05 0
1282 -1.29077e-05 -0
1283 1.15834e-05 -0
1284 -3.1737e-06 0
1285 -1.14627e-05 -0
1286 4.12184e-06 0
1287 -4.95531e-06 0
1288 1.46762e-06 -0
1289 -1.69121e-05 -0
1290 9.16709e-06 0
1291 -2.4755e-06 -0
1292 -2.21295e-05 0
1293 9.64878e-06 -0
1294 -6.44021e-06 -0
1295 1.98249e-06 -0
1296 -4.35034e-06 -0
1297 -1.82401e-05 -0
1298 7.08087e-06 0
1299 -1.9059e-06 0
1300 2.5556e-06 -0
1301 -7.38809e-07 0
1302 3.53359e-06 -0
1303 -2.17436e-06 0
1304 7.43993e-07 -0
1305 4.31449e-06 0
1306 -1.21113e-06 0
1307 1.01429e-06 -0
1308 5.50697e-05 0
1309 -2.79828e-05 -0
1310 9.26779e-06 -0
1311 3.00355e-05 0
1312 -8.33432e-06 0
1313 1.53276e-05 -0
1314 -6.55428e-06 0
1315 4.96953e-06 -0
1316 -1.50756e-06 -0
1317 1.30355e-05 -0
1318 -4.75979e-06 0
1319 -1.65619e-05 0
1320 4.53186e-06 0
1321 -4.68992e-06 0
1322 2.19751e-06 -0
1323 2.78672e-05 -0
1324 -8.01052e-06 0
1325 2.59752e-05 0
1326 -1.47346e-05 0
1327 4.6207e-06 0
1328 -5.52086e-06 -0
1329 1.50015e-06 -0
1330 7.02948e-06 0
1331 -2.85808e-06 0
1332 5.92196e-06 -0
1333 -2.00297e-06 0
1334 1.28596e-06 0
1335 4.93999e-06 0
1336 -1.38663e-06 0
1337 5.2855e-07 0
1338 -2.29631e-06 0
1339 1.66435e-06 -0
1340 -4.9061e-07 0
1341 -3.09411e-06 -0
1342 1.54054e-06 0
1343 -2.43379e-06 -0
1344 6.70744e-07 0
1345 2.26673e-06 0
1346 -7.34919e-07 -0
1347 6.48426e-07 0
1348 -2.919e-07 0
1349 2.85283e-05 0
1350 -7.70231e-06 -0
1351 2.73287e-06 -0
1352 -1.64359e-05 0
1353 1.60613e-05 0
1354 -4.6209e-06 -0
1355 -1.64368e-05 -0
1356 8.81514e-06 -0
1357 -2.70744e-06 -0
1358 -3.35285e-05 -0
1359 1.39746e-05 -0
1360 -1.82714e-05 -0
1361 4.96384e-06 0
1362 -1.27998e-05 0
1363 9.88272e-06 0
1364 -2.95225e-06 -0
1365 -1.7179e-05 -0
1366 6.64138e-06 -0
1367 -3.82692e-06 0
1368 1.06104e-06 0
1369 3.59462e-06 0
1370 -1.22477e-06 -0
1371 2.60336e-06 -0
1372 -1.72714e-06 0
1373 4.91444e-07 -0
1374 -5.75797e-06 0
1375 2.74772e-06 -0
1376 -7.43483e-07 -0
1377 -3.179e-06 -0
1378 3.55039e-06 -0
1379 -1.11811e-06 -0
1380 4.1208e-07 0
1381 1.16966e-05 0
1382 -1.86084e-05 0
1383 5.09344e-06 0
1384 -3.0809e-06 -0
1385 1.04241e-05 -0
1386 -3.42962e-06 0
1387 -1.25948e-05 0
1388 5.47879e-06 0
1389 -5.04678e-06 -0
1390 1.49568e-06 0
1391 1.29058e-05 0
1392 -3.4934e-06 0
1393 1.79498e-06 0
1394 -8.94304e-06 -0
1395 3.57322e-06 0
1396 -2.86259e-06 0
1397 8.03726e-07 0
1398 2.69681e-06 0
1399 -9.46629e-07 -0
1400 1.60802e-06 -0
1401 -4.88404e-07 0
1402 -2.20219e-06 0
1403 1.6224e-06 0
1404 -4.47659e-07 -0
1405 1.25206e-05 0
1406 -5.63618e-06 -0
1407 1.31376e-05 0
1408 -3.76989e-06 -0
1409 1.41064e-06 -0
1410 9.16096e-06 0
1411 -9.5445e-06 -0
1412 3.09481e-06 0
1413 -1.63852e-06 0
1414 1.185e-05 -0
1415 -3.2175e-06 -0
1416 2.08197e-06 -0
1417 7.45973e-06 0
1418 -2.32206e-06 0
1419 2.89469e-06 0
1420 -1.1933e-06 0
1421 3.32007e-07 0
1422 6.03347e-06 0
1423 -1.17817e-05 0
1424 4.24445e-06 -0
1425 -2.37086e-06 -0
1426 6.92036e-07 -0
1427 2.64623e-06 -0
1428 -2.34037e-06 0
1429 6.33723e-07 0
1430 -2.32797e-06 0
1431 1.10494e-06 -0
1432 -3.73207e-07 0
1433 -1.81979e-06 0
1434 2.60935e-06 -0
1435 -7.38492e-07 0
1436 -2.47129e-06 -0
1437 7.57675e-07 -0
1438 -5.20824e-07 0
1439 2.05126e-07 0
1440 -5.94688e-07 0
1441 1.64504e-07 0
1442 1.68285e-06 0
1443 -1.62191e-06 0
1444 7.98487e-07 -0
1445 -2.54697e-07 0
1446 2.8632e-06 -0
1447 -7.74784e-07 -0
1448 4.79263e-07 0
1449 2.10763e-06 0
1450 -7.27903e-07 0
1451 8.08457e-07 0
1452 -2.38152e-07 -0
1453 1.02529e-07 -0
1454 -3.65217e-06 0
1455 2.9549e-06 -0
1456 -8.08448e-07 0
1457 -2.77895e-06 0
1458 1.05583e-06 -0
1459 -1.9543e-06 0
1460 5.64513e-07 0
1461 -3.01734e-06 0
1462 1.77217e-06 -0
1463 -5.85746e-07 0
1464 -4.20928e-06 0
1465 1.93439e-06 -0
1466 -5.24415e-07 0
1467 7.81675e-07 -0
1468 2.91695e-06 0
1469 -8.7875e-07 -0
1470 6.48912e-07 -0
1471 -2.36927e-07 -0
1472 6.3592e-07 0
1473 -1.78661e-07 -0
1474 9.65656e-08 -0
1475 3.12779e-06 -0
1476 -1.27496e-06 0
1477 1.29292e-06 0
1478 -3.50031e-07 0
1479 -1.8715e-06 0
1480 5.8853e-07 0
1481 -2.78239e-06 -0
1482 1.40042e-06 -0
1483 4.6999e-06 -0
1484 -1.33725e-06 0
1485 1.71944e-06 0
1486 -6.08408e-07 -0
1487 5.15231e-07 -0
1488 -1.40663e-07 -0
1489 -5.41263e-07 0
1490 2.28228e-07 0
1491 -5.74632e-07 -0
1492 1.71108e-07 0
1493 -3.47896e-06 -0
1494 2.19881e-06 0
1495 -7.18758e-07 -0
1496 1.99168e-07 0
1497 -3.51416e-07 -0
1498 1.99474e-07 0
1499 1.18466e-06 0
1500 -4.55087e-07 -0
1501 1.23329e-07 0
1502 -8.35671e-07 0
1503 5.8772e-07 0
1504 2.21676e-06 -0
1505 -6.84379e-07 -0
1506 3.04147e-07 -0
1507 -3.63738e-07 -0
1508 1.03908e-07 0
1509 1.39583e-06 0
1510 -4.66682e-07 0
1511 4.39647e-07 0
1512 -2.2749e-07 0
1513 -7.48627e-07 0
1514 2.06171e-07 -0
1515 -4.54961e-07 0
1516 1.58235e-07 -0
1517 -6.2273e-07 -0
1518 1.74242e-07 0
1519 -1.36457e-07 -0
1520 -5.75507e-07 0
1521 2.14891e-07 -0
1522 -1.03848e-07 -0
1523 3.11657e-08 0
1524 -4.25955e-08 0
1525 -2.95328e-07 -0
1526 8.02635e-08 0
1527 -5.27976e-08 -0
1528 4.94369e-07 -0
1529 -1.59027e-07 0
1530 6.40514e-08 0
1531 2.21387e-07 0
1532 -6.44821e-08 0
1533 6.99669e-08 0
1534 -3.19655e-08 -0
1535 -5.37584e-07 0
1536 1.4772e-07 0
1537 -2.48912e-07 -0
1538 1.46193e-07 -0
1539 -5.25426e-08 -0
1540 1.75791e-07 -0
1541 -4.90643e-08 -0
1542 -2.0481e-07 -0
1543 6.2669e-08 -0
1544 -5.69339e-08 0
1545 2.45394e-08 0
1546 7.77003e-08 -0
1547 -2.11258e-08 0
1548 4.18123e-07 -0
1549 -2.20944e-07 0
1550 7.52152e-08 0
1551 -5.49385e-08 -0
1552 1.61473e-08 0
1553 1.25387e-07 0
1554 -1.87224e-07 0
1555 5.91397e-08 -0
1556 -1.26002e-07 0
1557 5.01407e-08 -0
1558 1.85539e-07 0
1559 -5.30285e-08 -0
1560 3.24082e-08 0
1561 -1.42145e-07 -0
1562 3.8802e-08 0
1563 -4.56899e-08 0
1564 1.6646e-08 -0
1565 -9.95938e-07 -0
1566 4.65479e-07 0
1567 -1.30541e-07 -0
1568 -6.99379e-07 -0
1569 5.34596e-07 0
1570 -1.70201e-07 -0
1571 -6.41474e-07 0
1572 1.73325e-07 -0
1573 -1.67924e-07 0
1574 9.21241e-08 -0
1575 -2.67763e-07 -0
1576 7.70853e-08 -0
1577 -2.9946e-08 -0
1578 -3.87012e-07 -0
1579 2.57743e-07 0
1580 -7.08536e-08 0
1581 -2.45056e-07 0
1582 8.3933e-08 -0
1583 -4.88979e-07 -0
1584 2.41971e-07 -0
1585 -7.49009e-08 0
1586 1.35058e-07 0
1587 -1.15116e-07 -0
1588 3.42407e-08 0
1589 -1.44728e-08 0
1590 -1.17707e-07 0
1591 3.21899e-08 0
1592 -4.25921e-08 0
1593 1.60045e-08 -0
1594 6.86608e-08 0
1595 -1.85397e-08 -0
1596 4.39492e-08 -0
1597 -1.96788e-08 0
1598 -2.59413e-07 0
1599 8.72456e-08 -0
1600 -6.29186e-08 -0
1601 1.78228e-08 -0
1602 4.8025e-08 0
1603 -5.24688e-08 0
1604 1.57988e-08 -0
1605 -1.81654e-07 -0
1606 9.89885e-08 0
1607 -3.55348e-08 0
1608 -1.49806e-07 -0
1609 4.36428e-08 -0
1610 -3.66082e-08 -0
1611 1.52799e-08 0
1612 -6.14733e-08 0
1613 1.69512e-08 -0
1614 -2.79521e-08 -0
1615 1.69828e-08 0
1616 5.22973e-08 -0
1617 -1.71194e-08 0
1618 5.31849e-09 0
1619 -1.01669e-07 -0
1620 5.0141e-08 -0
1621 -1.36599e-08 -0
1622 1.72917e-08 -0
1623 7.32375e-08 0
1624 -2.71594e-08 -0
1625 1.76502e-08 0
1626 -4.97347e-09 -0
1627 -3.89645e-08 0
1628 8.71336e-08 -0
1629 -3.89813e-08 0
1630 1.33183e-08 -0
1631 3.9364e-08 -0
1632 -1.11058e-08 0
1633 1.30922e-08 -0
1634 -8.78579e-08 -0
1635 2.68052e-08 0
1636 -1.3972e-08 -0
1637 1.19998e-08 0
1638 -3.28133e-09 -0
1639 -1.49751e-08 -0
1640 5.92544e-09 0
1641 -1.82242e-08 -0
1642 5.37024e-09 0
1643 -3.16541e-09 -0
1644 -8.71489e-09 -0
1645 2.81553e-09 0
1646 -2.75019e-09 -0
1647 2.68109e-07 -0
1648 -7.59005e-08 -0
1649 3.15596e-08 -0
1650 -4.47133e-08 0
1651 -1.74987e-07 0
1652 4.76886e-08 -0
1653 -3.62738e-08 -0
1654 1.27087e-08 0
1655 -2.88214e-08 0
1656 1.32689e-08 0
1657 1.16444e-07 0
1658 -3.2078e-08 -0
1659 1.98429e-08 0
1660 -6.51997e-09 0
1661 -2.16496e-08 -0
1662 1.09193e-07 -0
1663 -3.20287e-08 -0
1664 1.19334e-08 0
1665 -1.37184e-08 0
1666 9.78552e-09 -0
1667 -2.99986e-09 -0
1668 -1.37747e-08 0
1669 6.60224e-09 -0
1670 -6.96669e-08 -0
1671 1.88644e-08 0
1672 -3.24082e-08 -0
1673 9.25921e-09 0
1674 -3.71977e-09 -0
1675 -5.40117e-08 -0
1676 3.0357e-08 0
1677 9.8955e-08 -0
1678 -3.41258e-08 -0
1679 9.53117e-09 -0
1680 -9.71713e-09 -0
1681 3.46431e-08 0
1682 -1.08433e-08 0
1683 4.83401e-09 0
1684 2.41323e-08 -0
1685 -6.59508e-09 0
1686 4.56586e-09 0
1687 -7.02264e-09 0
1688 2.53996e-09 0
1689 -7.18907e-08 -0
1690 2.13757e-08 0
1691 7.09001e-08 0
1692 -3.71187e-08 0
1693 3.38643e-08 0
1694 -9.61845e-09 -0
1695 2.77519e-08 -0
1696 -1.05797e-08 0
1697 2.88992e-09 -0
1698 1.21507e-08 -0
1699 -9.64173e-09 0
1700 3.21078e-09 0
1701 -2.21759e-08 0
1702 9.31692e-09 -0
1703 -1.13306e-08 0
1704 3.12726e-09 0
1705 2.21485e-08 -0
1706 -1.39102e-08 -0
1707 4.47337e-09 0
1708 1.60376e-08 0
1709 -4.63119e-09 -0
1710 9.59157e-09 -0
1711 -4.48594e-09 0
1712 1.21751e-09 0
1713 -5.12178e-08 -0
1714 5.26918e-08 0
1715 -2.03885e-08 0
1716 6.12188e-09 -0
1717 2.27703e-08 0
1718 -1.21402e-08 0
1719 4.34105e-08 -0
1720 -1.51018e-08 0
1721 4.17917e-09 -0
1722 -2.98202e-09 0
1723 -4.12716e-08 -0
1724 2.05607e-08 -0
1725 -3.6313e-08 -0
1726 9.88068e-09 -0
1727 -3.06453e-09 0
1728 -1.37939e-08 -0
1729 1.16828e-08 -0
1730 -4.98657e-09 -0
1731 4.23651e-08 -0
1732 -1.25368e-08 0
1733 1.55798e-08 -0
1734 -4.19045e-09 -0
1735 2.39766e-09 0
1736 1.41926e-08 0
1737 -4.75036e-09 0
1738 1.10569e-08 -0
1739 -3.97237e-09 -0
1740 2.56519e-09 -0
1741 -7.16303e-10 0
1742 -2.72621e-09 0
1743 1.21885e-09 -0
1744 -1.84707e-09 0
1745 4.95288e-10 -0
1746 9.20714e-09 0
1747 -2.97012e-09 0
1748 2.74289e-09 -0
1749 -8.00842e-10 -0
1750 3.97865e-09 0
1751 -1.59623e-09 0
1752 -6.39472e-09 -0
1753 1.758e-09 -0
1754 -9.81308e-10 0
1755 -7.08408e-09 0
1756 9.55363e-09 -0
1757 -2.99783e-09 0
1758 1.43756e-09 0
1759 -4.89397e-09 -0
1760 1.39157e-09 -0
1761 -1.11889e-09 0
1762 4.18981e-10 0
1763 2.28206e-08 -0
1764 -6.16353e-09 -0
1765 1.40812e-08 -0
1766 -9.05473e-09 0
1767 -3.24438e-08 0
1768 1.12265e-08 -0
1769 -3.06696e-09 0
1770 3.17338e-09 -0
1771 -9.76832e-10 -0
1772 -4.40603e-09 -0
1773 1.75279e-09 0
1774 -1.43173e-08 0
1775 4.16549e-09 -0
1776 -3.10935e-09 -0
1777 1.63486e-09 0
1778 1.38508e-08 0
1779 -3.84953e-09 -0
1780 4.52872e-09 -0
1781 -1.63213e-09 -0
1782 -5.49732e-09 -0
1783 2.3342e-09 0
1784 -6.97919e-09 -0
1785 1.8993e-09 -0
1786 -6.27454e-10 -0
1787 1.29376e-08 0
1788 -7.72757e-09 0
1789 1.31629e-08 0
1790 -3.94193e-09 -0
1791 -2.21572e-08 0
1792 1.04108e-08 -0
1793 -2.9482e-09 -0
1794 2.03965e-09 -0
1795 8.12556e-09 0
1796 -2.19528e-09 -0
1797 2.09444e-09 -0
1798 -7.99457e-10 0
1799 3.30425e-09 0
1800 -1.06195e-09 -0
1801 1.59141e-09 -0
1802 -4.5859e-10 -0
1803 -1.65539e-09 0
1804 8.34674e-10 -0
1805 -3.42166e-10 0
1806 1.28922e-09 0
1807 -3.28635e-10 0
1808 2.16856e-10 0
1809 -6.43966e-11 0
1810 2.46691e-11 -0
1811 1.02791e-09 -0
1812 -2.92383e-10 0
1813 1.45981e-10 -0
1814 -3.79516e-11 0
1815 -1.36153e-09 -0
1816 5.85151e-10 0
1817 -6.64599e-10 -0
1818 1.76139e-10 -0
1819 -4.86883e-10 0
1820 1.59426e-10 0
1821 -1.03136e-10 -0
1822 -1.51881e-09 -0
1823 4.341e-10 -0
1824 -8.13408e-10 0
1825 4.62214e-10 -0
1826 -1.38255e-10 -0
1827 -7.85031e-10 -0
1828 2.05546e-10 -0
1829 -9.60545e-11 -0
1830 8.87346e-11 0
1831 -3.29348e-11 -0
1832 -6.6452e-10 0
1833 1.8877e-10 0
1834 -4.84896e-10 -0
1835 1.6652e-10 -0
1836 4.23957e-10 0
1837 -2.46782e-10 -0
1838 7.32465e-11 -0
1839 -5.66028e-11 -0
1840 1.52954e-09 0
1841 -5.47899e-10 0
1842 6.88056e-10 -0
1843 -1.82684e-10 0
1844 -1.31913e-09 -0
1845 5.59931e-10 0
1846 -1.69524e-10 -0
1847 4.48534e-10 -0
1848 -3.44332e-10 -0
1849 9.3476e-11 -0
1850 1.15559e-09 0
1851 -5.19506e-10 0
1852 5.5406e-10 0
1853 -1.61545e-10 -0
1854 -6.74857e-10 0
1855 2.30237e-10 -0
1856 -1.4862e-10 0
1857 3.95161e-11 -0
1858 -1.45506e-10 0
1859 5.44965e-11 0
1860 -7.69076e-11 0
1861 2.41837e-11 -0
1862 1.38587e-10 0
1863 -6.84757e-11 -0
1864 1.8629e-11 -0
1865 -4.06225e-11 0
1866 2.48823e-11 -0
1867 -6.14231e-12 -0
1868 -6.02962e-10 0
1869 2.45508e-10 -0
1870 -6.51716e-11 -0
1871 1.27729e-10 -0
1872 -7.11244e-11 -0
1873 -3.57988e-10 -0
1874 1.09612e-10 -0
1875 -7.87809e-11 -0
1876 2.78927e-11 0
1877 -3.31345e-11 0
1878 9.18088e-12 -0
1879 4.43266e-10 0
1880 -2.17314e-10 0
1881 6.03184e-11 0
1882 2.08106e-10 -0
1883 -7.8821e-10 -0
1884 2.41503e-10 -0
1885 -1.38593e-10 0
1886 1.44306e-10 -0
1887 -5.03023e-11 -0
1888 -2.21815e-10 -0
1889 6.09723e-11 -0
1890 -2.54576e-11 0
1891 -6.84406e-11 -0
1892 4.45697e-11 0
1893 -9.61944e-11 -0
1894 2.76462e-11 0
1895 -1.36149e-09 -0
1896 4.39881e-10 0
1897 -1.94232e-10 -0
1898 2.04915e-10 -0
1899 -5.49373e-11 -0
1900 1.86905e-10 0
1901 -6.80813e-11 0
1902 4.76901e-11 0
1903 2.95837e-10 -0
1904 -8.45984e-11 0
1905 1.6649e-10 0
1906 -5.2137e-11 0
1907 2.69888e-11 -0
1908 3.41688e-10 -0
1909 -9.23657e-11 0
1910 7.86308e-11 -0
1911 3.07476e-10 -0
1912 -9.32866e-11 -0
1913 3.95996e-11 0
1914 -2.57022e-10 0
1915 8.80548e-11 0
1916 -9.73385e-11 -0
1917 2.634e-11 -0
1918 -1.70019e-11 0
1919 -8.84217e-11 0
1920 2.55012e-11 0
1921 -8.95261e-11 0
1922 4.12361e-11 -0
1923 -1.07835e-11 -0
1924 1.38967e-11 -0
1925 -4.42015e-12 0
1926 -2.69325e-10 -0
1927 1.09978e-10 -0
1928 -6.93632e-11 0
1929 1.91755e-11 -0
1930 -4.78219e-11 -0
1931 -2.03954e-10 -0
1932 7.64057e-11 -0
1933 -6.94475e-11 0
1934 2.04768e-11 -0
1935 1.58664e-10 -0
1936 -8.12834e-11 0
1937 2.29697e-11 -0
1938 -2.97872e-11 0
1939 9.51711e-11 -0
1940 -2.55956e-11 0
1941 1.50689e-11 -0
1942 7.79889e-11 0
1943 -2.42376e-11 -0
1944 9.59569e-12 -0
1945 -7.80217e-12 0
1946 -2.4907e-10 0
1947 6.81705e-11 -0
1948 -2.48912e-11 0
1949 -7.22864e-11 -0
1950 3.38846e-11 -0
1951 -8.07951e-11 -0
1952 2.36191e-11 -0
1953 -2.58515e-11 0
1954 7.20516e-12 -0
1955 2.91142e-11 -0
1956 -2.36356e-11 -0
1957 7.78846e-12 -0
1958 -8.0412e-11 0
1959 4.52804e-11 -0
1960 -1.39479e-11 -0
1961 2.18079e-11 -0
1962 -8.09633e-12 0
1963 -4.51215e-11 0
1964 1.23802e-11 0
1965 -3.52744e-11 0
1966 1.58913e-11 0
1967 4.64667e-11 0
1968 -1.33461e-11 -0
1969 9.80399e-12 -0
1970 -3.42866e-12 -0
1971 2.59262e-10 0
1972 -1.28084e-10 -0
1973 1.5878e-10 0
1974 -4.2616e-11 0
1975 -1.89137e-10 -0
1976 5.85728e-11 -0
1977 -3.39193e-11 -0
1978 1.46537e-10 -0
1979 -5.60104e-11 -0
1980 1.54357e-11 0
1981 -2.6326e-11 0
1982 -4.02323e-10 -0
1983 1.3296e-10 0
1984 -1.0494e-10 0
1985 3.04747e-11 0
1986 1.18446e-10 -0
1987 -5.53276e-11 0
1988 5.5466e-11 -0
1989 -1.51429e-11 -0
1990 1.79759e-10 -0
1991 -7.54871e-11 -0
1992 4.62813e-11 0
1993 -1.37916e-11 -0
1994 -8.09099e-11 0
1995 2.44711e-10 0
1996 -8.59126e-11 -0
1997 2.39212e-11 0
1998 -2.70769e-11 0
1999 1.09227e-11 0
2000 4.71099e-11 -0
2001 -1.26863e-11 0
2002 8.21083e-12 0
2003 3.04624e-10 -0
2004 -9.6668e-11 0
2005 1.8706e-10 0
2006 -9.8793e-11 -0
2007 2.84884e-11 -0
2008 1.99815e-10 -0
2009 -7.48202e-11 0
2010 6.8609e-11 -0
2011 -1.84901e-11 0
2012 -6.47327e-11 -0
2013 9.97992e-11 -0
2014 -3.34381e-11 0
2015 2.70165e-10 0
2016 -7.42513e-11 -0
2017 3.55913e-11 -0
2018 -2.66497e-11 0
2019 7.86801e-12 -0
2020 -2.31883e-11 0
2021 9.125e-12 0
2022 4.63751e-11 0
2023 -2.62037e-11 0
2024 8.0528e-12 -0
2025 8.2061e-11 0
2026 -2.22793e-11 -0
2027 2.41042e-11 -0
2028 -1.0435e-11 0
2029 -3.79477e-11 -0
2030 1.07587e-11 -0
2031 -2.4736e-11 -0
2032 8.61535e-12 0
2033 -7.26735e-12 -0
2034 1.11847e-10 0
2035 -3.09132e-11 0
2036 1.55104e-11 0
2037 -2.08982e-11 0
2038 6.79424e-12 -0
2039 3.03363e-11 -0
2040 -8.14289e-12 0
2041 5.37897e-12 0
2042 -2.32055e-11 -0
2043 6.95667e-12 0
2044 -3.10568e-12 0
2045 -9.1095e-11 0
2046 3.35638e-11 0
2047 -5.56074e-11 0
