0 0 0
1 -0 -0
2 -0 0
3 0 -0
4 -0 0
5 2.3238e-71 -0
6 -6.7977e-72 0
7 2.96878e-72 0
8 -2.86809e-72 0
9 -1.38252e-71 -0
10 3.85766e-72 0
11 -1.46272e-72 -0
12 5.77663e-72 0
13 -4.22706e-72 0
14 1.30941e-72 0
15 4.66833e-72 -0
16 -2.33323e-72 0
17 6.40091e-73 0
18 -8.4698e-73 -0
19 6.12391e-33 -0
20 -2.0918e-33 -0
21 5.79627e-34 0
22 -1.19456e-33 -0
23 6.14679e-34 0
24 -4.73147e-34 -0
25 1.46559e-34 -0
26 7.27003e-34 0
27 -2.83395e-34 -0
28 1.29097e-33 -0
29 -3.4226e-34 0
30 3.46214e-34 0
31 -1.00746e-34 -0
32 -1.78746e-33 -0
33 7.92986e-34 -0
34 -4.89075e-34 -0
35 1.31469e-34 0
36 9.08732e-34 0
37 -1.23658e-33 0
38 4.35335e-34 -0
39 -1.52775e-33 -0
40 4.2813e-34 -0
41 -1.41627e-34 -0
42 -0.0256799 0
43 0.0192673 -0
44 -0.00793596 0
45 -0.0300258 -0
46 0.00833739 0
47 -0.0165705 0
48 0.00841481 -0
49 -0.00252634 -0
50 0.00250082 0
51 -0.000671094 0
52 0.00630862 -0
53 -0.00242197 0
54 -0.0100146 0
55 0.0060687 -0
56 -0.00194616 -0
57 0.00529608 -0
58 -0.00143775 -0
59 0.00192359 0
60 -0.000901384 -0
61 -0.0051055 0
62 0.00148929 0
63 -0.00127296 0
64 0.000394535 0
65 0.00481768 -0
66 -0.00266342 -0
67 0.000717938 0
68 -0.00114727 0
69 0.000418744 0
70 0.00156491 0
71 -0.000687196 0
72 0.000191973 0
73 -0.000969041 0
74 0.00065031 -0
75 -0.000222318 -0
76 -0.00166776 0
77 0.00190522 0
78 -0.000521814 0
79 0.0201633 0
80 -0.00788415 0
81 0.00234818 -0
82 0.0109295 -0
83 -0.00847165 0
84 0.00227174 0
85 -0.00487532 0
86 0.00158172 0
87 -0.000786866 -0
88 0.00290281 0
89 -0.000830834 -0
90 0.00051617 0
91 0.00207216 0
92 -0.000868316 -0
93 0.000828539 0
94 -0.000228946 -0
95 -0.00814182 -0
96 0.00287415 -0
97 -0.0216301 0
98 0.00664916 -0
99 -0.00359851 -0
100 0.00503296 0
101 -0.00135199 0
102 -0.00519186 0
103 0.0019613 -0
104 -0.00142191 -0
105 0.00358755 0
106 -0.00101449 0
107 -0.00541834 0
108 0.00180073 -0
109 -0.000804979 -0
110 0.000954356 0
111 -0.000257693 -0
112 0.0033164 0
113 -0.00195739 0
114 0.00057438 0
115 0.00596203 -0
116 -0.00526524 0
117 0.00167198 0
118 -0.00308883 0
119 0.0012502 0
120 0.00532126 0
121 -0.0014478 0
122 0.000690968 -0
123 -0.0020719 -0
124 0.000600422 0
125 -0.000393919 0
126 -0.00146561 0
127 0.000505379 -0
128 -0.000521338 -0
129 0.000140345 0
130 0.000970961 0
131 -0.00029379 -0
132 0.000152306 -0
133 -0.000233899 0
134 6.51409e-05 -0
135 -0.423193 0
136 0.155049 -0
137 -0.126686 -0
138 0.478768 -0
139 -0.205911 -0
140 0.0549889 0
141 0.285229 -0
142 -0.0887206 -0
143 0.0497385 0
144 -0.303876 -0
145 0.0830695 -0
146 -0.104705 -0
147 0.0403451 0
148 0.764041 0
149 -0.520757 0
150 0.171147 0
151 0.7032 -0
152 -0.196387 -0
153 0.0900452 -0
154 -0.180389 -0
155 0.0486871 -0
156 -0.0528321 0
157 -0.347563 0
158 0.123042 -0
159 -0.0363504 0
160 0.458605 -0
161 -0.334861 -0
162 0.135924 -0
163 -0.0388656 -0
164 -0.187044 0
165 0.305009 -0
166 -0.0979089 0
167 0.0519826 -0
168 -0.0139018 -0
169 0.0381467 -0
170 0.15158 0
171 -0.134816 -0
172 0.0454995 -0
173 -0.0124957 -0
174 0.00741262 0
175 0.0695473 0
176 -0.0333025 -0
177 0.146304 0
178 -0.0445858 0
179 0.0166294 -0
180 -0.587784 0
181 0.159951 0
182 -0.159186 0
183 0.0669189 0
184 0.28969 0
185 -0.0818239 0
186 0.0638076 0
187 -0.148552 -0
188 0.0445685 0
189 -0.0285428 -0
190 -1.06022 0
191 0.28329 0
192 -0.101942 0
193 0.142924 -0
194 -0.0713209 0
195 -0.400475 -0
196 0.115952 -0
197 -0.870605 0
198 0.341767 0
199 -0.0918431 -0
200 0.109261 -0
201 0.440504 -0
202 -0.139856 0
203 0.0775839 -0
204 -0.255718 -0
205 0.0705573 0
206 -0.0586084 0
207 0.0258089 -0
208 -0.0478915 0
209 0.0159444 0
210 0.108964 -0
211 -0.0306012 0
212 0.0206042 0
213 -0.384316 0
214 0.133944 -0
215 -0.0362561 0
216 -0.142414 0
217 0.131849 -0
218 -0.0408441 0
219 0.0185845 -0
220 -0.0945148 -0
221 0.0253033 0
222 -0.0440222 0
223 0.0166774 0
224 0.0746135 0
225 -0.0218728 -0
226 0.0133155 0
227 0.178398 -0
228 -0.0909385 -0
229 0.10039 -0
230 -0.0285282 0
231 0.00926387 -0
232 -0.0233676 0
233 0.00964858 0
234 0.0490844 -0
235 -0.0132349 -0
236 0.0099775 -0
237 -0.0937493 0
238 0.0279134 -0
239 -0.0359215 -0
240 0.0168636 0
241 -0.00450292 0
242 -0.0399787 0
243 0.0136591 0
244 -0.0096529 0
245 -0.0406303 0
246 0.0113236 0
247 -0.0244062 -0
248 0.00973615 0
249 -0.00552371 -0
250 0.00172541 -0
251 0.0378391 -0
252 -0.0391398 -0
253 0.0106641 -0
254 -0.0320599 0
255 0.0115884 -0
256 0.0456818 0
257 -0.0131449 0
258 0.0112789 0
259 -0.00551277 0
260 0.00147911 0
261 -0.00217802 -0
262 -0.0130383 0
263 0.00564452 0
264 -0.00173398 -0
265 0.00731224 0
266 -0.00456312 0
267 0.0012516 0
268 0.1238 -0
269 -0.0439169 0
270 -0.186924 0
271 0.102386 0
272 -0.0299858 0
273 0.0492373 -0
274 -0.0479909 -0
275 0.0128856 0
276 -0.00497592 0
277 0.0357021 -0
278 -0.011834 0
279 -0.110335 0
280 0.0900418 -0
281 -0.0250632 0
282 0.0113106 0
283 0.0420003 0
284 -0.0127705 0
285 0.0175455 -0
286 -0.0116679 0
287 0.00318128 -0
288 -0.0123268 -0
289 0.00456713 -0
290 0.0221387 -0
291 -0.0116178 0
292 0.00367951 -0
293 -0.113901 0
294 0.0307811 -0
295 -0.0358397 -0
296 0.0153935 0
297 0.102453 -0
298 -0.0291078 -0
299 0.056774 -0
300 -0.0331894 0
301 0.0112183 0
302 0.0435988 0
303 -0.0117327 0
304 0.00818395 0
305 -0.0960286 -0
306 0.0377324 -0
307 -0.0111725 0
308 0.0274868 0
309 -0.00888898 0
310 -0.217486 -0
311 0.198999 0
312 -0.0551452 -0
313 0.0257245 -0
314 0.113788 -0
315 -0.0395236 -0
316 0.0502048 0
317 -0.0134838 0
318 0.0795799 0
319 -0.0594264 0
320 0.0171149 -0
321 -0.0070319 -0
322 -0.027794 0
323 0.0477862 -0
324 -0.0134397 0
325 0.00688007 0
326 0.0810656 -0
327 -0.0292962 -0
328 0.0320996 0
329 -0.00872806 -0
330 0.0302189 0
331 -0.0185223 -0
332 0.00560618 -0
333 0.0308411 -0
334 -0.0117421 0
335 -0.042121 -0
336 0.0135217 0
337 -0.0106693 0
338 0.00293428 0
339 -0.00631468 0
340 0.00307529 -0
341 -0.377191 0
342 0.101268 0
343 -0.0426173 -0
344 0.0665621 0
345 -0.0204111 0
346 -0.147689 -0
347 0.0820967 -0
348 -0.0238281 -0
349 0.0238073 -0
350 0.0911243 -0
351 -0.0310256 0
352 0.0906005 -0
353 -0.0252677 0
354 0.0164431 -0
355 -0.162261 0
356 0.0653402 -0
357 -0.0176133 0
358 0.0146705 -0
359 0.065396 0
360 -0.021508 -0
361 0.0114363 -0
362 -0.0471841 -0
363 0.0140754 -0
364 0.122916 -0
365 -0.0335427 -0
366 0.0147955 -0
367 -0.0180855 0
368 0.0066302 0
369 0.0246704 -0
370 -0.00704889 0
371 0.00506964 -0
372 -0.0114841 0
373 0.00307766 0
374 -0.051062 0
375 0.0303027 -0
376 -0.0106437 0
377 0.00987876 0
378 -0.00307827 0
379 -0.0163601 0
380 0.00776344 0
381 -0.00219113 0
382 0.0113634 -0
383 -0.0164041 -0
384 0.00637995 0
385 0.13481 0
386 -0.0370395 0
387 -0.153999 -0
388 0.0513756 0
389 -0.0321583 0
390 0.0094528 -0
391 -0.0171755 -0
392 0.00850169 -0
393 -0.00228441 -0
394 0.00813456 0
395 -0.00527472 0
396 0.00167794 -0
397 0.00104355 -0
398 -0.000532582 0
399 0.00838829 -0
400 -0.00207446 0
401 0.00138697 0
402 -0.00047711 -0
403 -0.00877205 -0
404 0.00257482 -0
405 -0.00196995 0
406 -0.000548453 0
407 0.000337735 -0
408 -0.000237658 -0
409 0.000733593 -0
410 -0.000514561 0
411 0.0164908 0
412 -0.00426808 -0
413 0.00132827 -0
414 -0.000912099 -0
415 0.00158626 0
416 -0.000422517 0
417 -0.00403674 0
418 0.00136738 -0
419 -0.00130513 0
420 0.000337575 0
421 -0.000158807 -0
422 -0.00237021 -0
423 0.000904321 0
424 -0.0014759 -0
425 0.000404016 0
426 0.00707849 0
427 -0.00225795 -0
428 0.00193768 0
429 0.00458059 0
430 -0.00207466 -0
431 0.000581565 -0
432 -0.00894717 -0
433 0.00318754 0
434 -0.00323953 -0
435 0.00181331 -0
436 -0.000527542 0
437 -0.00213768 0
438 0.00408027 0
439 -0.0011556 -0
440 0.000558126 -0
441 0.00140165 -0
442 -0.000496368 -0
443 0.000380331 -0
444 -0.00130726 -0
445 0.000403146 -0
446 -0.000110931 -0
447 0.00128085 0
448 -0.000460481 0
449 0.000471794 -0
450 -0.000263381 0
451 -2.79246e-05 -0
452 3.66195e-05 -0
453 -1.69609e-05 -0
454 0.000310483 0
455 -0.000130871 -0
456 7.64705e-05 0
457 -1.76453e-05 -0
458 -0.0112419 0
459 0.00460866 0
460 0.0217798 0
461 -0.00647676 0
462 0.0127457 0
463 -0.00751165 -0
464 0.00261742 -0
465 -0.00298382 -0
466 0.000818125 0
467 0.0033372 0
468 -0.00150416 0
469 0.00499066 0
470 -0.00144994 -0
471 0.00107838 0
472 -0.000340087 0
473 0.00578644 -0
474 -0.00218778 -0
475 0.00331175 -0
476 -0.000898182 0
477 -0.00348332 0
478 0.00168222 -0
479 -0.000475536 0
480 -0.00429179 -0
481 0.00391428 -0
482 -0.00129078 -0
483 0.00320695 0
484 -0.00195529 0
485 0.000527096 -0
486 0.00290602 0
487 -0.00126872 0
488 0.000390888 0
489 0.00128724 -0
490 -0.00135885 0
491 0.000503015 0
492 -0.000138881 -0
493 0.00151171 -0
494 -0.000822279 0
495 0.00344827 -0
496 -0.00103021 0
497 0.00125745 -0
498 -0.000505707 -0
499 0.0328918 -0
500 -0.00926475 0
501 0.00679493 0
502 0.0314603 -0
503 -0.0105967 -0
504 0.00282625 -0
505 -0.00464935 -0
506 0.00230315 0
507 0.0144173 0
508 -0.00453574 0
509 0.00292306 -0
510 -0.00080524 -0
511 0.00162375 -0
512 -0.000661132 0
513 -0.00775055 0
514 0.00208446 0
515 -0.00166309 -0
516 0.000588313 -0
517 -0.00296014 0
518 0.000855611 0
519 -0.00112507 0
520 0.000504604 -0
521 0.00218692 -0
522 -0.000595976 -0
523 0.000328381 -0
524 0.0818725 0
525 -0.0246317 0
526 0.0241608 -0
527 -0.0775503 -0
528 0.0208477 0
529 -0.00773316 -0
530 -0.0344733 -0
531 0.0218427 -0
532 -0.00727279 0
533 -0.0414985 -0
534 0.0203307 -0
535 -0.0063152 -0
536 0.00980119 -0
537 -0.00274072 0
538 -0.0441477 -0
539 0.0314232 0
540 -0.0137711 0
541 0.00369755 -0
542 -0.00999283 -0
543 0.0106483 -0
544 -0.00375633 -0
545 -0.0155363 -0
546 0.00450249 -0
547 -0.02103 0
548 0.00825556 -0
549 -0.00435407 -0
550 0.00119142 0
551 0.00808861 -0
552 -0.0103481 -0
553 0.00328522 0
554 -0.00284374 -0
555 -0.0106928 -0
556 0.00296161 -0
557 -0.00139722 0
558 0.0151508 0
559 -0.00459727 0
560 0.00284516 -0
561 -0.00482286 0
562 0.00129506 0
563 -0.000437313 0
564 0.0144403 0
565 -0.00555475 -0
566 -0.0265968 -0
567 0.025143 0
568 -0.00736603 0
569 0.00423386 -0
570 -0.0158169 -0
571 0.00427842 -0
572 0.016015 0
573 -0.00678952 -0
574 0.00464239 -0
575 -0.00150347 0
576 0.00295173 0
577 -0.000835043 -0
578 -0.00895666 -0
579 0.0032475 -0
580 -0.00367778 0
581 0.00100123 -0
582 -0.00726737 -0
583 0.00374761 -0
584 -0.0011539 -0
585 0.000931476 0
586 0.00365 -0
587 -0.000982748 -0
588 -0.0214648 0
589 0.00966501 0
590 -0.0138114 -0
591 0.00476278 0
592 -0.0013669 0
593 -0.00816455 -0
594 0.00451174 0
595 -0.0112154 -0
596 0.00312319 0
597 -0.00126529 -0
598 0.00702078 0
599 -0.00518062 0
600 0.00171084 -0
601 0.00721744 0
602 -0.00193846 -0
603 0.00213345 -0
604 -0.000812916 -0
605 0.0175046 0
606 -0.00522244 -0
607 0.0030726 0
608 0.0114728 0
609 -0.00315298 -0
610 0.00660767 -0
611 -0.00304224 -0
612 0.000957116 -0
613 -0.000877448 -0
614 -0.00431303 -0
615 0.00116606 0
616 -0.000779733 0
617 0.00221534 -0
618 -0.000787355 -0
619 -0.00704437 0
620 0.00198243 0
621 -0.00264104 0
622 0.00114887 0
623 -0.000339666 -0
624 0.0406439 0
625 -0.031535 0
626 0.00845735 -0
627 0.0319044 0
628 -0.0117591 -0
629 0.0192769 -0
630 -0.00949477 0
631 0.00304481 -0
632 -0.0126342 -0
633 0.003592 0
634 0.0205491 0
635 -0.00843061 0
636 0.00985821 -0
637 -0.00267443 0
638 0.00186908 -0
639 0.0306816 -0
640 -0.0104142 0
641 -0.042393 0
642 0.012195 0
643 -0.0072609 0
644 0.0252572 0
645 -0.0097985 0
646 0.00263336 0
647 -0.00233158 0
648 0.0273666 -0
649 -0.00837529 -0
650 0.00390418 0
651 -0.00589344 0
652 0.00162222 0
653 0.0134275 -0
654 -0.00715066 -0
655 0.00249683 -0
656 0.0118875 0
657 -0.0035824 0
658 0.00799057 0
659 -0.00513475 -0
660 0.00142993 -0
661 -0.0014463 0
662 -0.0055879 -0
663 0.00182389 -0
664 -0.000761509 0
665 0.00509832 -0
666 -0.00136604 -0
667 0.00169655 -0
668 -0.000862167 0
669 -0.00185238 0
670 0.000608887 0
671 -0.000261229 0
672 0.000765943 -0
673 -0.000219097 -0
674 -0.000116229 0
675 0.000210086 -0
676 -8.69867e-05 -0
677 0.000692091 -0
678 -0.000365121 0
679 0.000104674 0
680 -0.000109159 0
681 2.08222e-05 -0
682 7.68046e-07 0
683 -0.0050208 0
684 0.00192554 0
685 -0.00151747 0
686 0.000418005 0
687 -0.00126412 -0
688 0.00043514 -0
689 0.00252889 -0
690 -0.000662243 0
691 0.000641077 -0
692 -0.000336957 0
693 9.66687e-05 -0
694 0.000357533 -0
695 -0.000175112 -0
696 0.000519762 -0
697 -0.000151134 0
698 -9.18604e-05 0
699 0.000140557 0
700 -5.46417e-05 0
701 0.000160203 -0
702 -7.98868e-05 0
703 0.000713687 0
704 -0.000179691 -0
705 5.67065e-05 0
706 -3.96157e-05 -0
707 -0.000552661 -0
708 0.000169227 0
709 -0.000114132 -0
710 -0.000138674 0
711 4.38617e-05 0
712 -0.000235927 0
713 0.000102521 0
714 -3.2481e-05 0
715 0.00435527 -0
716 -0.002117 0
717 0.00146069 0
718 -0.000385903 -0
719 0.000491757 -0
720 -0.000159576 0
721 -0.0010957 -0
722 0.000306747 -0
723 -0.000863278 0
724 0.000318884 -0
725 -0.000169597 -0
726 -0.000771561 -0
727 0.00023766 0
728 -0.000209972 0
729 -0.00360696 0
730 0.00103322 0
731 -0.000506274 0
732 0.000659291 0
733 -0.00023069 -0
734 -0.000804098 -0
735 0.000224822 0
736 -0.000159623 -0
737 0.00152045 -0
738 -0.000471354 0
739 0.000897432 -0
740 -0.000373835 0
741 -0.00117384 -0
742 0.000327128 -0
743 -0.000286109 0
744 0.000106884 -0
745 -0.000546489 0
746 0.00015927 -0
747 -9.33392e-05 0
748 -0.000396862 0
749 0.00013321 0
750 -0.000358199 0
751 9.84625e-05 0
752 -4.63938e-05 0
753 -0.000117505 0
754 0.000133186 -0
755 -4.05195e-05 0
756 2.23385e-05 0
757 -0.00138416 0
758 0.000384936 -0
759 -0.000297795 -0
760 -0.00115312 -0
761 0.000451139 0
762 -0.000685876 -0
763 0.00021865 0
764 -0.000643636 0
765 0.000175406 0
766 -7.47383e-05 -0
767 0.00200671 0
768 -0.00128974 -0
769 0.000444784 -0
770 0.00214835 0
771 -0.000589674 0
772 0.000630392 0
773 -0.000298279 0
774 0.00134969 0
775 -0.000350709 0
776 0.000110671 0
777 0.00104307 0
778 -0.000579995 0
779 0.000161744 -0
780 -0.000307032 -0
781 0.000243347 0
782 -7.18686e-05 0
783 3.00013e-05 -0
784 0.000906488 0
785 -0.0002428 0
786 0.000294539 0
787 -0.000105978 -0
788 -0.000498942 -0
789 0.00174456 -0
790 -0.000500599 0
791 0.000306187 0
792 -0.000101518 -0
793 0.000162867 0
794 -4.29894e-05 -0
795 -0.000284608 0
796 0.000149052 -0
797 -5.74188e-05 0
798 -0.0282635 0
799 0.00782436 0
800 -0.00818045 -0
801 0.00591697 -0
802 -0.00177345 0
803 -0.00745164 -0
804 0.0030781 0
805 -0.00887722 -0
806 0.00242939 0
807 -0.000753172 0
808 0.0105592 -0
809 -0.00487988 -0
810 0.00437575 0
811 0.0286625 -0
812 -0.0101851 0
813 0.00274575 0
814 -0.00549447 -0
815 0.00280025 0
816 -0.000786852 -0
817 0.0048035 0
818 -0.00329321 -0
819 0.00106653 0
820 0.00412721 0
821 -0.00501579 0
822 0.00134138 -0
823 -0.000510003 0
824 -0.0119661 0
825 0.00351801 0
826 -0.00214342 -0
827 0.00755263 -0
828 -0.00335686 -0
829 -0.0148506 0
830 0.00428421 0
831 -0.00328469 -0
832 0.00109425 0
833 -0.00159798 -0
834 -0.0131651 -0
835 0.00361173 0
836 -0.00134221 -0
837 0.00136712 -0
838 -0.000718525 0
839 0.000192943 -0
840 0.000767998 -0
841 -0.000236222 0
842 0.00116918 -0
843 -0.000557232 0
844 0.0166397 0
845 -0.00577605 0
846 0.0047551 0
847 -0.00134353 -0
848 0.0024882 -0
849 0.0148708 0
850 -0.00403783 0
851 0.0023759 0
852 -0.000754297 -0
853 0.00193803 -0
854 -0.000830233 0
855 -0.00403918 -0
856 0.00119804 -0
857 -0.00132233 -0
858 0.000353478 -0
859 0.00383365 -0
860 -0.00152303 0
861 0.00211409 0
862 -0.00118533 0
863 0.000330956 -0
864 -0.00333837 0
865 0.00119533 -0
866 -0.00115447 -0
867 -0.00476161 -0
868 0.00128131 -0
869 -0.000899156 -0
870 0.000297307 -0
871 -0.00211704 0
872 0.00063781 -0
873 -0.000319586 0
874 -0.00223322 0
875 0.000636734 -0
876 -0.00101636 0
877 0.000414037 0
878 -0.000328259 0
879 -0.00127507 0
880 0.00034474 -0
881 -0.00105847 0
882 0.000483329 0
883 -0.000151839 0
884 -0.00253657 0
885 0.000701279 0
886 -0.000452218 -0
887 0.000570625 0
888 -0.000199571 -0
889 -0.00103843 0
890 0.000278312 -0
891 -0.000624526 0
892 0.000242767 -0
893 -0.000211715 -0
894 6.18186e-05 -0
895 -0.00250633 0
896 0.00120894 0
897 -0.000387484 -0
898 -0.00155126 0
899 0.000422571 -0
900 -0.000251598 -0
901 0.00112024 -0
902 -0.00042166 0
903 0.000727189 -0
904 -0.000208788 0
905 -0.000921887 -0
906 0.000622528 0
907 -0.000208285 -0
908 0.000193542 0
909 -5.17362e-05 0
910 -0.000409719 0
911 0.000171086 -0
912 -0.000557138 0
913 0.000170347 -0
914 -9.31982e-05 0
915 2.56083e-05 0
916 -0.000480237 0
917 0.000550448 0
918 -0.000245566 -0
919 -0.00142952 -0
920 0.000404412 -0
921 -0.00029595 0
922 0.000101338 0
923 -0.000207649 -0
924 5.56611e-05 0
925 0.000907224 0
926 -0.000269801 -0
927 0.000355443 -0
928 -0.000184236 0
929 -0.000749471 -0
930 0.000275488 -0
931 -0.00142059 0
932 0.000384093 0
933 -0.00023877 0
934 7.41532e-05 0
935 0.000356988 0
936 -0.000151143 0
937 0.000163046 -0
938 -4.56819e-05 -0
939 0.000360582 -0
940 -0.000168652 0
941 4.50158e-05 0
942 -0.000109891 0
943 8.78651e-05 0
944 -2.84689e-05 -0
945 -0.000112876 0
946 4.29753e-05 -0
947 -6.39649e-05 0
948 1.77366e-05 -0
949 0.000171064 0
950 -9.77072e-05 -0
951 2.87706e-05 -0
952 0.00204531 0
953 -0.000827735 -0
954 0.000738585 -0
955 -0.000199173 0
956 0.000753881 -0
957 -0.000257467 -0
958 -0.00105349 0
959 0.000698292 -0
960 -0.000202538 -0
961 0.000401233 0
962 -0.000198518 0
963 6.34521e-05 0
964 0.000384121 0
965 -0.000105026 -0
966 0.000104968 0
967 -4.60962e-05 0
968 0.000565101 0
969 -0.000171073 0
970 6.19312e-05 0
971 0.000274429 0
972 -0.000214414 0
973 5.75186e-05 -0
974 -9.44515e-05 0
975 5.10587e-05 -0
976 0.000934647 -0
977 -0.000263832 0
978 0.000753086 0
979 -0.000260239 0
980 0.000187353 -0
981 -5.10137e-05 -0
982 -0.00019404 -0
983 7.78972e-05 -0
984 -9.43411e-05 -0
985 2.9107e-05 0
986 0.000314288 -0
987 -9.01181e-05 0
988 5.5734e-05 -0
989 -0.000930066 0
990 0.00024902 0
991 -0.000113166 -0
992 -0.00054405 -0
993 0.000777878 -0
994 -0.000254511 0
995 0.000217486 -0
996 -8.15522e-05 -0
997 2.24369e-05 0
998 -5.29024e-05 0
999 2.79931e-05 0
1000 0.000116502 -0
1001 -3.14789e-05 0
1002 0.000190867 0
1003 -5.98446e-05 -0
1004 6.21802e-05 0
1005 -2.69752e-05 -0
1006 -0.000184516 0
1007 5.47225e-05 -0
1008 -3.09436e-05 0
1009 0.000131805 0
1010 -3.65838e-05 -0
1011 1.29793e-05 -0
1012 -0.000723187 0
1013 0.000535293 -0
1014 -0.000218835 0
1015 0.000389777 -0
1016 -0.000104399 0
1017 -0.000430727 0
1018 0.00020907 0
1019 -5.92166e-05 0
1020 7.63616e-05 -0
1021 0.000437219 0
1022 -0.000147592 0
1023 9.57158e-05 -0
1024 -2.85179e-05 0
1025 8.26382e-05 -0
1026 -7.55173e-05 0
1027 2.04087e-05 -0
1028 0.000967601 0
1029 -0.000352407 0
1030 0.000177116 0
1031 0.000739952 0
1032 -0.000233644 -0
1033 6.24364e-05 0
1034 -9.59157e-05 -0
1035 0.000723824 0
1036 -0.000285637 -0
1037 7.96774e-05 -0
1038 -5.47481e-05 -0
1039 -0.000555848 -0
1040 0.000161307 -0
1041 -0.000178781 0
1042 8.33137e-05 -0
1043 0.000409415 -0
1044 -0.000135522 -0
1045 0.0002892 0
1046 -7.7478e-05 -0
1047 4.50097e-05 -0
1048 -1.36987e-05 0
1049 -8.13695e-05 -0
1050 6.73279e-05 -0
1051 -2.59723e-05 0
1052 9.3026e-05 -0
1053 -2.56386e-05 0
1054 -0.000100826 0
1055 4.44993e-05 0
1056 -4.32054e-05 0
1057 1.26545e-05 -0
1058 -0.000298303 -0
1059 0.000103701 -0
1060 -6.11198e-05 0
1061 1.63791e-05 -0
1062 -3.93721e-05 -0
1063 4.66329e-05 -0
1064 -1.90359e-05 -0
1065 -0.000196528 -0
1066 5.34229e-05 -0
1067 -2.70791e-05 0
1068 0.000142711 -0
1069 -4.63627e-05 0
1070 -0.000238049 -0
1071 6.81149e-05 0
1072 -5.04939e-05 0
1073 8.18194e-05 0
1074 -2.16784e-05 -0
1075 7.70533e-06 0
1076 0.000150791 0
1077 -9.44566e-05 0
1078 2.91214e-05 0
1079 0.00012725 0
1080 -6.06009e-05 0
1081 1.679e-05 0
1082 -1.7537e-05 -0
1083 7.0023e-05 -0
1084 -2.08633e-05 0
1085 1.13456e-05 -0
1086 8.4538e-05 -0
1087 -2.25656e-05 0
1088 3.22219e-05 -0
1089 -1.1878e-05 0
1090 8.85344e-05 -0
1091 -2.94359e-05 -0
1092 2.03464e-05 0
1093 -5.49452e-06 -0
1094 -2.88417e-05 0
1095 1.22619e-05 -0
1096 -2.20693e-05 -0
1097 7.04225e-06 -0
1098 -6.44285e-06 -0
1099 1.80298e-06 0
1100 7.52382e-05 -0
1101 -2.924e-05 0
1102 8.74177e-05 0
1103 -2.33046e-05 0
1104 -9.57579e-05 0
1105 5.06927e-05 0
1106 -1.5321e-05 -0
1107 1.77005e-05 -0
1108 -8.08731e-06 0
1109 0.000100078 0
1110 -2.8589e-05 -0
1111 2.26444e-05 -0
1112 0.000133329 0
1113 -3.57244e-05 -0
1114 1.23535e-05 0
1115 -8.1795e-06 0
1116 3.65793e-05 -0
1117 -1.14829e-05 0
1118 1.51079e-05 -0
1119 -4.10952e-06 0
1120 -5.63819e-05 0
1121 2.14029e-05 -0
1122 -1.21692e-05 -0
1123 -5.38013e-05 0
1124 1.49744e-05 -0
1125 -3.58471e-05 -0
1126 1.68066e-05 -0
1127 -1.42502e-05 -0
1128 4.13809e-06 -0
1129 0.000368129 -0
1130 -9.82875e-05 -0
1131 4.13593e-05 -0
1132 -6.83097e-05 0
1133 2.43425e-05 0
1134 0.00015154 0
1135 -9.48334e-05 -0
1136 2.92853e-05 0
1137 -0.00011318 -0
1138 3.0588e-05 -0
1139 -3.11784e-05 -0
1140 -0.000124943 0
1141 6.21817e-05 -0
1142 -2.12192e-05 -0
1143 6.02638e-06 -0
1144 -0.000122661 0
1145 0.000243158 -0
1146 -0.000108689 0
1147 2.98573e-05 0
1148 0.000137989 0
1149 -9.91656e-05 0
1150 3.19775e-05 -0
1151 -4.01404e-05 -0
1152 1.07727e-05 0
1153 8.71541e-05 -0
1154 -3.29137e-05 -0
1155 1.82512e-05 -0
1156 -0.000116373 -0
1157 3.50072e-05 0
1158 -3.31492e-05 -0
1159 1.33379e-05 0
1160 7.82128e-05 0
1161 -2.08621e-05 -0
1162 4.90923e-05 0
1163 -1.40255e-05 -0
1164 1.09014e-05 0
1165 -3.62915e-06 -0
1166 -7.53885e-05 0
1167 4.59348e-05 0
1168 -1.27554e-05 0
1169 -5.08935e-05 -0
1170 1.86116e-05 0
1171 -2.88247e-05 0
1172 1.50001e-05 0
1173 -4.06798e-06 -0
1174 1.35569e-05 -0
1175 -4.22599e-06 -0
1176 4.79412e-06 -0
1177 2.07278e-05 0
1178 -8.97924e-06 -0
1179 2.64159e-06 0
1180 -2.91735e-05 -0
1181 7.80032e-06 -0
1182 -6.52454e-06 0
1183 2.55742e-06 0
1184 2.45551e-05 0
1185 -1.62269e-05 0
1186 4.96365e-06 0
1187 -2.62487e-05 -0
1188 7.15102e-06 -0
1189 -9.87992e-06 0
1190 4.56108e-06 -0
1191 2.41729e-05 -0
1192 -8.34337e-06 -0
1193 4.50085e-06 0
1194 -1.26158e-06 -0
1195 3.33918e-06 -0
1196 1.37667e-05 -0
1197 -4.50367e-06 0
1198 4.01471e-06 0
1199 -1.07574e-06 -0
1200 -5.81576e-05 -0
1201 2.43463e-05 0
1202 -1.70919e-05 0
1203 5.00507e-06 -0
1204 -9.98792e-06 0
1205 -6.05949e-05 -0
1206 2.21544e-05 0
1207 -6.16269e-06 -0
1208 6.61331e-06 0
1209 -3.41514e-06 0
1210 4.22027e-05 -0
1211 -1.35334e-05 0
1212 -5.77656e-05 -0
1213 1.55295e-05 -0
1214 -9.16601e-06 -0
1215 1.2512e-05 0
1216 -3.73922e-06 0
1217 -3.75214e-05 -0
1218 1.61052e-05 0
1219 -3.69756e-05 0
1220 1.0065e-05 0
1221 -7.82357e-06 -0
1222 2.65678e-06 -0
1223 9.57552e-06 -0
1224 -3.56741e-06 0
1225 1.83704e-05 -0
1226 -5.2285e-06 0
1227 2.34762e-06 0
1228 -0.000125075 -0
1229 0.00013738 0
1230 -3.67623e-05 -0
1231 2.361e-05 0
1232 -7.45805e-06 -0
1233 -3.14784e-05 -0
1234 5.62225e-05 -0
1235 -2.18997e-05 0
1236 6.26311e-06 0
1237 -3.06833e-06 0
1238 1.17777e-05 0
1239 -3.21564e-06 0
1240 -1.50897e-05 -0
1241 1.20819e-05 -0
1242 -4.26673e-06 -0
1243 -6.12292e-05 -0
1244 1.82086e-05 0
1245 -1.04204e-05 -0
1246 1.28878e-05 -0
1247 -3.48433e-06 0
1248 1.02363e-05 0
1249 -4.19413e-06 0
1250 -1.66789e-05 0
1251 4.63828e-06 0
1252 -4.26305e-06 0
1253 1.41145e-06 -0
1254 -1.06115e-05 0
1255 7.25224e-06 -0
1256 -2.187e-06 -0
1257 -1.24538e-05 0
1258 5.68179e-06 0
1259 -1.52293e-06 0
1260 2.33139e-06 -0
1261 -8.79788e-07 -0
1262 -1.87888e-05 0
1263 5.4576e-06 0
1264 -4.07983e-06 0
1265 -1.5028e-05 0
1266 7.21678e-06 0
1267 -1.99406e-06 -0
1268 4.77484e-06 -0
1269 -1.65049e-06 0
1270 -1.18405e-05 0
1271 7.12801e-06 -0
1272 -2.24797e-06 -0
1273 2.31585e-06 0
1274 -6.26778e-07 0
1275 1.11349e-05 -0
1276 -4.49173e-06 -0
1277 7.37374e-06 0
1278 -2.07279e-06 0
1279 -1.03415e-05 0
1280 5.2917e-06 -0
1281 -1.7952e-05 0
1282 5.78492e-06 -0
1283 -5.12158e-06 -0
1284 1.39742e-06 0
1285 5.33108e-06 -0
1286 -1.90686e-06 0
1287 2.25215e-06 0
1288 -6.64088e-07 -0
1289 6.59528e-06 -0
1290 -3.54822e-06 0
1291 9.54595e-07 -0
1292 9.63985e-06 0
1293 -4.17966e-06 -0
1294 2.76596e-06 -0
1295 -8.48075e-07 -0
1296 1.80961e-06 -0
1297 8.00752e-06 -0
1298 -3.09348e-06 0
1299 8.29844e-07 0
1300 -1.0942e-06 -0
1301 3.15175e-07 0
1302 -1.42253e-06 -0
1303 8.68675e-07 0
1304 -2.95971e-07 -0
1305 -1.84433e-06 0
1306 5.1599e-07 0
1307 -4.27825e-07 -0
1308 1.48163e-05 0
1309 -7.35245e-06 -0
1310 2.39771e-06 -0
1311 9.19871e-06 0
1312 -2.51905e-06 0
1313 4.262e-06 -0
1314 -1.78644e-06 0
1315 1.30789e-06 -0
1316 -3.91193e-07 -0
1317 2.43369e-06 -0
1318 -8.74263e-07 0
1319 -3.61434e-06 0
1320 9.76849e-07 0
1321 -9.65672e-07 0
1322 4.43092e-07 -0
1323 1.24144e-05 -0
1324 -3.52493e-06 0
1325 1.00587e-05 0
1326 -5.57341e-06 0
1327 1.72518e-06 0
1328 -1.96386e-06 -0
1329 5.27685e-07 -0
1330 3.08631e-06 0
1331 -1.23363e-06 0
1332 2.35286e-06 -0
1333 -7.84762e-07 0
1334 4.90784e-07 0
1335 2.25162e-06 0
1336 -6.24611e-07 0
1337 2.34323e-07 0
1338 -8.64524e-07 0
1339 6.08646e-07 -0
1340 -1.77291e-07 0
1341 -1.51476e-06 -0
1342 7.38973e-07 0
1343 -1.09664e-06 -0
1344 2.9887e-07 0
1345 1.17557e-06 0
1346 -3.76077e-07 -0
1347 3.20161e-07 0
1348 -1.41506e-07 0
1349 3.89076e-06 0
1350 -1.04309e-06 -0
1351 3.66695e-07 -0
1352 -1.90491e-06 0
1353 1.81493e-06 0
1354 -5.18245e-07 -0
1355 -2.03092e-06 -0
1356 1.07422e-06 -0
1357 -3.27318e-07 -0
1358 -5.4796e-06 -0
1359 2.26397e-06 -0
1360 -2.87962e-06 -0
1361 7.77786e-07 0
1362 -1.8987e-06 0
1363 1.44154e-06 0
1364 -4.27817e-07 -0
1365 -2.81873e-06 -0
1366 1.08128e-06 -0
1367 -6.15852e-07 0
1368 1.69789e-07 0
1369 6.15232e-07 0
1370 -2.08253e-07 -0
1371 4.24758e-07 -0
1372 -2.78105e-07 0
1373 7.86835e-08 -0
1374 -7.40075e-07 0
1375 3.49656e-07 -0
1376 -9.4074e-08 -0
1377 -4.39922e-07 -0
1378 4.8046e-07 -0
1379 -1.50348e-07 -0
1380 5.49984e-08 0
1381 -3.39693e-06 0
1382 4.99597e-06 0
1383 -1.34852e-06 0
1384 7.91109e-07 -0
1385 -2.28054e-06 -0
1386 7.37853e-07 0
1387 3.33516e-06 0
1388 -1.41928e-06 0
1389 1.24863e-06 -0
1390 -3.6453e-07 0
1391 -5.55005e-06 0
1392 1.48218e-06 0
1393 -7.42458e-07 0
1394 2.96698e-06 -0
1395 -1.16247e-06 0
1396 8.9579e-07 0
1397 -2.48066e-07 0
1398 -9.98234e-07 0
1399 3.44415e-07 -0
1400 -5.39795e-07 -0
1401 1.61531e-07 0
1402 9.37516e-07 0
1403 -6.66436e-07 0
1404 1.81414e-07 -0
1405 -2.21687e-06 0
1406 9.7764e-07 -0
1407 -2.05694e-06 0
1408 5.82507e-07 -0
1409 -2.14251e-07 -0
1410 -1.96925e-06 0
1411 1.95938e-06 -0
1412 -6.26144e-07 0
1413 3.23748e-07 0
1414 -1.76274e-06 -0
1415 4.72789e-07 -0
1416 -2.97183e-07 -0
1417 -1.26924e-06 0
1418 3.89634e-07 0
1419 -4.5988e-07 0
1420 1.86119e-07 0
1421 -5.11409e-08 0
1422 -2.44489e-06 0
1423 4.4761e-06 0
1424 -1.59297e-06 -0
1425 8.73158e-07 -0
1426 -2.52355e-07 -0
1427 -1.10832e-06 -0
1428 9.51733e-07 0
1429 -2.55369e-07 0
1430 8.34497e-07 0
1431 -3.89828e-07 -0
1432 1.30183e-07 0
1433 7.57805e-07 0
1434 -1.03706e-06 -0
1435 2.90762e-07 0
1436 1.09392e-06 -0
1437 -3.32023e-07 -0
1438 2.2316e-07 0
1439 -8.67614e-08 0
1440 2.29517e-07 0
1441 -6.29138e-08 0
1442 -9.12003e-07 0
1443 8.55149e-07 0
1444 -4.15076e-07 -0
1445 1.31184e-07 0
1446 -1.11066e-06 -0
1447 2.9819e-07 -0
1448 -1.81174e-07 0
1449 -9.0969e-07 0
1450 3.11136e-07 0
1451 -3.34989e-07 0
1452 9.78587e-08 -0
1453 -4.16186e-08 -0
1454 7.77062e-07 0
1455 -6.15978e-07 -0
1456 1.67358e-07 0
1457 6.29628e-07 0
1458 -2.36955e-07 -0
1459 4.18995e-07 0
1460 -1.20152e-07 0
1461 5.65497e-07 0
1462 -3.27249e-07 -0
1463 1.07262e-07 0
1464 9.32364e-07 0
1465 -4.23768e-07 -0
1466 1.14135e-07 0
1467 -1.6418e-07 -0
1468 -6.72133e-07 0
1469 2.01046e-07 -0
1470 -1.45896e-07 -0
1471 5.28086e-08 -0
1472 -1.33145e-07 0
1473 3.71557e-08 -0
1474 -1.98241e-08 -0
1475 8.15002e-07 -0
1476 -3.24908e-07 0
1477 3.12051e-07 0
1478 -8.324e-08 0
1479 -6.31455e-07 0
1480 1.95188e-07 0
1481 -7.33989e-07 -0
1482 3.59589e-07 -0
1483 1.4774e-06 -0
1484 -4.13937e-07 0
1485 4.9747e-07 0
1486 -1.72706e-07 -0
1487 1.39834e-07 -0
1488 -3.76193e-08 -0
1489 -1.83166e-07 0
1490 7.55006e-08 0
1491 -1.67332e-07 -0
1492 4.90378e-08 0
1493 -4.8563e-07 -0
1494 2.9719e-07 0
1495 -9.55261e-08 -0
1496 2.60946e-08 0
1497 -4.216e-08 -0
1498 2.32416e-08 0
1499 1.97675e-07 0
1500 -7.44825e-08 -0
1501 1.99104e-08 0
1502 -1.00197e-07 0
1503 6.80166e-08 0
1504 3.16823e-07 -0
1505 -9.63116e-08 -0
1506 4.18622e-08 -0
1507 -4.72043e-08 -0
1508 1.32922e-08 0
1509 4.55678e-07 0
1510 -1.50081e-07 0
1511 1.35619e-07 0
1512 -6.85737e-08 0
1513 -2.6519e-07 0
1514 7.2134e-08 -0
1515 -1.448e-07 0
1516 4.95857e-08 -0
1517 -1.66017e-07 -0
1518 4.588e-08 0
1519 -3.47201e-08 -0
1520 -1.80314e-07 0
1521 6.62271e-08 -0
1522 -3.13313e-08 -0
1523 9.27899e-09 0
1524 -1.19571e-08 0
1525 -1.19608e-07 -0
1526 3.21208e-08 0
1527 -2.0533e-08 -0
1528 1.3722e-07 -0
1529 -4.35406e-08 0
1530 1.72397e-08 0
1531 6.99451e-08 0
1532 -2.01215e-08 0
1533 2.08653e-08 0
1534 -9.35016e-09 -0
1535 2.73083e-08 0
1536 -6.70048e-09 0
1537 4.34379e-09 -0
1538 -1.21916e-09 -0
1539 1.56851e-10 -0
1540 5.71761e-09 -0
1541 -1.73651e-09 -0
1542 8.6649e-09 -0
1543 -2.30621e-09 -0
1544 1.2507e-09 0
1545 -3.74374e-10 0
1546 -6.97864e-09 -0
1547 1.76611e-09 0
1548 1.93667e-08 -0
1549 -1.09559e-08 0
1550 3.88198e-09 0
1551 -3.05505e-09 -0
1552 9.23015e-10 0
1553 -1.03622e-08 0
1554 1.10821e-08 0
1555 -3.21594e-09 -0
1556 3.47556e-09 0
1557 -1.14157e-09 -0
1558 -1.68881e-08 0
1559 4.55464e-09 -0
1560 -2.44772e-09 0
1561 3.37522e-09 -0
1562 -7.99529e-10 0
1563 3.87016e-10 0
1564 -8.06643e-11 -0
1565 -6.09178e-08 -0
1566 2.86991e-08 0
1567 -8.08555e-09 -0
1568 -3.59549e-08 -0
1569 2.82325e-08 0
1570 -9.0849e-09 -0
1571 -2.79571e-08 0
1572 7.67292e-09 -0
1573 -7.81487e-09 0
1574 4.40018e-09 -0
1575 -1.41521e-08 -0
1576 4.11204e-09 -0
1577 -1.61656e-09 -0
1578 1.53567e-08 -0
1579 -9.03438e-09 0
1580 2.35054e-09 0
1581 1.54891e-08 0
1582 -5.06074e-09 -0
1583 1.19724e-08 -0
1584 -5.21118e-09 -0
1585 1.47766e-09 0
1586 -1.39184e-09 0
1587 7.0066e-10 -0
1588 -1.58956e-10 0
1589 3.8286e-11 0
1590 8.84531e-09 0
1591 -2.34178e-09 0
1592 2.64126e-09 0
1593 -9.44775e-10 -0
1594 -7.16663e-09 0
1595 1.88305e-09 -0
1596 -3.51614e-09 -0
1597 1.49634e-09 0
1598 8.42907e-08 0
1599 -2.78134e-08 -0
1600 1.92865e-08 -0
1601 -5.37968e-09 -0
1602 -1.7527e-08 0
1603 1.79637e-08 0
1604 -5.31393e-09 -0
1605 4.06264e-08 -0
1606 -2.16273e-08 0
1607 7.64543e-09 0
1608 4.00955e-08 -0
1609 -1.15261e-08 -0
1610 9.31611e-09 -0
1611 -3.81742e-09 0
1612 1.31813e-08 0
1613 -3.59422e-09 -0
1614 5.56089e-09 -0
1615 -3.29922e-09 0
1616 -1.16191e-08 -0
1617 3.75363e-09 0
1618 -1.15169e-09 0
1619 1.34936e-08 -0
1620 -6.54803e-09 -0
1621 1.76796e-09 -0
1622 -2.14819e-09 -0
1623 -1.05113e-08 0
1624 3.85262e-09 -0
1625 -2.45301e-09 0
1626 6.85064e-10 -0
1627 -8.58127e-09 0
1628 1.28534e-08 -0
1629 -5.22331e-09 0
1630 1.65454e-09 -0
1631 1.18674e-08 -0
1632 -3.17014e-09 0
1633 3.02136e-09 -0
1634 -7.65707e-09 -0
1635 2.16891e-09 0
1636 -9.92505e-10 -0
1637 6.79382e-10 0
1638 -1.71296e-10 -0
1639 -4.51549e-09 -0
1640 1.66713e-09 0
1641 -3.2526e-09 -0
1642 9.0789e-10 0
1643 -4.80537e-10 -0
1644 -2.58698e-09 -0
1645 7.90431e-10 0
1646 -6.57345e-10 -0
1647 -4.23882e-09 -0
1648 1.25452e-09 -0
1649 -5.53509e-10 -0
1650 9.17183e-10 0
1651 1.25906e-09 0
1652 -3.86174e-10 -0
1653 3.78547e-10 -0
1654 -1.45839e-10 0
1655 4.86852e-10 0
1656 -2.38045e-10 0
1657 6.22563e-09 0
1658 -1.64484e-09 -0
1659 9.25037e-10 0
1660 -2.88271e-10 0
1661 -1.69268e-09 -0
1662 4.66462e-09 -0
1663 -1.30381e-09 -0
1664 4.56255e-10 0
1665 -4.29374e-10 0
1666 2.6665e-10 -0
1667 -7.66597e-11 -0
1668 -9.16531e-10 0
1669 4.12173e-10 -0
1670 -1.1225e-09 -0
1671 2.82033e-10 0
1672 -2.76579e-10 -0
1673 6.93773e-11 0
1674 -2.26068e-11 -0
1675 -2.73648e-08 -0
1676 1.48173e-08 0
1677 6.27857e-08 -0
1678 -2.11391e-08 -0
1679 5.79065e-09 -0
1680 -5.51496e-09 -0
1681 1.58992e-08 0
1682 -4.87547e-09 0
1683 2.1115e-09 0
1684 1.62662e-08 -0
1685 -4.36169e-09 0
1686 2.88112e-09 0
1687 -4.01188e-09 0
1688 1.41636e-09 0
1689 -1.53505e-08 -0
1690 4.48831e-09 0
1691 1.83647e-08 0
1692 -9.33594e-09 0
1693 8.09727e-09 0
1694 -2.26332e-09 -0
1695 5.61494e-09 -0
1696 -2.09543e-09 0
1697 5.63686e-10 -0
1698 3.10855e-09 -0
1699 -2.36103e-09 0
1700 7.71763e-10 0
1701 -3.85346e-09 0
1702 1.58209e-09 -0
1703 -1.80232e-09 0
1704 4.89932e-10 0
1705 5.6522e-09 -0
1706 -3.43249e-09 -0
1707 1.08488e-09 0
1708 4.8398e-09 0
1709 -1.37586e-09 -0
1710 2.56148e-09 -0
1711 -1.16837e-09 0
1712 3.12507e-10 0
1713 -5.5381e-09 -0
1714 5.51234e-09 0
1715 -2.10633e-09 0
1716 6.2631e-10 -0
1717 2.64665e-09 0
1718 -1.38727e-09 0
1719 4.45483e-09 -0
1720 -1.53285e-09 0
1721 4.20497e-10 -0
1722 -2.9341e-10 0
1723 -6.64394e-09 -0
1724 3.2643e-09 -0
1725 -5.49589e-09 -0
1726 1.48423e-09 -0
1727 -4.56425e-10 0
1728 -2.34807e-09 -0
1729 1.94316e-09 -0
1730 -8.19736e-10 -0
1731 5.81418e-09 -0
1732 -1.70884e-09 0
1733 2.06567e-09 -0
1734 -5.52262e-10 -0
1735 3.12033e-10 0
1736 2.14556e-09 0
1737 -7.12555e-10 0
1738 1.57664e-09 -0
1739 -5.6196e-10 -0
1740 3.57843e-10 -0
1741 -9.93217e-11 0
1742 -4.14032e-10 0
1743 1.83249e-10 -0
1744 -2.68742e-10 0
1745 7.16424e-11 -0
1746 2.14135e-09 0
1747 -6.86287e-10 0
1748 6.22246e-10 -0
1749 -1.80622e-10 -0
1750 8.23274e-10 0
1751 -3.27933e-10 0
1752 -1.42119e-09 -0
1753 3.88697e-10 -0
1754 -2.14735e-10 0
1755 -1.80036e-09 0
1756 2.36734e-09 -0
1757 -7.38458e-10 0
1758 3.50945e-10 0
1759 -1.12638e-09 -0
1760 3.18672e-10 -0
1761 -2.52672e-10 0
1762 9.4004e-11 0
1763 -1.78445e-09 -0
1764 4.72841e-10 -0
1765 -9.23709e-10 -0
1766 5.66598e-10 0
1767 2.7034e-09 0
1768 -9.13373e-10 -0
1769 2.44829e-10 0
1770 -2.35905e-10 -0
1771 7.10473e-11 -0
1772 4.56028e-10 -0
1773 -1.76759e-10 0
1774 9.06512e-10 0
1775 -2.58257e-10 -0
1776 1.82668e-10 -0
1777 -9.24012e-11 0
1778 -1.62371e-09 0
1779 4.43718e-10 -0
1780 -4.86543e-10 -0
1781 1.71504e-10 -0
1782 7.23462e-10 -0
1783 -2.99551e-10 0
1784 7.56705e-10 -0
1785 -2.02534e-10 -0
1786 6.55709e-11 -0
1787 -5.34705e-10 0
1788 3.05604e-10 0
1789 -4.58405e-10 0
1790 1.3405e-10 -0
1791 1.20047e-09 0
1792 -5.46863e-10 -0
1793 1.51966e-10 -0
1794 -1.00383e-10 -0
1795 -5.31552e-10 0
1796 1.41226e-10 -0
1797 -1.27041e-10 -0
1798 4.73364e-11 0
1799 -1.52113e-10 0
1800 4.78149e-11 -0
1801 -6.46204e-11 -0
1802 1.82365e-11 -0
1803 8.63628e-11 0
1804 -4.21306e-11 -0
1805 1.68077e-11 0
1806 -3.67929e-12 0
1807 -2.31073e-13 0
1808 3.43871e-12 0
1809 -1.58438e-12 0
1810 6.9619e-12 -0
1811 -2.15743e-11 -0
1812 5.46682e-12 0
1813 -1.99722e-12 -0
1814 4.0701e-13 0
1815 1.10502e-10 -0
1816 -4.7014e-11 0
1817 5.21285e-11 -0
1818 -1.37396e-11 -0
1819 4.40385e-11 0
1820 -1.47136e-11 0
1821 1.01505e-11 -0
1822 1.45206e-10 -0
1823 -4.15488e-11 -0
1824 8.3192e-11 0
1825 -4.85544e-11 -0
1826 1.4761e-11 -0
1827 7.979e-11 -0
1828 -2.09521e-11 -0
1829 9.86283e-12 -0
1830 -9.35314e-12 0
1831 3.51576e-12 -0
1832 -4.03953e-12 0
1833 8.69745e-13 0
1834 1.57205e-12 -0
1835 -7.0083e-13 -0
1836 7.23614e-12 0
1837 -3.18921e-12 -0
1838 8.03893e-13 -0
1839 -3.85115e-13 -0
1840 -4.29702e-10 0
1841 1.5618e-10 0
1842 -2.09686e-10 -0
1843 5.64826e-11 0
1844 3.47575e-10 -0
1845 -1.49172e-10 0
1846 4.55385e-11 -0
1847 -1.38362e-10 -0
1848 1.11015e-10 -0
1849 -3.0629e-11 -0
1850 -3.0744e-10 0
1851 1.39482e-10 0
1852 -1.52741e-10 0
1853 4.48696e-11 -0
1854 1.76673e-10 0
1855 -6.05954e-11 -0
1856 3.95603e-11 0
1857 -1.05698e-11 -0
1858 4.62541e-11 0
1859 -1.7626e-11 0
1860 2.71784e-11 0
1861 -8.72054e-12 -0
1862 -4.19345e-11 0
1863 2.10973e-11 -0
1864 -5.79913e-12 -0
1865 4.03744e-11 0
1866 -3.52864e-11 -0
1867 1.01857e-11 -0
1868 2.0981e-10 0
1869 -8.68649e-11 -0
1870 2.33198e-11 -0
1871 -5.17611e-11 -0
1872 2.99113e-11 -0
1873 1.25973e-10 -0
1874 -3.90551e-11 -0
1875 2.90057e-11 -0
1876 -1.04444e-11 0
1877 1.33122e-11 0
1878 -3.75045e-12 -0
1879 5.0965e-11 0
1880 -2.38944e-11 0
1881 6.46601e-12 0
1882 3.50645e-11 -0
1883 -9.76706e-11 -0
1884 2.90861e-11 -0
1885 -1.58473e-11 0
1886 1.50773e-11 -0
1887 -5.09579e-12 -0
1888 -4.31094e-11 -0
1889 1.15103e-11 -0
1890 -4.60316e-12 0
1891 -1.86654e-11 -0
1892 1.12679e-11 0
1893 -1.96556e-11 -0
1894 5.47809e-12 0
1895 -4.05398e-11 -0
1896 1.26111e-11 0
1897 -5.27374e-12 -0
1898 4.81047e-12 -0
1899 -1.23811e-12 -0
1900 1.64535e-12 0
1901 -4.97085e-13 0
1902 2.04043e-13 0
1903 7.71167e-12 -0
1904 -2.11979e-12 0
1905 2.93807e-12 0
1906 -8.57872e-13 0
1907 3.89273e-13 -0
1908 1.97129e-11 -0
1909 -5.24377e-12 0
1910 4.23832e-12 -0
1911 2.08399e-11 -0
1912 -6.2229e-12 -0
1913 2.58266e-12 0
1914 -1.10745e-11 0
1915 3.68992e-12 0
1916 -3.68738e-12 -0
1917 9.71501e-13 -0
1918 -5.84683e-13 0
1919 -4.51542e-12 0
1920 1.27857e-12 0
1921 -3.20647e-12 0
1922 1.39496e-12 -0
1923 -3.52205e-13 -0
1924 3.49178e-13 -0
1925 -1.02008e-13 0
1926 -3.98387e-11 -0
1927 1.61799e-11 -0
1928 -1.01246e-11 0
1929 2.78948e-12 -0
1930 -6.83364e-12 -0
1931 -3.0768e-11 -0
1932 1.14753e-11 -0
1933 -1.03316e-11 0
1934 3.03736e-12 -0
1935 2.67561e-11 -0
1936 -1.36019e-11 0
1937 3.82766e-12 -0
1938 -4.87841e-12 0
1939 1.51818e-11 -0
1940 -4.07436e-12 0
1941 2.38906e-12 -0
1942 1.31996e-11 0
1943 -4.08712e-12 -0
1944 1.61078e-12 -0
1945 -1.29888e-12 0
1946 1.34142e-11 0
1947 -3.54707e-12 -0
1948 1.23724e-12 0
1949 5.76224e-12 -0
1950 -2.54715e-12 -0
1951 4.66496e-12 -0
1952 -1.31508e-12 -0
1953 1.26426e-12 0
1954 -3.40428e-13 -0
1955 -2.89139e-12 -0
1956 2.12647e-12 -0
1957 -6.72503e-13 -0
1958 3.08252e-12 0
1959 -1.62421e-12 -0
1960 4.82087e-13 -0
1961 -6.30557e-13 -0
1962 2.23539e-13 0
1963 3.54061e-12 0
1964 -9.41435e-13 0
1965 2.02628e-12 0
1966 -8.68345e-13 0
1967 -3.83378e-12 0
1968 1.06587e-12 -0
1969 -7.22433e-13 -0
1970 2.42965e-13 -0
1971 1.32066e-12 0
1972 -7.15165e-13 -0
1973 1.07602e-12 0
1974 -2.99785e-13 0
1975 -4.12466e-13 -0
1976 1.47346e-13 -0
1977 -1.06316e-13 -0
1978 1.0703e-12 -0
1979 -4.29605e-13 -0
1980 1.2239e-13 0
1981 -2.50843e-13 0
1982 5.5984e-12 -0
1983 -1.78355e-12 0
1984 1.28563e-12 0
1985 -3.60516e-13 0
1986 -2.17992e-12 -0
1987 9.75299e-13 0
1988 -8.88527e-13 -0
1989 2.36011e-13 -0
1990 -9.78037e-14 -0
1991 9.7233e-16 -0
1992 3.54012e-14 0
1993 -1.58012e-14 -0
1994 5.42082e-13 0
1995 -6.80074e-13 0
1996 1.99748e-13 -0
1997 -4.70292e-14 0
1998 1.35604e-14 0
1999 1.5787e-16 0
2000 -2.68651e-13 -0
2001 6.7866e-14 0
2002 -3.68616e-14 0
2003 -1.83991e-11 -0
2004 5.79286e-12 0
2005 -1.06959e-11 0
2006 5.57583e-12 -0
2007 -1.59646e-12 -0
2008 -1.34351e-11 -0
2009 4.9864e-12 0
2010 -4.47486e-12 -0
2011 1.19827e-12 0
2012 4.5692e-12 -0
2013 -6.79919e-12 -0
2014 2.26036e-12 0
2015 -1.54944e-11 0
2016 4.23275e-12 -0
2017 -2.00768e-12 -0
2018 1.47892e-12 0
2019 -4.33844e-13 -0
2020 1.20286e-12 0
2021 -4.69438e-13 0
2022 -2.67619e-12 0
2023 1.49408e-12 0
2024 -4.56181e-13 -0
2025 -5.76163e-12 0
2026 1.55623e-12 -0
2027 -1.64978e-12 -0
2028 7.08427e-13 0
2029 2.76134e-12 -0
2030 -7.78845e-13 -0
2031 1.71719e-12 -0
2032 -5.9422e-13 0
2033 4.93595e-13 -0
2034 -6.96469e-12 0
2035 1.92193e-12 0
2036 -9.6177e-13 0
2037 1.28934e-12 0
2038 -4.18665e-13 -0
2039 -1.92541e-12 -0
2040 5.15953e-13 0
2041 -3.39513e-13 0
2042 1.46143e-12 -0
2043 -4.38062e-13 0
2044 1.95739e-13 0
2045 4.51089e-12 0
2046 -1.6676e-12 0
2047 2.80163e-12 0
