0 0 0
1 -0 -0
2 -0 0
3 0 -0
4 -0 0
5 1.14942e-93 -0
6 -3.36235e-94 0
7 1.46845e-94 0
8 -1.41865e-94 0
9 -6.83839e-94 -0
10 1.90812e-94 0
11 -7.23506e-95 -0
12 2.8573e-94 0
13 -2.09084e-94 0
14 6.47674e-95 0
15 2.3091e-94 -0
16 -1.15409e-94 0
17 3.16609e-95 0
18 -4.18942e-95 -0
19 2.39795e-20 -0
20 -8.19089e-21 -0
21 2.26965e-21 0
22 -4.67756e-21 -0
23 2.40691e-21 0
24 -1.85271e-21 -0
25 5.73884e-22 -0
26 2.84673e-21 0
27 -1.10969e-21 -0
28 5.05506e-21 -0
29 -1.34019e-21 0
30 1.35568e-21 0
31 -3.94491e-22 -0
32 -6.99917e-21 -0
33 3.10511e-21 -0
34 -1.91508e-21 -0
35 5.14795e-22 0
36 3.55833e-21 0
37 -4.84208e-21 0
38 1.70465e-21 -0
39 -5.98222e-21 -0
40 1.67643e-21 -0
41 -5.54572e-22 -0
42 -2.3971e-07 0
43 1.79852e-07 -0
44 -7.40787e-08 0
45 -2.80278e-07 -0
46 7.78259e-08 0
47 -1.54678e-07 0
48 7.85486e-08 -0
49 -2.35823e-08 -0
50 2.33441e-08 0
51 -6.26437e-09 0
52 5.88882e-08 -0
53 -2.2608e-08 0
54 -9.34822e-08 0
55 5.66487e-08 -0
56 -1.81666e-08 -0
57 4.94366e-08 -0
58 -1.34208e-08 -0
59 1.79558e-08 0
60 -8.41402e-09 -0
61 -4.76576e-08 0
62 1.39019e-08 0
63 -1.18825e-08 0
64 3.68281e-09 0
65 4.4971e-08 -0
66 -2.48618e-08 -0
67 6.70164e-09 0
68 -1.07093e-08 0
69 3.90879e-09 0
70 1.46078e-08 0
71 -6.41468e-09 0
72 1.79198e-09 0
73 -9.04557e-09 0
74 6.07036e-09 -0
75 -2.07524e-09 -0
76 -1.55678e-08 0
77 1.77844e-08 0
78 -4.87091e-09 0
79 1.88216e-07 0
80 -7.35951e-08 0
81 2.19193e-08 -0
82 1.02022e-07 -0
83 -7.90791e-08 0
84 2.12057e-08 0
85 -4.5509e-08 0
86 1.47647e-08 0
87 -7.34505e-09 -0
88 2.70965e-08 0
89 -7.75547e-09 -0
90 4.81822e-09 0
91 1.93427e-08 0
92 -8.10535e-09 -0
93 7.73405e-09 0
94 -2.13711e-09 -0
95 0.0465354 -0
96 -0.0162661 -0
97 0.101034 0
98 -0.030792 -0
99 0.0164148 -0
100 -0.0220894 0
101 0.00588931 0
102 0.0253537 0
103 -0.00947705 -0
104 0.00673344 -0
105 -0.0158634 0
106 0.00445046 0
107 0.0279705 0
108 -0.00920962 -0
109 0.00406587 -0
110 -0.00466485 0
111 0.0012501 -0
112 -0.0118135 0
113 0.00685872 0
114 -0.00199616 0
115 -0.0292602 -0
116 0.0252144 0
117 -0.00793597 0
118 0.013937 0
119 -0.00557752 0
120 -0.0269673 0
121 0.00728149 0
122 -0.00342911 -0
123 0.00948281 -0
124 -0.00272584 0
125 0.00175595 0
126 0.0072965 0
127 -0.00249186 -0
128 0.00249809 -0
129 -0.000667437 0
130 -0.0057329 0
131 0.00172001 -0
132 -0.000878871 -0
133 0.00129383 0
134 -0.00035753 -0
135 -0.194054 0
136 0.071149 -0
137 -0.0582275 -0
138 0.22162 -0
139 -0.0953917 -0
140 0.0254872 0
141 0.13085 -0
142 -0.0407262 -0
143 0.0228571 0
144 -0.141222 -0
145 0.0386245 -0
146 -0.0487944 -0
147 0.0188145 0
148 0.340776 0
149 -0.232645 0
150 0.0765185 0
151 0.311172 -0
152 -0.0869637 -0
153 0.0399194 -0
154 -0.0803616 -0
155 0.0217038 -0
156 -0.0236124 0
157 -0.152696 0
158 0.0541066 -0
159 -0.0159971 0
160 0.207615 -0
161 -0.151838 -0
162 0.0616873 -0
163 -0.0176495 -0
164 -0.0840004 0
165 0.137488 -0
166 -0.044166 0
167 0.023477 -0
168 -0.00628225 -0
169 0.0173412 -0
170 0.0682879 0
171 -0.0608579 -0
172 0.0205546 -0
173 -0.00564848 -0
174 0.00335516 0
175 0.0307416 0
176 -0.0147385 -0
177 0.0654354 0
178 -0.0199558 0
179 0.0074496 -0
180 -0.280424 0
181 0.0763465 0
182 -0.0761104 0
183 0.0320183 0
184 0.137549 0
185 -0.0388707 0
186 0.0303536 0
187 -0.0709507 -0
188 0.0212976 0
189 -0.0136544 -0
190 -0.451285 0
191 0.12069 0
192 -0.0434819 0
193 0.06124 -0
194 -0.0306087 0
195 -0.168551 -0
196 0.0488508 -0
197 -0.375655 0
198 0.14765 0
199 -0.0397111 -0
200 0.047415 -0
201 0.188688 -0
202 -0.0599683 0
203 0.0333262 -0
204 -0.110965 -0
205 0.0306431 0
206 -0.0255177 0
207 0.0112519 -0
208 -0.0209931 0
209 0.00699595 0
210 0.0467794 -0
211 -0.0131493 0
212 0.0088726 0
213 -0.1738 0
214 0.0606276 -0
215 -0.0164221 0
216 -0.0638354 0
217 0.0592449 -0
218 -0.0183678 0
219 0.00836749 -0
220 -0.0430955 -0
221 0.0115451 0
222 -0.0201705 0
223 0.0076484 0
224 0.0338342 0
225 -0.00992581 -0
226 0.00605177 0
227 0.0779005 -0
228 -0.0397712 -0
229 0.0440497 -0
230 -0.0125283 0
231 0.00407219 -0
232 -0.0103465 0
233 0.00427716 0
234 0.0214258 -0
235 -0.00578192 -0
236 0.00436877 -0
237 -0.0421138 0
238 0.0125492 -0
239 -0.0162045 -0
240 0.00761669 0
241 -0.00203523 0
242 -0.0176078 0
243 0.00602189 0
244 -0.00426447 0
245 -0.0177193 0
246 0.00494259 0
247 -0.0107221 -0
248 0.00428233 0
249 -0.00243362 -0
250 0.000760873 -0
251 0.0152356 -0
252 -0.0158292 -0
253 0.00431788 -0
254 -0.0131413 0
255 0.004757 -0
256 0.0184394 0
257 -0.00531245 0
258 0.00457492 0
259 -0.00224066 0
260 0.00060186 0
261 -0.000891608 -0
262 -0.00519702 0
263 0.00225426 0
264 -0.000693451 -0
265 0.0029767 0
266 -0.00186238 0
267 0.000511405 0
268 -0.0853236 -0
269 0.0300964 0
270 0.137969 0
271 -0.0748862 0
272 0.0218254 0
273 -0.0348989 -0
274 0.0334859 -0
275 -0.00895211 0
276 0.00343557 0
277 -0.0222328 -0
278 0.00733266 0
279 0.0810101 0
280 -0.065227 -0
281 0.0180727 0
282 -0.00809574 0
283 -0.0321109 0
284 0.00971296 0
285 -0.0130424 -0
286 0.00857778 0
287 -0.00232815 -0
288 0.00849188 -0
289 -0.0031277 -0
290 -0.0165146 -0
291 0.00859061 0
292 -0.00270641 -0
293 0.058911 0
294 -0.015862 -0
295 0.0181829 -0
296 -0.00776486 0
297 -0.057065 -0
298 0.0161478 -0
299 -0.0306618 -0
300 0.0177802 0
301 -0.00598185 0
302 -0.0246142 0
303 0.00659851 0
304 -0.00455762 0
305 0.0463303 -0
306 -0.0181112 -0
307 0.00534196 0
308 -0.0127384 0
309 0.00410242 0
310 0.174957 -0
311 -0.157601 0
312 0.0434664 -0
313 -0.0201163 -0
314 -0.0967519 -0
315 0.0333965 -0
316 -0.0414855 0
317 0.0110893 0
318 -0.0596241 0
319 0.0439854 0
320 -0.0126085 -0
321 0.00514595 -0
322 0.0218143 0
323 -0.0364551 -0
324 0.0102049 0
325 -0.00518009 0
326 -0.0805253 -0
327 0.0288878 -0
328 -0.0309718 0
329 0.00837594 -0
330 -0.0272141 0
331 0.0164907 -0
332 -0.00496319 -0
333 -0.0308 -0
334 0.0116356 0
335 0.0453165 -0
336 -0.0144461 0
337 0.0112081 0
338 -0.00306439 0
339 0.00631402 0
340 -0.0030446 -0
341 0.156225 0
342 -0.0418159 0
343 0.0175144 -0
344 -0.0268841 0
345 0.00821571 0
346 0.0649006 -0
347 -0.0358458 -0
348 0.0103693 -0
349 -0.0102425 -0
350 -0.0410485 -0
351 0.0139205 0
352 -0.0393249 -0
353 0.0109322 0
354 -0.0070614 -0
355 0.062866 0
356 -0.025204 -0
357 0.00677406 0
358 -0.00559141 -0
359 -0.0262263 0
360 0.00859412 -0
361 -0.00454288 -0
362 0.0179368 -0
363 -0.00533337 -0
364 -0.0516858 -0
365 0.0140612 -0
366 -0.00617162 -0
367 0.00744191 0
368 -0.00271707 0
369 -0.010558 -0
370 0.00300688 0
371 -0.00214507 -0
372 0.00473864 0
373 -0.00126612 0
374 0.0178902 0
375 -0.0105513 -0
376 0.00369255 0
377 -0.00339431 0
378 0.00105426 0
379 0.00593839 0
380 -0.00280386 0
381 0.000788994 0
382 -0.00388251 -0
383 0.00552232 -0
384 -0.00213918 0
385 -0.0589246 0
386 0.0161408 0
387 0.0703938 -0
388 -0.0233966 0
389 0.0145433 0
390 -0.00426096 -0
391 0.00758952 -0
392 -0.00373633 -0
393 0.00100099 -0
394 -0.389637 0
395 0.33431 0
396 -0.123781 -0
397 0.32277 -0
398 -0.10112 0
399 -0.42963 -0
400 0.115613 0
401 -0.117434 0
402 0.0525692 -0
403 -0.290247 -0
404 0.079969 -0
405 -0.0531734 0
406 -0.293668 0
407 0.088712 -0
408 -0.0366345 -0
409 0.047987 -0
410 -0.0269232 0
411 -0.352425 0
412 0.0939261 -0
413 -0.0303334 -0
414 0.0228876 -0
415 -0.0754809 0
416 0.0218349 0
417 0.0960814 0
418 -0.0340382 -0
419 0.0382093 0
420 -0.0103236 0
421 0.00531422 -0
422 0.0378861 -0
423 -0.0148882 0
424 0.0287679 -0
425 -0.00809339 0
426 0.116649 0
427 -0.0358084 -0
428 0.0279914 0
429 0.114428 0
430 -0.0481704 -0
431 0.0129184 -0
432 -0.0864926 -0
433 0.0299326 0
434 -0.0281753 -0
435 0.0151255 -0
436 -0.00430628 0
437 -0.0404707 0
438 0.0629438 0
439 -0.0172594 -0
440 0.00791009 -0
441 0.037792 -0
442 -0.012585 -0
443 0.00857731 -0
444 -0.0207841 -0
445 0.00618391 -0
446 -0.00164918 -0
447 -0.0345466 0
448 0.0130933 0
449 -0.0164834 -0
450 0.0104182 0
451 -0.0453743 -0
452 0.0144815 -0
453 -0.00402981 -0
454 -0.016789 0
455 0.0083019 -0
456 -0.00690672 0
457 0.00184706 -0
458 -0.042069 0
459 0.0169333 0
460 0.10592 0
461 -0.0310244 0
462 0.0556897 0
463 -0.0319129 -0
464 0.0109376 -0
465 -0.0118387 -0
466 0.00320525 0
467 0.0166231 0
468 -0.00732184 0
469 0.0209605 0
470 -0.0060066 -0
471 0.00431705 0
472 -0.00134179 0
473 0.0139132 -0
474 -0.0051869 -0
475 0.00743744 -0
476 -0.00199725 0
477 -0.00911842 0
478 0.00432312 -0
479 -0.00120895 0
480 -0.019682 -0
481 0.0171932 -0
482 -0.00558146 -0
483 0.0124586 0
484 -0.00739354 0
485 0.00196938 -0
486 0.0153499 0
487 -0.00655151 0
488 0.00198669 0
489 0.00810725 -0
490 -0.00807526 0
491 0.00292855 0
492 -0.000796357 -0
493 0.00581556 -0
494 -0.00308844 0
495 0.0110314 -0
496 -0.00325561 0
497 0.0037866 -0
498 -0.00149861 -0
499 -0.242206 -0
500 0.0686444 0
501 -0.0511873 0
502 -0.217587 -0
503 0.0737735 -0
504 -0.0197801 -0
505 0.0337022 -0
506 -0.0168737 0
507 -0.0951186 0
508 0.0300935 0
509 -0.0196244 -0
510 0.00543366 -0
511 -0.0114137 -0
512 0.00468569 0
513 0.0467817 0
514 -0.0126325 0
515 0.0102039 -0
516 -0.00362953 -0
517 0.0201669 0
518 -0.00586126 0
519 0.00791426 0
520 -0.00358211 -0
521 -0.0144205 -0
522 0.00394904 -0
523 -0.00219791 -0
524 0.130454 0
525 -0.0390033 0
526 0.0374956 -0
527 -0.112953 -0
528 0.0301995 0
529 -0.0111182 -0
530 -0.0546322 -0
531 0.0341665 -0
532 -0.0112982 0
533 -0.0734405 -0
534 0.0356071 -0
535 -0.0109877 -0
536 0.0165115 -0
537 -0.00459007 0
538 -0.12276 -0
539 0.0858788 0
540 -0.0372377 0
541 0.00993342 -0
542 -0.0252256 -0
543 0.0262225 -0
544 -0.00917439 -0
545 -0.0422135 -0
546 0.0121478 -0
547 -0.0511469 0
548 0.019896 -0
549 -0.0103664 -0
550 0.00281871 0
551 0.0230235 -0
552 -0.0285578 -0
553 0.0089964 0
554 -0.00762719 -0
555 -0.0316923 -0
556 0.00871705 -0
557 -0.0040644 0
558 0.0352882 0
559 -0.0106337 0
560 0.0064895 -0
561 -0.0105964 0
562 0.00282836 0
563 -0.000947907 0
564 0.0191064 0
565 -0.00729549 -0
566 -0.0385712 -0
567 0.0357987 0
568 -0.0104279 0
569 0.00592717 -0
570 -0.0206567 -0
571 0.00555866 -0
572 0.0224493 0
573 -0.00943927 -0
574 0.00636947 -0
575 -0.0020499 0
576 0.00387782 0
577 -0.00109109 -0
578 -0.0149631 -0
579 0.00538574 -0
580 -0.00596321 0
581 0.00161456 -0
582 -0.0102679 -0
583 0.00524236 -0
584 -0.00160454 -0
585 0.00127535 0
586 0.00541518 -0
587 -0.00145034 -0
588 -0.0704578 0
589 0.0313712 0
590 -0.0433048 -0
591 0.0148081 0
592 -0.00422025 0
593 -0.0299855 -0
594 0.0163312 0
595 -0.0381647 -0
596 0.0105528 0
597 -0.00423169 -0
598 0.0207301 0
599 -0.0150335 0
600 0.00492619 -0
601 0.0232208 0
602 -0.00619534 -0
603 0.00663952 -0
604 -0.00250659 -0
605 0.0372835 0
606 -0.011055 -0
607 0.00642604 0
608 0.0260648 0
609 -0.00712167 -0
610 0.0142986 -0
611 -0.0065207 -0
612 0.00203815 -0
613 -0.0018338 -0
614 -0.0100783 -0
615 0.00270904 0
616 -0.00178605 0
617 0.00479037 -0
618 -0.00169004 -0
619 -0.0189755 0
620 0.00530627 0
621 -0.00686466 0
622 0.00295751 0
623 -0.000868694 -0
624 0.0365257 0
625 -0.0280051 0
626 0.00747977 -0
627 0.0299689 0
628 -0.0109831 -0
629 0.0175602 -0
630 -0.00858399 0
631 0.0027392 -0
632 -0.0106872 -0
633 0.00302531 0
634 0.0189842 0
635 -0.00773957 0
636 0.00889009 -0
637 -0.00240176 0
638 0.00166068 -0
639 0.0368485 -0
640 -0.0124405 0
641 -0.0541771 0
642 0.0155134 0
643 -0.0091496 0
644 0.0301671 0
645 -0.011632 0
646 0.0031129 0
647 -0.00271826 0
648 0.0270491 -0
649 -0.00823957 -0
650 0.00381376 0
651 -0.00562762 0
652 0.00154259 0
653 0.014644 -0
654 -0.00773481 -0
655 0.00268631 -0
656 0.0138175 0
657 -0.00414454 0
658 0.00893512 0
659 -0.00568511 -0
660 0.0015764 -0
661 -0.00156992 0
662 -0.00645442 -0
663 0.00209606 -0
664 -0.000869496 0
665 0.00528018 -0
666 -0.001409 -0
667 0.00171736 -0
668 -0.000866033 0
669 0.0291186 0
670 -0.00835828 0
671 0.00307328 0
672 -0.00516291 -0
673 0.00138101 -0
674 0.00700869 0
675 -0.00535897 -0
676 0.00176813 -0
677 -0.00467189 -0
678 0.0021946 0
679 -0.000591221 0
680 -0.00474624 0
681 0.0028789 -0
682 -0.000879034 0
683 -0.0210261 0
684 0.00820123 0
685 -0.00671603 0
686 0.00187546 0
687 -0.00778248 -0
688 0.00276926 -0
689 0.0121328 -0
690 -0.0032262 0
691 0.00333637 -0
692 -0.00182155 0
693 0.000533879 -0
694 -0.00475094 -0
695 0.00199654 -0
696 -0.00353103 -0
697 0.000965277 0
698 0.00542803 0
699 -0.00392881 0
700 0.00123758 0
701 -0.00182813 -0
702 0.000792725 0
703 0.00824044 0
704 -0.00219889 -0
705 0.00075296 0
706 -0.000694792 -0
707 0.0041654 -0
708 -0.00119246 0
709 0.000705452 -0
710 0.003291 0
711 -0.00089139 0
712 0.00200337 0
713 -0.000788106 0
714 0.000232803 0
715 0.0169952 -0
716 -0.00835008 0
717 0.00585497 0
718 -0.00155656 -0
719 0.00205216 -0
720 -0.000671801 0
721 -0.00410645 -0
722 0.00115555 -0
723 -0.00347953 0
724 0.00129674 -0
725 -0.000698928 -0
726 -0.00293019 -0
727 0.000907926 0
728 -0.00081692 0
729 0.0148248 0
730 -0.00411522 0
731 0.00191469 0
732 -0.00220112 0
733 0.000744067 -0
734 0.0067224 -0
735 -0.00179406 0
736 0.00114512 -0
737 -0.00546676 -0
738 0.00164237 0
739 -0.00264701 -0
740 0.00106123 0
741 0.00527296 -0
742 -0.00142378 -0
743 0.00113633 0
744 -0.000408137 -0
745 0.00142836 0
746 -0.000405732 -0
747 0.000226168 0
748 0.00296928 0
749 -0.000947792 0
750 0.00189971 0
751 -0.00050492 0
752 0.000225129 0
753 0.00104357 0
754 -0.0010021 -0
755 0.00029121 0
756 -0.000148561 0
757 0.00172402 0
758 -0.000470315 -0
759 0.000345306 -0
760 0.00186678 -0
761 -0.000710113 0
762 0.000974005 -0
763 -0.000303628 0
764 0.000742685 0
765 -0.000198664 0
766 8.22384e-05 -0
767 0.0141927 0
768 -0.00939566 -0
769 0.0032932 -0
770 0.0136094 0
771 -0.00377237 0
772 0.00420648 0
773 -0.00202876 0
774 0.0156198 0
775 -0.00416062 0
776 0.00135499 0
777 0.00847705 0
778 -0.00486673 0
779 0.00137953 -0
780 -0.00303795 -0
781 0.00257056 0
782 -0.000778186 0
783 0.00033711 -0
784 0.00537904 0
785 -0.00145246 0
786 0.00183472 0
787 -0.000668204 -0
788 -0.00280116 -0
789 0.0111195 -0
790 -0.00322287 0
791 0.002016 0
792 -0.000676752 -0
793 0.00116467 0
794 -0.000310957 -0
795 -0.00171465 0
796 0.000912971 -0
797 -0.000356115 0
798 0.00752791 0
799 -0.00205569 0
800 0.00203969 -0
801 -0.00142127 -0
802 0.00041931 0
803 0.00218986 -0
804 -0.000887343 0
805 0.00223061 -0
806 -0.000601957 0
807 0.00018366 0
808 -0.00109295 -0
809 0.000482705 -0
810 -0.000394487 0
811 -0.00465974 -0
812 0.00161607 0
813 -0.000427576 0
814 0.00073966 -0
815 -0.000362053 0
816 9.94355e-05 -0
817 -0.000331947 0
818 0.000206645 -0
819 -6.37386e-05 0
820 -0.000404395 0
821 0.000432509 0
822 -0.000112213 -0
823 4.08101e-05 0
824 0.00547215 0
825 -0.00159226 0
826 0.000949489 -0
827 -0.00295235 -0
828 0.00129035 -0
829 0.00676052 0
830 -0.00193064 0
831 0.00144071 -0
832 -0.000474271 0
833 0.000657233 -0
834 0.00737075 -0
835 -0.00200432 0
836 0.000735976 -0
837 -0.00072535 -0
838 0.000374708 0
839 -9.97296e-05 -0
840 -0.000453993 -0
841 0.000138293 0
842 -0.000587024 -0
843 0.000275346 0
844 -0.00294206 0
845 0.00100007 0
846 -0.000782478 0
847 0.000217143 -0
848 -0.000355674 -0
849 -0.00311609 0
850 0.000833939 0
851 -0.000475338 0
852 0.000148292 -0
853 -0.000328762 -0
854 0.000137132 0
855 0.000889323 -0
856 -0.00025978 -0
857 0.000270604 -0
858 -7.1297e-05 -0
859 -0.00133031 -0
860 0.000520453 0
861 -0.000684315 0
862 0.000375132 0
863 -0.000103558 -0
864 0.000676704 0
865 -0.000237649 -0
866 0.000217598 -0
867 0.00112239 -0
868 -0.000298095 -0
869 0.000202075 -0
870 -6.57141e-05 -0
871 0.00031617 0
872 -9.33282e-05 -0
873 4.51712e-05 0
874 0.000489524 0
875 -0.000137559 -0
876 0.000202027 0
877 -8.04876e-05 0
878 6.10504e-05 0
879 0.000293137 0
880 -7.82062e-05 -0
881 0.000205253 0
882 -9.13732e-05 0
883 2.81994e-05 0
884 0.00108157 0
885 -0.000296239 0
886 0.000186895 -0
887 -0.000225841 0
888 7.80236e-05 -0
889 0.000487848 0
890 -0.000129624 -0
891 0.00027055 0
892 -0.00010381 -0
893 8.79121e-05 -0
894 -2.54146e-05 -0
895 0.000132403 0
896 -5.87358e-05 0
897 1.77367e-05 -0
898 0.000127737 0
899 -3.37477e-05 -0
900 1.87372e-05 -0
901 -4.01426e-05 -0
902 1.37371e-05 0
903 -1.30068e-05 -0
904 3.22502e-06 0
905 5.02798e-05 -0
906 -3.02546e-05 0
907 9.51145e-06 -0
908 -7.27454e-06 0
909 1.82462e-06 0
910 4.50063e-05 0
911 -1.81235e-05 -0
912 4.25709e-05 0
913 -1.25454e-05 -0
914 6.40538e-06 0
915 -1.69694e-06 0
916 -4.10078e-05 0
917 5.20916e-05 0
918 -2.41218e-05 -0
919 -7.19795e-05 -0
920 2.13029e-05 -0
921 -1.73633e-05 0
922 6.22927e-06 0
923 -1.62209e-05 -0
924 4.4692e-06 0
925 -6.02509e-05 0
926 1.71976e-05 -0
927 -1.84955e-05 -0
928 8.7415e-06 0
929 6.34747e-05 -0
930 -2.24077e-05 -0
931 5.12786e-05 0
932 -1.29551e-05 0
933 6.75927e-06 0
934 -1.8988e-06 0
935 -2.46532e-05 0
936 9.86212e-06 0
937 -9.06995e-06 -0
938 2.42727e-06 -0
939 5.01895e-06 -0
940 -3.01609e-06 0
941 9.06763e-07 0
942 -4.46288e-06 0
943 4.15587e-06 0
944 -1.42359e-06 -0
945 -1.84485e-06 0
946 8.41063e-07 -0
947 -2.05376e-06 0
948 6.10861e-07 -0
949 -8.79969e-06 0
950 4.53118e-06 -0
951 -1.25925e-06 -0
952 -0.00187879 0
953 0.000756249 -0
954 -0.00066684 -0
955 0.00017918 0
956 -0.000645679 -0
957 0.000219516 -0
958 0.000950045 0
959 -0.000624213 -0
960 0.000180355 -0
961 -0.000348119 0
962 0.000171114 0
963 -5.44617e-05 0
964 -0.000358631 0
965 9.77004e-05 -0
966 -9.63651e-05 0
967 4.20727e-05 0
968 -0.000444594 0
969 0.000134062 0
970 -4.83042e-05 0
971 -0.00022718 0
972 0.000175707 0
973 -4.69708e-05 -0
974 7.55147e-05 0
975 -4.05362e-05 -0
976 -0.000967488 -0
977 0.000272125 0
978 -0.000749701 0
979 0.000257943 0
980 -0.000184028 -0
981 4.99369e-05 -0
982 0.000199575 -0
983 -7.97136e-05 -0
984 9.50849e-05 -0
985 -2.92226e-05 0
986 -0.000366239 -0
987 0.00010463 0
988 -6.42015e-05 -0
989 0.000891179 0
990 -0.000237837 0
991 0.000107492 -0
992 0.000548865 -0
993 -0.000771383 -0
994 0.000251389 0
995 -0.000212619 -0
996 7.93667e-05 -0
997 -2.17632e-05 0
998 4.98958e-05 0
999 -2.62349e-05 0
1000 -0.00011497 -0
1001 3.09639e-05 0
1002 -0.00017505 0
1003 5.46803e-05 -0
1004 -5.61179e-05 0
1005 2.42197e-05 -0
1006 0.000180435 0
1007 -5.33233e-05 -0
1008 2.995e-05 0
1009 -0.000121431 0
1010 3.35936e-05 -0
1011 -1.18685e-05 -0
1012 0.000543002 0
1013 -0.000400786 -0
1014 0.000163594 0
1015 -0.000289544 -0
1016 7.7479e-05 0
1017 0.000324942 0
1018 -0.000157426 0
1019 4.45403e-05 0
1020 -5.71625e-05 -0
1021 -0.000335332 0
1022 0.000113039 0
1023 -7.31136e-05 -0
1024 2.17573e-05 0
1025 -6.23701e-05 -0
1026 5.68065e-05 0
1027 -1.53371e-05 -0
1028 -0.000856713 0
1029 0.00031166 0
1030 -0.000156387 0
1031 -0.000662247 0
1032 0.000208897 -0
1033 -5.57753e-05 0
1034 8.52663e-05 -0
1035 -0.000629714 0
1036 0.000248217 -0
1037 -6.91839e-05 -0
1038 4.74451e-05 -0
1039 0.000496567 -0
1040 -0.00014398 -0
1041 0.000159062 0
1042 -7.40241e-05 -0
1043 -0.000369108 -0
1044 0.000122061 -0
1045 -0.000258866 0
1046 6.92977e-05 -0
1047 -4.01898e-05 -0
1048 1.2221e-05 0
1049 7.38638e-05 -0
1050 -6.09715e-05 -0
1051 2.34941e-05 0
1052 -8.33044e-05 -0
1053 2.29414e-05 0
1054 9.12403e-05 0
1055 -4.02183e-05 0
1056 3.89418e-05 0
1057 -1.13962e-05 -0
1058 0.000419362 -0
1059 -0.000146579 -0
1060 8.72194e-05 0
1061 -2.34764e-05 -0
1062 5.91607e-05 -0
1063 -7.18342e-05 -0
1064 2.95801e-05 -0
1065 0.000268317 -0
1066 -7.3208e-05 -0
1067 3.73727e-05 0
1068 -0.000220954 -0
1069 7.22758e-05 0
1070 0.000342652 -0
1071 -9.85094e-05 0
1072 7.39678e-05 0
1073 -0.000123672 0
1074 3.29364e-05 -0
1075 -1.17898e-05 0
1076 -0.000193793 0
1077 0.000122163 0
1078 -3.77824e-05 0
1079 -0.000159245 0
1080 7.615e-05 0
1081 -2.11491e-05 0
1082 2.23043e-05 -0
1083 -9.33495e-05 -0
1084 2.79107e-05 0
1085 -1.52779e-05 -0
1086 -0.000106835 -0
1087 2.85854e-05 0
1088 -4.13837e-05 -0
1089 1.53104e-05 0
1090 -0.00012982 -0
1091 4.34012e-05 -0
1092 -3.03602e-05 0
1093 8.2376e-06 -0
1094 4.03492e-05 0
1095 -1.72568e-05 -0
1096 3.19481e-05 -0
1097 -1.0246e-05 -0
1098 9.51821e-06 -0
1099 -2.6762e-06 0
1100 -8.80957e-05 -0
1101 3.43236e-05 0
1102 -0.000104894 0
1103 2.80183e-05 0
1104 0.000112157 0
1105 -5.9581e-05 0
1106 1.80435e-05 -0
1107 -2.10133e-05 -0
1108 9.63178e-06 0
1109 -0.000147369 0
1110 4.22878e-05 -0
1111 -3.39323e-05 -0
1112 -0.000185667 0
1113 4.99229e-05 -0
1114 -1.73429e-05 0
1115 1.1588e-05 0
1116 -5.62021e-05 -0
1117 1.77414e-05 0
1118 -2.39394e-05 -0
1119 6.54604e-06 0
1120 7.70135e-05 0
1121 -2.9372e-05 -0
1122 1.68206e-05 -0
1123 7.09928e-05 0
1124 -1.98192e-05 -0
1125 4.88501e-05 -0
1126 -2.30352e-05 -0
1127 1.97439e-05 -0
1128 -5.75486e-06 -0
1129 -0.000186466 -0
1130 5.00451e-05 -0
1131 -2.12309e-05 -0
1132 3.61651e-05 0
1133 -1.29719e-05 0
1134 -7.09771e-05 0
1135 4.50282e-05 -0
1136 -1.39978e-05 0
1137 5.84338e-05 -0
1138 -1.58741e-05 -0
1139 1.64924e-05 -0
1140 6.09913e-05 0
1141 -3.06679e-05 -0
1142 1.05384e-05 -0
1143 -3.01023e-06 -0
1144 8.95065e-05 0
1145 -0.000183033 -0
1146 8.23815e-05 0
1147 -2.27268e-05 0
1148 -9.79239e-05 0
1149 7.11733e-05 0
1150 -2.30672e-05 -0
1151 2.95324e-05 -0
1152 -7.95899e-06 0
1153 -5.67417e-05 -0
1154 2.15636e-05 -0
1155 -1.20677e-05 -0
1156 8.56365e-05 -0
1157 -2.58849e-05 0
1158 2.48851e-05 -0
1159 -1.00771e-05 0
1160 -5.39148e-05 0
1161 1.44439e-05 -0
1162 -3.53305e-05 0
1163 1.01405e-05 -0
1164 -7.98145e-06 0
1165 2.67134e-06 -0
1166 3.75073e-05 0
1167 -2.31742e-05 0
1168 6.47571e-06 0
1169 2.34681e-05 -0
1170 -8.66147e-06 0
1171 1.39307e-05 0
1172 -7.33949e-06 0
1173 2.00317e-06 -0
1174 -7.19322e-06 -0
1175 2.25738e-06 -0
1176 -2.62311e-06 -0
1177 -1.03055e-05 0
1178 4.50924e-06 -0
1179 -1.33553e-06 0
1180 1.86606e-05 -0
1181 -5.0148e-06 -0
1182 4.26149e-06 0
1183 -1.6827e-06 0
1184 -1.33537e-05 0
1185 8.95221e-06 0
1186 -2.75648e-06 0
1187 1.62777e-05 -0
1188 -4.45851e-06 -0
1189 6.32943e-06 0
1190 -2.94825e-06 -0
1191 -1.40744e-05 -0
1192 4.89275e-06 -0
1193 -2.66892e-06 0
1194 7.52396e-07 -0
1195 -2.10109e-06 -0
1196 -7.97324e-06 -0
1197 2.6263e-06 0
1198 -2.38487e-06 0
1199 6.42548e-07 -0
1200 -6.38844e-05 -0
1201 2.64289e-05 0
1202 -1.81927e-05 0
1203 5.28378e-06 -0
1204 -9.99014e-06 0
1205 -7.38003e-05 -0
1206 2.66961e-05 0
1207 -7.36609e-06 -0
1208 7.66659e-06 0
1209 -3.90105e-06 0
1210 3.63036e-05 -0
1211 -1.15436e-05 0
1212 -5.57234e-05 -0
1213 1.48723e-05 -0
1214 -8.6405e-06 -0
1215 1.1379e-05 0
1216 -3.37368e-06 0
1217 -4.79939e-05 -0
1218 2.03453e-05 0
1219 -4.38423e-05 0
1220 1.18425e-05 0
1221 -9.00792e-06 -0
1222 3.03006e-06 -0
1223 1.22091e-05 -0
1224 -4.49971e-06 0
1225 2.02786e-05 -0
1226 -5.72657e-06 0
1227 2.53987e-06 0
1228 -5.99254e-05 -0
1229 6.41473e-05 0
1230 -1.70569e-05 -0
1231 1.0789e-05 0
1232 -3.38253e-06 -0
1233 -1.58358e-05 -0
1234 2.71435e-05 -0
1235 -1.04767e-05 0
1236 2.97616e-06 0
1237 -1.44132e-06 0
1238 5.06206e-06 0
1239 -1.37299e-06 0
1240 -7.24013e-06 -0
1241 5.6896e-06 -0
1242 -1.99267e-06 -0
1243 -4.17503e-05 -0
1244 1.23353e-05 0
1245 -6.97165e-06 -0
1246 8.39456e-06 -0
1247 -2.25614e-06 0
1248 6.22575e-06 0
1249 -2.52808e-06 0
1250 -1.10122e-05 0
1251 3.0439e-06 0
1252 -2.74244e-06 0
1253 9.01454e-07 -0
1254 -5.81226e-06 0
1255 3.91309e-06 -0
1256 -1.17221e-06 -0
1257 -7.61908e-06 0
1258 3.44187e-06 0
1259 -9.17196e-07 0
1260 1.35868e-06 -0
1261 -5.08526e-07 -0
1262 -2.01792e-05 0
1263 5.82496e-06 0
1264 -4.28579e-06 0
1265 -1.71925e-05 0
1266 8.16956e-06 0
1267 -2.24366e-06 -0
1268 5.10897e-06 -0
1269 -1.75298e-06 0
1270 -1.51018e-05 0
1271 8.96646e-06 -0
1272 -2.80736e-06 -0
1273 2.82589e-06 0
1274 -7.6015e-07 0
1275 1.0003e-05 -0
1276 -4.00339e-06 -0
1277 6.36823e-06 0
1278 -1.78039e-06 0
1279 -9.86686e-06 0
1280 4.99785e-06 -0
1281 -1.59013e-05 0
1282 5.0921e-06 -0
1283 -4.43202e-06 -0
1284 1.20291e-06 0
1285 4.96349e-06 -0
1286 -1.76293e-06 0
1287 2.03505e-06 0
1288 -5.96632e-07 -0
1289 4.99635e-06 -0
1290 -2.66123e-06 0
1291 7.12384e-07 -0
1292 8.93194e-06 0
1293 -3.84072e-06 -0
1294 2.50986e-06 -0
1295 -7.65068e-07 -0
1296 1.56921e-06 -0
1297 7.59408e-06 -0
1298 -2.91204e-06 0
1299 7.77153e-07 0
1300 -9.99524e-07 -0
1301 2.8633e-07 0
1302 -1.19199e-06 -0
1303 7.19718e-07 0
1304 -2.43676e-07 -0
1305 -1.72376e-06 0
1306 4.79698e-07 0
1307 -3.91569e-07 -0
1308 8.6159e-06 0
1309 -4.24066e-06 -0
1310 1.37548e-06 -0
1311 5.6328e-06 0
1312 -1.53561e-06 0
1313 2.52755e-06 -0
1314 -1.05215e-06 0
1315 7.61093e-07 -0
1316 -2.26525e-07 -0
1317 1.27657e-06 -0
1318 -4.55846e-07 0
1319 -2.02238e-06 0
1320 5.44162e-07 0
1321 -5.29285e-07 0
1322 2.41028e-07 -0
1323 1.07162e-05 -0
1324 -3.03141e-06 0
1325 8.34188e-06 0
1326 -4.58925e-06 0
1327 1.41489e-06 0
1328 -1.58745e-06 -0
1329 4.25079e-07 -0
1330 2.69288e-06 0
1331 -1.07077e-06 0
1332 1.99305e-06 -0
1333 -6.61898e-07 0
1334 4.10639e-07 0
1335 2.0051e-06 0
1336 -5.54203e-07 0
1337 2.06891e-07 0
1338 -7.28858e-07 0
1339 5.08563e-07 -0
1340 -1.4759e-07 0
1341 -1.42146e-06 -0
1342 6.8903e-07 0
1343 -1.00316e-06 -0
1344 2.72429e-07 0
1345 1.13101e-06 0
1346 -3.60284e-07 -0
1347 3.03301e-07 0
1348 -1.33279e-07 0
1349 2.81941e-06 0
1350 -7.53668e-07 -0
1351 2.63938e-07 -0
1352 -1.29838e-06 0
1353 1.22447e-06 0
1354 -3.48571e-07 -0
1355 -1.42611e-06 -0
1356 7.50055e-07 -0
1357 -2.27797e-07 -0
1358 -4.48077e-06 -0
1359 1.84451e-06 -0
1360 -2.31976e-06 -0
1361 6.2506e-07 0
1362 -1.49324e-06 0
1363 1.12604e-06 0
1364 -3.33295e-07 -0
1365 -2.32653e-06 -0
1366 8.89561e-07 -0
1367 -5.042e-07 0
1368 1.3868e-07 0
1369 5.18136e-07 0
1370 -1.74893e-07 -0
1371 3.50706e-07 -0
1372 -2.28361e-07 0
1373 6.44555e-08 -0
1374 -5.61649e-07 0
1375 2.643e-07 -0
1376 -7.09477e-08 -0
1377 -3.44957e-07 -0
1378 3.73396e-07 -0
1379 -1.16545e-07 -0
1380 4.25049e-08 0
1381 -2.27851e-06 0
1382 3.33943e-06 0
1383 -9.00815e-07 0
1384 5.27747e-07 -0
1385 -1.51236e-06 -0
1386 4.88991e-07 0
1387 2.23356e-06 0
1388 -9.49571e-07 0
1389 8.33773e-07 -0
1390 -2.43259e-07 0
1391 -3.8285e-06 0
1392 1.02184e-06 0
1393 -5.11318e-07 0
1394 2.02698e-06 -0
1395 -7.93553e-07 0
1396 6.10573e-07 0
1397 -1.6899e-07 0
1398 -6.85615e-07 0
1399 2.36389e-07 -0
1400 -3.69342e-07 -0
1401 1.10459e-07 0
1402 6.48451e-07 0
1403 -4.60315e-07 0
1404 1.25239e-07 -0
1405 -1.51143e-06 0
1406 6.6625e-07 -0
1407 -1.3994e-06 0
1408 3.96211e-07 -0
1409 -1.4569e-07 -0
1410 -1.35279e-06 0
1411 1.34459e-06 -0
1412 -4.29539e-07 0
1413 2.21977e-07 0
1414 -1.20512e-06 -0
1415 3.23182e-07 -0
1416 -2.03087e-07 -0
1417 -8.70081e-07 0
1418 2.67041e-07 0
1419 -3.14954e-07 0
1420 1.27435e-07 0
1421 -3.50107e-08 0
1422 -4.61198e-07 0
1423 9.23738e-07 0
1424 -3.34161e-07 -0
1425 1.87645e-07 -0
1426 -5.49077e-08 -0
1427 -1.8705e-07 -0
1428 1.69408e-07 0
1429 -4.61845e-08 0
1430 1.76672e-07 0
1431 -8.42206e-08 -0
1432 2.85239e-08 0
1433 1.14242e-07 0
1434 -1.72145e-07 -0
1435 4.91628e-08 0
1436 1.31725e-07 -0
1437 -4.12681e-08 -0
1438 2.96026e-08 0
1439 -1.19221e-08 0
1440 3.8261e-08 0
1441 -1.06768e-08 0
1442 2.00532e-07 0
1443 -1.67433e-07 0
1444 7.62133e-08 -0
1445 -2.30622e-08 0
1446 2.83882e-08 -0
1447 -6.21705e-09 -0
1448 1.89445e-09 0
1449 1.09136e-07 0
1450 -3.50416e-08 0
1451 3.03406e-08 0
1452 -8.28522e-09 -0
1453 3.17237e-09 -0
1454 1.03467e-07 0
1455 -8.73477e-08 -0
1456 2.42237e-08 0
1457 6.16713e-08 0
1458 -2.43038e-08 -0
1459 5.15275e-08 0
1460 -1.51699e-08 0
1461 9.75982e-08 0
1462 -5.83092e-08 -0
1463 1.94481e-08 0
1464 6.00334e-08 0
1465 -2.98344e-08 -0
1466 8.43825e-09 0
1467 -1.50808e-08 -0
1468 -2.15343e-08 0
1469 7.31019e-09 -0
1470 -6.79434e-09 -0
1471 2.72464e-09 -0
1472 -1.11373e-08 0
1473 3.23852e-09 -0
1474 -1.85856e-09 -0
1475 3.44269e-07 -0
1476 -1.38283e-07 0
1477 1.35219e-07 0
1478 -3.62484e-08 0
1479 -2.36114e-07 0
1480 7.34737e-08 0
1481 -2.9862e-07 -0
1482 1.47723e-07 -0
1483 5.5747e-07 -0
1484 -1.57136e-07 0
1485 1.93703e-07 0
1486 -6.77345e-08 -0
1487 5.57615e-08 -0
1488 -1.50836e-08 -0
1489 -6.60823e-08 0
1490 2.74953e-08 0
1491 -6.3972e-08 -0
1492 1.8865e-08 0
1493 -2.29407e-07 -0
1494 1.42013e-07 0
1495 -4.59225e-08 -0
1496 1.26087e-08 0
1497 -2.10001e-08 -0
1498 1.16961e-08 0
1499 8.50003e-08 0
1500 -3.22698e-08 -0
1501 8.67229e-09 0
1502 -4.82847e-08 0
1503 3.32064e-08 0
1504 1.41625e-07 -0
1505 -4.33125e-08 -0
1506 1.8988e-08 -0
1507 -2.18913e-08 -0
1508 6.19823e-09 0
1509 3.01407e-08 0
1510 -1.05008e-08 0
1511 1.08895e-08 0
1512 -5.89909e-09 0
1513 -1.0341e-08 0
1514 3.05025e-09 -0
1515 -9.5164e-09 0
1516 3.45589e-09 -0
1517 -1.76893e-08 -0
1518 5.02756e-09 0
1519 -4.08952e-09 -0
1520 -1.01627e-08 0
1521 4.0185e-09 -0
1522 -2.07387e-09 -0
1523 6.46061e-10 0
1524 -1.00747e-09 0
1525 6.62576e-09 -0
1526 -1.65962e-09 0
1527 8.81218e-10 -0
1528 5.19559e-09 -0
1529 -1.81466e-09 0
1530 7.99998e-10 0
1531 -4.13514e-10 0
1532 4.47345e-11 0
1533 2.2564e-10 0
1534 -1.53355e-10 -0
1535 2.62692e-07 0
1536 -7.10155e-08 0
1537 1.08854e-07 -0
1538 -6.18048e-08 -0
1539 2.17561e-08 -0
1540 -6.11381e-08 -0
1541 1.67975e-08 -0
1542 9.27524e-08 -0
1543 -2.78836e-08 -0
1544 2.40671e-08 0
1545 -1.01218e-08 0
1546 -3.94468e-08 -0
1547 1.05556e-08 0
1548 -1.03144e-07 -0
1549 5.30533e-08 0
1550 -1.77485e-08 0
1551 1.24934e-08 -0
1552 -3.61724e-09 0
1553 -4.63412e-08 0
1554 6.43556e-08 0
1555 -2.00105e-08 -0
1556 3.85409e-08 0
1557 -1.5039e-08 -0
1558 -6.83231e-08 0
1559 1.92517e-08 -0
1560 -1.14172e-08 0
1561 4.12226e-08 -0
1562 -1.11044e-08 0
1563 1.23655e-08 0
1564 -4.42653e-09 -0
1565 8.27495e-08 -0
1566 -3.80213e-08 0
1567 1.05539e-08 -0
1568 7.00068e-08 -0
1569 -5.20812e-08 0
1570 1.63936e-08 -0
1571 7.12898e-08 0
1572 -1.90799e-08 -0
1573 1.78712e-08 0
1574 -9.61688e-09 -0
1575 2.53294e-08 -0
1576 -7.21793e-09 -0
1577 2.76569e-09 -0
1578 5.35543e-08 -0
1579 -3.50594e-08 0
1580 9.56919e-09 0
1581 3.61046e-08 0
1582 -1.22641e-08 -0
1583 6.20907e-08 -0
1584 -3.03346e-08 -0
1585 9.31455e-09 0
1586 -1.60253e-08 0
1587 1.3353e-08 -0
1588 -3.94013e-09 0
1589 1.64655e-09 0
1590 1.60181e-08 0
1591 -4.35632e-09 0
1592 5.60758e-09 0
1593 -2.09037e-09 -0
1594 -9.68411e-09 0
1595 2.60262e-09 -0
1596 -5.90304e-09 -0
1597 2.62044e-09 0
1598 -1.00363e-07 0
1599 3.26503e-08 -0
1600 -2.19971e-08 -0
1601 6.06513e-09 -0
1602 2.35215e-08 0
1603 -2.30015e-08 0
1604 6.71224e-09 -0
1605 -3.99904e-08 -0
1606 2.08832e-08 0
1607 -7.28936e-09 0
1608 -5.03551e-08 -0
1609 1.42891e-08 -0
1610 -1.11536e-08 -0
1611 4.49092e-09 0
1612 -1.36836e-08 0
1613 3.69269e-09 -0
1614 -5.40766e-09 -0
1615 3.1414e-09 0
1616 1.2929e-08 -0
1617 -4.12286e-09 0
1618 1.24962e-09 0
1619 -1.07312e-08 -0
1620 5.1309e-09 -0
1621 -1.37398e-09 -0
1622 1.61093e-09 -0
1623 9.45061e-09 0
1624 -3.42173e-09 -0
1625 2.13375e-09 0
1626 -5.90487e-10 -0
1627 -5.80367e-09 0
1628 1.21822e-08 -0
1629 -5.37795e-09 0
1630 1.81848e-09 -0
1631 5.55393e-09 -0
1632 -1.56142e-09 0
1633 1.80378e-09 -0
1634 -1.03147e-08 -0
1635 3.12179e-09 0
1636 -1.60436e-09 -0
1637 1.34493e-09 0
1638 -3.64879e-10 -0
1639 -1.40357e-09 -0
1640 5.62962e-10 0
1641 -1.77132e-09 -0
1642 5.22739e-10 0
1643 -3.08304e-10 -0
1644 -7.36976e-10 -0
1645 2.41865e-10 0
1646 -2.44006e-10 -0
1647 1.05631e-08 -0
1648 -2.97914e-09 -0
1649 1.23158e-09 -0
1650 -1.70646e-09 0
1651 -6.84305e-09 0
1652 1.86147e-09 -0
1653 -1.4069e-09 -0
1654 4.91342e-10 0
1655 -1.08289e-09 0
1656 4.95461e-10 0
1657 1.77169e-09 0
1658 -5.09493e-10 -0
1659 3.42435e-10 0
1660 -1.17055e-10 0
1661 -1.22873e-10 -0
1662 1.78609e-09 -0
1663 -5.42973e-10 -0
1664 2.10859e-10 0
1665 -2.68132e-10 0
1666 2.01477e-10 -0
1667 -6.30469e-11 -0
1668 -8.21161e-11 0
1669 4.91251e-11 -0
1670 -1.34134e-09 -0
1671 3.68683e-10 0
1672 -6.78812e-10 -0
1673 1.9599e-10 0
1674 -7.98111e-11 -0
1675 1.65004e-08 -0
1676 -8.90721e-09 0
1677 -3.86598e-08 -0
1678 1.29918e-08 -0
1679 -3.55339e-09 -0
1680 3.36628e-09 -0
1681 -9.5519e-09 0
1682 2.92411e-09 0
1683 -1.26336e-09 0
1684 -1.01478e-08 -0
1685 2.71721e-09 0
1686 -1.78857e-09 0
1687 2.47222e-09 0
1688 -8.71162e-10 0
1689 8.99329e-09 -0
1690 -2.62601e-09 0
1691 -1.0954e-08 0
1692 5.5555e-09 0
1693 -4.79917e-09 0
1694 1.33972e-09 -0
1695 -3.28712e-09 -0
1696 1.22468e-09 0
1697 -3.29054e-10 -0
1698 -1.86118e-09 -0
1699 1.40879e-09 0
1700 -4.59825e-10 0
1701 2.24931e-09 0
1702 -9.21922e-10 -0
1703 1.04544e-09 0
1704 -2.83875e-10 0
1705 -3.43345e-09 -0
1706 2.08004e-09 -0
1707 -6.56597e-10 0
1708 -2.98184e-09 0
1709 8.46725e-10 -0
1710 -1.56493e-09 -0
1711 7.12538e-10 0
1712 -1.90386e-10 0
1713 3.50009e-09 -0
1714 -3.49222e-09 0
1715 1.33573e-09 0
1716 -3.97493e-10 -0
1717 -1.66982e-09 0
1718 8.7597e-10 0
1719 -2.83932e-09 -0
1720 9.77995e-10 0
1721 -2.68521e-10 -0
1722 1.87823e-10 0
1723 4.20706e-09 -0
1724 -2.06757e-09 -0
1725 3.48578e-09 -0
1726 -9.41595e-10 -0
1727 2.89636e-10 0
1728 1.48728e-09 -0
1729 -1.23127e-09 -0
1730 5.19531e-10 -0
1731 -3.74199e-09 -0
1732 1.10052e-09 0
1733 -1.33444e-09 -0
1734 3.57015e-10 -0
1735 -2.02035e-10 0
1736 -1.37467e-09 0
1737 4.56779e-10 0
1738 -1.01537e-09 -0
1739 3.62185e-10 -0
1740 -2.30971e-10 -0
1741 6.41498e-11 0
1742 2.65612e-10 0
1743 -1.17648e-10 -0
1744 1.73046e-10 0
1745 -4.61568e-11 -0
1746 -1.23201e-09 0
1747 3.95352e-10 0
1748 -3.59722e-10 -0
1749 1.04534e-10 -0
1750 -4.8441e-10 0
1751 1.93229e-10 0
1752 8.23281e-10 -0
1753 -2.2541e-10 -0
1754 1.24796e-10 0
1755 9.99725e-10 0
1756 -1.32376e-09 -0
1757 4.13602e-10 0
1758 -1.97041e-10 0
1759 6.42018e-10 -0
1760 -1.81875e-10 -0
1761 1.44726e-10 0
1762 -5.39337e-11 0
1763 1.6612e-09 -0
1764 -4.42589e-10 -0
1765 9.05764e-10 -0
1766 -5.63957e-10 0
1767 -2.46585e-09 0
1768 8.38633e-10 -0
1769 -2.25992e-10 0
1770 2.2223e-10 -0
1771 -6.73601e-11 -0
1772 -3.91659e-10 -0
1773 1.52786e-10 0
1774 -8.89877e-10 0
1775 2.55241e-10 -0
1776 -1.83757e-10 -0
1777 9.4172e-11 0
1778 1.31691e-09 0
1779 -3.61333e-10 -0
1780 4.03013e-10 -0
1781 -1.42846e-10 -0
1782 -5.69745e-10 -0
1783 2.37264e-10 0
1784 -6.23408e-10 -0
1785 1.67549e-10 -0
1786 -5.45199e-11 -0
1787 5.98367e-10 0
1788 -3.48525e-10 0
1789 5.53417e-10 0
1790 -1.6364e-10 -0
1791 -1.20044e-09 0
1792 5.53225e-10 -0
1793 -1.5484e-10 -0
1794 1.04122e-10 -0
1795 4.95964e-10 0
1796 -1.32523e-10 -0
1797 1.21663e-10 -0
1798 -4.57213e-11 0
1799 1.61568e-10 0
1800 -5.12502e-11 -0
1801 7.2349e-11 -0
1802 -2.06045e-11 -0
1803 -8.71581e-11 0
1804 4.30641e-11 -0
1805 -1.73643e-11 0
1806 2.69119e-10 0
1807 -7.26863e-11 0
1808 6.02449e-11 0
1809 -2.0038e-11 0
1810 3.42968e-11 -0
1811 1.91244e-10 -0
1812 -5.71577e-11 0
1813 3.17604e-11 -0
1814 -8.76623e-12 0
1815 -1.62939e-10 -0
1816 7.08912e-11 0
1817 -8.39796e-11 -0
1818 2.24851e-11 -0
1819 -1.12468e-10 0
1820 3.91215e-11 0
1821 -2.97432e-11 -0
1822 -2.33528e-10 -0
1823 6.79684e-11 -0
1824 -1.60288e-10 0
1825 9.8184e-11 -0
1826 -3.06301e-11 -0
1827 -1.26873e-10 -0
1828 3.38292e-11 -0
1829 -1.63904e-11 -0
1830 1.65927e-11 0
1831 -6.40379e-12 -0
1832 5.48122e-11 0
1833 -1.48812e-11 0
1834 2.79425e-11 -0
1835 -9.15316e-12 -0
1836 -4.32779e-11 0
1837 2.28874e-11 -0
1838 -6.46865e-12 -0
1839 4.44783e-12 -0
1840 1.1316e-10 0
1841 -4.17043e-11 0
1842 5.88627e-11 -0
1843 -1.60111e-11 0
1844 -7.68083e-11 -0
1845 3.36141e-11 0
1846 -1.04025e-11 -0
1847 3.58883e-11 -0
1848 -2.97054e-11 -0
1849 8.2821e-12 -0
1850 5.06072e-11 0
1851 -2.36246e-11 0
1852 2.76142e-11 0
1853 -8.2492e-12 -0
1854 -2.49936e-11 0
1855 8.79519e-12 -0
1856 -6.01734e-12 0
1857 1.63777e-12 -0
1858 -9.26683e-12 0
1859 3.6009e-12 0
1860 -5.98562e-12 0
1861 1.94945e-12 -0
1862 7.25014e-12 0
1863 -3.75901e-12 -0
1864 1.04997e-12 -0
1865 -1.0274e-11 0
1866 9.30615e-12 -0
1867 -2.7175e-12 -0
1868 -3.07328e-12 0
1869 1.70968e-12 -0
1870 -5.34807e-13 -0
1871 2.53342e-12 -0
1872 -1.66498e-12 -0
1873 -4.22752e-13 -0
1874 2.80653e-13 -0
1875 -4.71337e-13 -0
1876 2.15354e-13 0
1877 -4.76522e-13 0
1878 1.46781e-13 -0
1879 -9.75484e-12 0
1880 4.69929e-12 0
1881 -1.29136e-12 0
1882 -4.87283e-12 -0
1883 1.662e-11 -0
1884 -5.04649e-12 -0
1885 2.84639e-12 0
1886 -2.86965e-12 -0
1887 9.89285e-13 -0
1888 4.20408e-12 -0
1889 -1.15752e-12 -0
1890 4.8386e-13 0
1891 1.07332e-12 -0
1892 -7.27333e-13 0
1893 1.66365e-12 -0
1894 -4.81202e-13 0
1895 8.09293e-11 -0
1896 -2.62737e-11 0
1897 1.16821e-11 -0
1898 -1.25601e-11 -0
1899 3.38398e-12 -0
1900 -1.28811e-11 0
1901 4.74856e-12 0
1902 -3.41213e-12 0
1903 -1.87051e-11 -0
1904 5.38261e-12 0
1905 -1.12166e-11 0
1906 3.54501e-12 0
1907 -1.86527e-12 -0
1908 -1.93966e-11 -0
1909 5.2682e-12 0
1910 -4.55605e-12 -0
1911 -1.67556e-11 -0
1912 5.10889e-12 -0
1913 -2.18408e-12 0
1914 2.03146e-11 0
1915 -7.07699e-12 0
1916 8.33491e-12 -0
1917 -2.29102e-12 -0
1918 1.54094e-12 0
1919 6.59612e-12 0
1920 -1.92598e-12 0
1921 9.77059e-12 0
1922 -4.70542e-12 -0
1923 1.26314e-12 -0
1924 -1.96184e-12 -0
1925 6.53421e-13 0
1926 2.49228e-12 -0
1927 -1.12008e-12 -0
1928 8.06792e-13 0
1929 -2.35266e-13 -0
1930 8.83623e-13 -0
1931 1.7408e-12 -0
1932 -7.19079e-13 -0
1933 8.03015e-13 0
1934 -2.5111e-13 -0
1935 1.15874e-12 -0
1936 -4.89462e-13 0
1937 1.22016e-13 -0
1938 -6.38503e-14 0
1939 -5.48579e-13 -0
1940 1.6471e-13 0
1941 -1.19077e-13 -0
1942 4.01859e-13 0
1943 -1.05912e-13 -0
1944 3.24253e-14 -0
1945 -1.06416e-14 0
1946 -4.66497e-12 0
1947 1.26659e-12 -0
1948 -4.57549e-13 0
1949 -1.40774e-12 -0
1950 6.53495e-13 -0
1951 -1.4707e-12 -0
1952 4.26717e-13 -0
1953 -4.5365e-13 0
1954 1.25571e-13 -0
1955 5.00111e-13 -0
1956 -4.05538e-13 -0
1957 1.33564e-13 -0
1958 -1.14278e-12 0
1959 6.35881e-13 -0
1960 -1.94544e-13 -0
1961 2.93423e-13 -0
1962 -1.08025e-13 0
1963 -4.79551e-13 0
1964 1.33109e-13 0
1965 -3.9715e-13 0
1966 1.79923e-13 0
1967 4.39126e-13 0
1968 -1.28343e-13 -0
1969 9.77809e-14 -0
1970 -3.46668e-14 -0
1971 3.077e-12 0
1972 -1.5215e-12 -0
1973 1.88958e-12 0
1974 -5.07407e-13 0
1975 -2.21119e-12 -0
1976 6.8555e-13 -0
1977 -3.97874e-13 -0
1978 1.74285e-12 -0
1979 -6.66976e-13 -0
1980 1.83947e-13 0
1981 -3.15499e-13 0
1982 -2.62198e-12 -0
1983 8.81903e-13 0
1984 -7.23554e-13 0
1985 2.1301e-13 0
1986 6.25227e-13 -0
1987 -3.03088e-13 0
1988 3.25864e-13 -0
1989 -9.05863e-14 -0
1990 1.79029e-12 -0
1991 -7.62474e-13 -0
1992 4.77118e-13 0
1993 -1.43649e-13 -0
1994 -6.65407e-13 0
1995 2.28276e-12 0
1996 -8.12454e-13 -0
1997 2.287e-13 0
1998 -2.70145e-13 0
1999 1.10558e-13 0
2000 3.98942e-13 -0
2001 -1.0873e-13 0
2002 7.24565e-14 0
2003 -6.96398e-12 -0
2004 2.18402e-12 0
2005 -3.94189e-12 0
2006 2.04164e-12 -0
2007 -5.82445e-13 -0
2008 -5.44621e-12 -0
2009 2.01244e-12 0
2010 -1.78699e-12 -0
2011 4.76972e-13 0
2012 1.90446e-12 -0
2013 -2.78511e-12 -0
2014 9.22274e-13 0
2015 -5.8549e-12 0
2016 1.59435e-12 -0
2017 -7.52074e-13 -0
2018 5.49296e-13 0
2019 -1.60593e-13 -0
2020 4.31188e-13 0
2021 -1.67485e-13 0
2022 -1.02132e-12 0
2023 5.66629e-13 0
2024 -1.72448e-13 -0
2025 -2.49864e-12 0
2026 6.73051e-13 -0
2027 -7.05883e-13 -0
2028 3.018e-13 0
2029 1.22433e-12 -0
2030 -3.44372e-13 -0
2031 7.42756e-13 -0
2032 -2.56156e-13 0
2033 2.10955e-13 -0
2034 -2.63136e-12 0
2035 7.24306e-13 0
2036 -3.60743e-13 0
2037 4.77516e-13 0
2038 -1.54581e-13 -0
2039 -7.42265e-13 -0
2040 1.98385e-13 0
2041 -1.29795e-13 0
2042 5.37564e-13 -0
2043 -1.6075e-13 0
2044 7.14509e-14 0
2045 1.16783e-12 0
2046 -4.34492e-13 0
2047 7.47605e-13 0
