0 0 0
1 -0 -0
2 -0 0
3 0 -0
4 -0 0
5 1.53139e-65 -0
6 -4.47968e-66 0
7 1.95642e-66 0
8 -1.89007e-66 0
9 -9.11083e-66 -0
10 2.5422e-66 0
11 -9.63931e-67 -0
12 3.8068e-66 0
13 -2.78563e-66 0
14 8.62899e-67 0
15 3.07643e-66 -0
16 -1.5376e-66 0
17 4.21819e-67 0
18 -5.58159e-67 -0
19 4.31425e-37 -0
20 -1.47366e-37 -0
21 4.08343e-38 0
22 -8.41562e-38 -0
23 4.33037e-38 0
24 -3.33329e-38 -0
25 1.0325e-38 -0
26 5.12169e-38 0
27 -1.9965e-38 -0
28 9.09479e-38 -0
29 -2.4112e-38 0
30 2.43906e-38 0
31 -7.09747e-39 -0
32 -1.25925e-37 -0
33 5.58653e-38 -0
34 -3.4455e-38 -0
35 9.26192e-39 0
36 6.40195e-38 0
37 -8.71161e-38 0
38 3.06691e-38 -0
39 -1.07629e-37 -0
40 3.01615e-38 -0
41 -9.97756e-39 -0
42 -0.196124 0
43 0.14715 -0
44 -0.0606091 0
45 -0.229316 -0
46 0.063675 0
47 -0.126553 0
48 0.0642662 -0
49 -0.0192943 -0
50 0.0190995 0
51 -0.00512533 0
52 0.0481807 -0
53 -0.0184972 0
54 -0.0764846 0
55 0.0463484 -0
56 -0.0148634 -0
57 0.0404476 -0
58 -0.0109805 -0
59 0.014691 0
60 -0.00688412 -0
61 -0.0389921 0
62 0.0113741 0
63 -0.00972195 0
64 0.00301318 0
65 0.036794 -0
66 -0.0203413 -0
67 0.00548309 0
68 -0.00876204 0
69 0.00319806 0
70 0.0119517 0
71 -0.00524831 0
72 0.00146615 0
73 -0.00740083 0
74 0.0049666 -0
75 -0.0016979 -0
76 -0.0127372 0
77 0.0145507 0
78 -0.00398524 0
79 0.153993 0
80 -0.0602134 0
81 0.0179337 -0
82 0.0834719 -0
83 -0.0647004 0
84 0.0173499 0
85 -0.0372342 0
86 0.01208 0
87 -0.00600952 -0
88 0.0221696 0
89 -0.00634531 -0
90 0.00394213 0
91 0.0158257 0
92 -0.00663157 -0
93 0.00632778 0
94 -0.00174853 -0
95 -0.0621995 -0
96 0.0219571 -0
97 -0.165234 0
98 0.0507935 -0
99 -0.0274893 -0
100 0.0384468 0
101 -0.0103278 0
102 -0.0396616 0
103 0.0149827 -0
104 -0.0108621 -0
105 0.0274053 0
106 -0.00774964 0
107 -0.0413923 0
108 0.0137563 -0
109 -0.00614943 -0
110 0.0072905 0
111 -0.00196856 -0
112 0.0253328 0
113 -0.0149518 0
114 0.00438748 0
115 0.0455451 -0
116 -0.040222 0
117 0.0127724 0
118 -0.0235957 0
119 0.0095503 0
120 0.0406504 0
121 -0.0110601 0
122 0.00527846 -0
123 -0.0158274 -0
124 0.00458665 0
125 -0.00300916 0
126 -0.0111961 0
127 0.00386069 -0
128 -0.00398258 -0
129 0.00107211 0
130 0.00741774 0
131 -0.00224443 -0
132 0.00116355 -0
133 -0.00178686 0
134 0.000497639 -0
135 -0.109595 0
136 0.0400884 -0
137 -0.0326355 -0
138 0.121121 -0
139 -0.0519832 -0
140 0.0138641 0
141 0.0736133 -0
142 -0.0228656 -0
143 0.0127864 0
144 -0.0757457 -0
145 0.0206772 -0
146 -0.02589 -0
147 0.00995557 0
148 0.203434 0
149 -0.138288 0
150 0.0453896 0
151 0.189343 -0
152 -0.0528245 -0
153 0.0241794 -0
154 -0.0480681 -0
155 0.0129601 -0
156 -0.0140034 0
157 -0.094308 0
158 0.0333445 -0
159 -0.00984064 0
160 0.11731 -0
161 -0.0853647 -0
162 0.0345843 -0
163 -0.00987545 -0
164 -0.0485418 0
165 0.0785816 -0
166 -0.0251884 0
167 0.013341 -0
168 -0.00356343 -0
169 0.00965 -0
170 0.0390418 0
171 -0.0345836 -0
172 0.0116536 -0
173 -0.00319643 -0
174 0.00189092 0
175 0.0184256 0
176 -0.0088062 -0
177 0.0379616 0
178 -0.0115534 0
179 0.00430204 -0
180 -0.10249 0
181 0.0277859 0
182 -0.0272676 0
183 0.011394 0
184 0.0522069 0
185 -0.0146927 0
186 0.0113414 0
187 -0.0255672 -0
188 0.00763818 0
189 -0.00484683 -0
190 -0.242337 0
191 0.0646317 0
192 -0.0231992 0
193 0.0321988 -0
194 -0.0160092 0
195 -0.0933046 -0
196 0.0269638 -0
197 -0.191256 0
198 0.0748489 0
199 -0.0200714 -0
200 0.0236491 -0
201 0.0982967 -0
202 -0.0311342 0
203 0.017199 -0
204 -0.0551965 -0
205 0.0151952 0
206 -0.0125343 0
207 0.00549903 -0
208 -0.0100386 0
209 0.00333221 0
210 0.0240378 -0
211 -0.00673606 0
212 0.00451157 0
213 -0.0670614 0
214 0.0232607 -0
215 -0.00627264 0
216 -0.0259104 0
217 0.023707 -0
218 -0.00731461 0
219 0.0033085 -0
220 -0.0156132 -0
221 0.00416278 0
222 -0.0070431 0
223 0.00265169 0
224 0.0126819 0
225 -0.00370188 -0
226 0.00223344 0
227 0.034874 -0
228 -0.0176803 -0
229 0.0192827 -0
230 -0.00546236 0
231 0.00176733 -0
232 -0.00432685 0
233 0.00177766 0
234 0.009563 -0
235 -0.00257107 -0
236 0.00192237 -0
237 -0.015898 0
238 0.00471303 -0
239 -0.00594881 -0
240 0.00277264 0
241 -0.000737292 0
242 -0.00734351 0
243 0.00249843 0
244 -0.00175008 0
245 -0.00773363 0
246 0.00214855 0
247 -0.00451362 -0
248 0.00179187 0
249 -0.00100952 -0
250 0.000314113 -0
251 0.00831077 -0
252 -0.00852598 -0
253 0.00231794 -0
254 -0.00679223 0
255 0.00244743 -0
256 0.00996066 0
257 -0.00285957 0
258 0.00243654 0
259 -0.00118611 0
260 0.000317531 0
261 -0.000461712 -0
262 -0.00289495 0
263 0.00124915 0
264 -0.00038283 -0
265 0.00155861 0
266 -0.000967431 0
267 0.000264724 0
268 0.398834 -0
269 -0.141013 0
270 -0.627378 0
271 0.341755 0
272 -0.0997967 0
273 0.161288 -0
274 -0.155751 -0
275 0.0417127 0
276 -0.0160491 0
277 0.108552 -0
278 -0.0358808 0
279 -0.369497 0
280 0.299097 -0
281 -0.083024 0
282 0.0373012 0
283 0.144193 0
284 -0.0437028 0
285 0.0592067 -0
286 -0.0391087 0
287 0.0106337 -0
288 -0.0397449 -0
289 0.0146745 -0
290 0.0748846 -0
291 -0.0390873 0
292 0.0123397 -0
293 -0.313836 0
294 0.0846524 -0
295 -0.0977816 -0
296 0.0418753 0
297 0.293535 -0
298 -0.0832172 -0
299 0.16002 -0
300 -0.0931488 0
301 0.0314081 0
302 0.125832 0
303 -0.0337923 0
304 0.0234471 0
305 -0.255519 -0
306 0.100145 -0
307 -0.0295959 0
308 0.0717058 0
309 -0.0231423 0
310 -0.814715 -0
311 0.737208 0
312 -0.203603 -0
313 0.0944473 -0
314 0.443959 -0
315 -0.153501 -0
316 0.191844 0
317 -0.0513479 0
318 0.283827 0
319 -0.210173 0
320 0.060335 -0
321 -0.0246763 -0
322 -0.102449 0
323 0.172658 -0
324 -0.0484007 0
325 0.0246316 0
326 0.359478 -0
327 -0.129155 -0
328 0.139109 0
329 -0.0376639 -0
330 0.124163 0
331 -0.0754425 -0
332 0.0227365 -0
333 0.137567 -0
334 -0.0520519 0
335 -0.199679 -0
336 0.0637338 0
337 -0.0496016 0
338 0.0135763 0
339 -0.0282124 0
340 0.0136311 -0
341 -0.944921 0
342 0.253266 0
343 -0.106306 -0
344 0.164466 0
345 -0.050339 0
346 -0.38282 -0
347 0.212015 -0
348 -0.0614179 -0
349 0.060965 -0
350 0.239679 -0
351 -0.0814144 0
352 0.233236 -0
353 -0.0649281 0
354 0.042073 -0
355 -0.392445 0
356 0.157661 -0
357 -0.042433 0
358 0.0351742 -0
359 0.161172 0
360 -0.0529021 -0
361 0.0280392 -0
362 -0.112999 -0
363 0.0336509 -0
364 0.311362 -0
365 -0.0848197 -0
366 0.0373086 -0
367 -0.045257 0
368 0.0165534 0
369 0.0631361 -0
370 -0.0180058 0
371 0.0128898 -0
372 -0.0287875 0
373 0.0077019 0
374 -0.117372 0
375 0.0694356 -0
376 -0.0243437 0
377 0.0224847 0
378 -0.00699494 0
379 -0.0383049 0
380 0.0181296 0
381 -0.00510889 0
382 0.0257963 -0
383 -0.0369646 -0
384 0.0143478 0
385 0.356458 0
386 -0.0977485 0
387 -0.419454 -0
388 0.139588 0
389 -0.0869722 0
390 0.02551 -0
391 -0.0457543 -0
392 0.0225683 -0
393 -0.00605257 -0
394 -0.392129 0
395 0.34173 0
396 -0.127378 -0
397 0.348554 -0
398 -0.109819 0
399 -0.433441 -0
400 0.117207 0
401 -0.121272 0
402 0.0547285 -0
403 -0.335697 -0
404 0.0929546 -0
405 -0.0625609 0
406 -0.314235 0
407 0.0954446 -0
408 -0.0397105 -0
409 0.0532758 -0
410 -0.0301964 0
411 -0.320242 0
412 0.0857579 -0
413 -0.0278565 -0
414 0.0213067 -0
415 -0.0746854 0
416 0.0217175 0
417 0.0885878 0
418 -0.0315838 -0
419 0.0361815 0
420 -0.00982327 0
421 0.00510374 -0
422 0.0322768 -0
423 -0.0127735 0
424 0.0255646 -0
425 -0.00722854 0
426 0.140675 0
427 -0.0434238 -0
428 0.0344292 0
429 0.131123 0
430 -0.0556188 -0
431 0.0149881 -0
432 -0.114159 -0
433 0.0397558 0
434 -0.0380701 -0
435 0.0206379 -0
436 -0.00590613 0
437 -0.0474978 0
438 0.0759962 0
439 -0.0209416 -0
440 0.00967739 -0
441 0.0425925 -0
442 -0.0142686 -0
443 0.00984505 -0
444 -0.0249409 -0
445 0.00746056 -0
446 -0.00199923 -0
447 -0.030556 0
448 0.011659 0
449 -0.0150123 -0
450 0.00959582 0
451 -0.0452925 -0
452 0.0145377 -0
453 -0.00406553 -0
454 -0.0157741 0
455 0.00786898 -0
456 -0.0066445 0
457 0.0017854 -0
458 -0.0688476 0
459 0.0279141 0
460 0.157075 0
461 -0.0462497 0
462 0.0857737 0
463 -0.0496618 -0
464 0.0171258 -0
465 -0.0189037 -0
466 0.00514301 0
467 0.0244157 0
468 -0.0108393 0
469 0.0327056 0
470 -0.00942065 -0
471 0.00685911 0
472 -0.00214384 0
473 0.0273978 -0
474 -0.0102838 -0
475 0.0151421 -0
476 -0.00408629 0
477 -0.0172305 0
478 0.00823995 -0
479 -0.00231604 0
480 -0.0292536 -0
481 0.0259573 -0
482 -0.00847543 -0
483 0.019702 0
484 -0.0118172 0
485 0.00316271 -0
486 0.021666 0
487 -0.00931764 0
488 0.00284073 0
489 0.010815 -0
490 -0.0109649 0
491 0.00400209 0
492 -0.00109353 -0
493 0.00917752 -0
494 -0.00492035 0
495 0.0187734 -0
496 -0.00556984 0
497 0.00661612 -0
498 -0.00263715 -0
499 -0.134812 -0
500 0.038353 0
501 -0.0288877 0
502 -0.116204 -0
503 0.0395785 -0
504 -0.0106499 -0
505 0.0185684 -0
506 -0.00935928 0
507 -0.0490766 0
508 0.0155924 0
509 -0.0102572 -0
510 0.00285054 -0
511 -0.00616026 -0
512 0.0025429 0
513 0.0224264 0
514 -0.00607754 0
515 0.00496219 -0
516 -0.0017734 -0
517 0.0106377 0
518 -0.00310369 0
519 0.00426731 0
520 -0.00194312 -0
521 -0.00742648 -0
522 0.00204114 -0
523 -0.00114447 -0
524 0.145965 0
525 -0.0437585 0
526 0.0424337 -0
527 -0.131367 -0
528 0.0352067 0
529 -0.0130044 -0
530 -0.0611987 -0
531 0.0384891 -0
532 -0.0127655 0
533 -0.078379 -0
534 0.0381685 -0
535 -0.0118109 -0
536 0.017992 -0
537 -0.00501416 0
538 -0.108364 -0
539 0.0762811 0
540 -0.0332038 0
541 0.00887839 -0
542 -0.0230653 -0
543 0.0241995 -0
544 -0.00849287 -0
545 -0.0375467 -0
546 0.0108325 -0
547 -0.0473693 0
548 0.01849 -0
549 -0.00967829 -0
550 0.00263794 0
551 0.0200982 -0
552 -0.025205 -0
553 0.0079623 0
554 -0.0068013 -0
555 -0.0272614 -0
556 0.00751656 -0
557 -0.00351913 0
558 0.0330579 0
559 -0.00998792 0
560 0.00612797 -0
561 -0.0101503 0
562 0.0027156 0
563 -0.000912776 0
564 0.0219265 0
565 -0.00839786 -0
566 -0.0425827 -0
567 0.0398194 0
568 -0.0116263 0
569 0.00663865 -0
570 -0.0237948 -0
571 0.00641681 -0
572 0.0251026 0
573 -0.0105905 -0
574 0.00718506 -0
575 -0.00231834 0
576 0.00445246 0
577 -0.00125558 -0
578 -0.0155011 -0
579 0.00559564 -0
580 -0.00625137 0
581 0.00169628 -0
582 -0.0113572 -0
583 0.00582195 -0
584 -0.00178624 -0
585 0.00142869 0
586 0.00586866 -0
587 -0.00157514 -0
588 -0.0568061 0
589 0.0253735 0
590 -0.0353747 -0
591 0.0121261 0
592 -0.00346293 0
593 -0.0234256 -0
594 0.0128079 0
595 -0.0304358 -0
596 0.0084323 0
597 -0.00339101 -0
598 0.0172104 0
599 -0.0125456 0
600 0.00412055 -0
601 0.0187963 0
602 -0.00502437 -0
603 0.00542576 -0
604 -0.00205385 -0
605 0.0340179 0
606 -0.0101072 -0
607 0.00589862 0
608 0.0232771 0
609 -0.00637194 -0
610 0.0129717 -0
611 -0.00593409 -0
612 0.00185877 -0
613 -0.00168275 -0
614 -0.00891253 -0
615 0.00240009 0
616 -0.00158954 0
617 0.00434276 -0
618 -0.00153582 -0
619 -0.0160231 0
620 0.00448917 0
621 -0.005859 0
622 0.00253164 0
623 -0.000745088 -0
624 0.030477 0
625 -0.0233529 0
626 0.00623581 -0
627 0.0250041 0
628 -0.00916267 -0
629 0.0146371 -0
630 -0.00715288 0
631 0.00228202 -0
632 -0.00885133 -0
633 0.0025045 0
634 0.0157625 0
635 -0.00642474 0
636 0.00737342 -0
637 -0.00199158 0
638 0.00137617 -0
639 0.0296805 -0
640 -0.0100248 0
641 -0.0433435 0
642 0.0124171 0
643 -0.00733022 0
644 0.0242663 0
645 -0.00936098 0
646 0.00250592 0
647 -0.00219024 0
648 0.0216684 -0
649 -0.00659925 -0
650 0.00305351 0
651 -0.00449927 0
652 0.00123294 0
653 0.0116772 -0
654 -0.00616834 -0
655 0.00214237 -0
656 0.0109785 0
657 -0.00329366 0
658 0.0071071 0
659 -0.00452297 -0
660 0.00125426 -0
661 -0.0012493 0
662 -0.00512256 -0
663 0.00166387 -0
664 -0.000690373 0
665 0.0041829 -0
666 -0.00111607 -0
667 0.0013593 -0
668 -0.000685229 0
669 -0.0980025 0
670 0.0284326 0
671 -0.0105996 0
672 0.0190463 -0
673 -0.00514831 -0
674 -0.022146 0
675 0.0174123 -0
676 -0.00581448 -0
677 0.0171046 -0
678 -0.00818459 0
679 0.00222845 0
680 0.014043 0
681 -0.00870005 -0
682 0.00268491 0
683 0.0389239 0
684 -0.0153456 0
685 0.0128565 0
686 -0.00361809 0
687 0.0170801 -0
688 -0.00614164 -0
689 -0.0239813 -0
690 0.00642457 0
691 -0.0068442 -0
692 0.00379572 0
693 -0.00112189 -0
694 0.0142845 -0
695 -0.0060902 -0
696 0.0114891 -0
697 -0.00317157 0
698 -0.0150847 0
699 0.0111841 0
700 -0.00356001 0
701 0.00553624 -0
702 -0.0024368 0
703 -0.0193477 0
704 0.00520426 -0
705 -0.00180058 0
706 0.00170945 -0
707 -0.0128886 -0
708 0.00372639 0
709 -0.00225078 -0
710 -0.00912863 0
711 0.00249441 0
712 -0.00606602 0
713 0.00241864 0
714 -0.000721744 0
715 -0.02027 -0
716 0.0100677 0
717 -0.00717031 0
718 0.00191751 -0
719 -0.00260458 -0
720 0.000858922 0
721 0.00463879 -0
722 -0.00131334 -0
723 0.00423499 0
724 -0.00159135 -0
725 0.000868065 -0
726 0.0033373 -0
727 -0.00104104 0
728 0.000955376 0
729 -0.0335222 0
730 0.00937489 0
731 -0.00441708 0
732 0.00524239 0
733 -0.00178872 -0
734 -0.0131972 -0
735 0.00354563 0
736 -0.00229997 -0
737 0.0125867 -0
738 -0.00381213 0
739 0.00642861 -0
740 -0.00260619 0
741 -0.0114688 -0
742 0.00311871 -0
743 -0.00254251 0
744 0.00092196 -0
745 -0.00357517 0
746 0.00102368 -0
747 -0.000579751 0
748 -0.00575792 0
749 0.00185247 0
750 -0.00391031 0
751 0.00104634 0
752 -0.000471874 0
753 -0.00196677 0
754 0.001934 -0
755 -0.000566054 0
756 0.000292451 0
757 -0.00527976 0
758 0.00145259 -0
759 -0.00109166 -0
760 -0.00510767 -0
761 0.00196456 0
762 -0.00280886 -0
763 0.000883825 0
764 -0.00234113 0
765 0.000631557 0
766 -0.000264917 -0
767 -0.0124892 0
768 0.00835333 -0
769 -0.00294381 -0
770 -0.0114428 0
771 0.0031853 0
772 -0.00361365 0
773 0.00175585 0
774 -0.0153695 0
775 0.00411108 0
776 -0.00134573 0
777 -0.00768061 0
778 0.00444881 0
779 -0.00126659 -0
780 0.0028878 -0
781 -0.00247605 0
782 0.000753121 0
783 -0.000328468 -0
784 -0.00423818 0
785 0.00114901 0
786 -0.00147921 0
787 0.000541664 -0
788 0.0021385 -0
789 -0.00902115 -0
790 0.00262601 0
791 -0.00165809 0
792 0.000559403 -0
793 -0.000988155 0
794 0.000264889 -0
795 0.00135067 0
796 -0.000724871 -0
797 0.000284385 0
798 0.0120641 0
799 -0.00335969 0
800 0.00359134 -0
801 -0.00263709 -0
802 0.000795294 0
803 0.00305415 -0
804 -0.00127328 0
805 0.00390792 -0
806 -0.00107559 0
807 0.000335611 0
808 -0.00612146 -0
809 0.0028506 -0
810 -0.00259386 0
811 -0.0152262 -0
812 0.00544464 0
813 -0.00147476 0
814 0.00305531 -0
815 -0.00157069 0
816 0.000443454 -0
817 -0.00299304 0
818 0.00207406 -0
819 -0.000675084 0
820 -0.00245867 0
821 0.003047 0
822 -0.000818337 -0
823 0.00031302 0
824 0.00475525 0
825 -0.00140757 0
826 0.000869634 -0
827 -0.00330998 -0
828 0.00148494 -0
829 0.00596343 0
830 -0.00173177 0
831 0.00135096 -0
832 -0.000453418 0
833 0.000683678 -0
834 0.00462776 -0
835 -0.00127876 0
836 0.000479834 -0
837 -0.000501615 -0
838 0.000267127 0
839 -7.22093e-05 -0
840 -0.000259033 -0
841 8.03481e-05 0
842 -0.000451112 -0
843 0.000217452 0
844 -0.0114165 0
845 0.00398285 0
846 -0.00331788 0
847 0.000941239 -0
848 -0.00178966 -0
849 -0.00982689 0
850 0.002679 0
851 -0.00159008 0
852 0.000507172 -0
853 -0.00135271 -0
854 0.000583042 0
855 0.00264501 -0
856 -0.000787992 -0
857 0.000884061 -0
858 -0.000237251 -0
859 -0.00218158 -0
860 0.000872402 0
861 -0.00123875 0
862 0.000700849 0
863 -0.000196562 -0
864 0.0023168 0
865 -0.000833799 -0
866 0.000816441 -0
867 0.00317527 -0
868 -0.000857815 -0
869 0.000608172 -0
870 -0.000202061 -0
871 0.00159333 0
872 -0.000482003 -0
873 0.000243166 0
874 0.00154476 0
875 -0.00044224 -0
876 0.000722123 0
877 -0.000295863 0
878 0.000237187 0
879 0.000872493 0
880 -0.000236816 -0
881 0.000759718 0
882 -0.000349129 0
883 0.00011016 0
884 0.00144222 0
885 -0.000400551 0
886 0.000261041 -0
887 -0.000336197 0
888 0.000118243 -0
889 0.000564821 0
890 -0.000152075 -0
891 0.000354412 0
892 -0.000138655 -0
893 0.000122659 -0
894 -3.59855e-05 -0
895 0.00275145 0
896 -0.00133463 0
897 0.000429365 -0
898 0.00164263 0
899 -0.00044888 -0
900 0.00026912 -0
901 -0.0012634 -0
902 0.000477625 0
903 -0.000840507 -0
904 0.000242129 0
905 0.00101713 -0
906 -0.000692254 0
907 0.000232514 -0
908 -0.000218405 0
909 5.85636e-05 0
910 0.000424761 0
911 -0.00017823 -0
912 0.000603112 0
913 -0.000185057 -0
914 0.000101891 0
915 -2.8086e-05 0
916 0.000679737 0
917 -0.000790046 0
918 0.000354368 -0
919 0.00193027 -0
920 -0.000547908 -0
921 0.000404467 0
922 -0.000139061 0
923 0.00029211 -0
924 -7.85537e-05 0
925 -0.00107922 0
926 0.000322045 -0
927 -0.000430775 -0
928 0.000224619 0
929 0.000873225 -0
930 -0.00032233 -0
931 0.00176692 0
932 -0.000479223 0
933 0.000300057 0
934 -9.35217e-05 0
935 -0.000426759 0
936 0.000181561 0
937 -0.00019831 -0
938 5.57409e-05 -0
939 -0.000484768 -0
940 0.000227986 0
941 -6.10445e-05 0
942 0.000153461 0
943 -0.000123881 0
944 4.02939e-05 -0
945 0.000152665 0
946 -5.83853e-05 -0
947 8.84561e-05 0
948 -2.46083e-05 -0
949 -0.000213709 0
950 0.000122871 -0
951 -3.63029e-05 -0
952 -0.00116608 0
953 0.000475166 -0
954 -0.000430371 -0
955 0.000116577 0
956 -0.000468563 -0
957 0.000160865 -0
958 0.000616514 0
959 -0.000413117 -0
960 0.00012039 -0
961 -0.000246119 0
962 0.000122713 0
963 -3.94169e-05 0
964 -0.000215913 0
965 5.93148e-05 -0
966 -6.03012e-05 0
967 2.66774e-05 0
968 -0.000392566 0
969 0.000119331 0
970 -4.34119e-05 0
971 -0.000180826 0
972 0.000142869 0
973 -3.84723e-05 -0
974 6.46431e-05 0
975 -3.52059e-05 -0
976 -0.000471097 -0
977 0.000133734 0
978 -0.000403097 0
979 0.000140188 0
980 -0.000102257 -0
981 2.79804e-05 -0
982 9.89782e-05 -0
983 -4.00495e-05 -0
984 4.96456e-05 -0
985 -1.54067e-05 0
986 -0.000129129 -0
987 3.73088e-05 0
988 -2.34484e-05 -0
989 0.000541961 0
990 -0.000145753 0
991 6.67344e-05 -0
992 0.000294882 -0
993 -0.000432564 -0
994 0.000142347 0
995 -0.000123457 -0
996 4.65919e-05 -0
997 -1.28787e-05 0
998 3.15692e-05 0
999 -1.68473e-05 0
1000 -6.53563e-05 -0
1001 1.77426e-05 0
1002 -0.000118637 0
1003 3.73769e-05 -0
1004 -3.94504e-05 0
1005 1.72257e-05 -0
1006 0.000105504 0
1007 -3.1448e-05 -0
1008 1.79528e-05 0
1009 -8.18359e-05 0
1010 2.28113e-05 -0
1011 -8.13702e-06 -0
1012 0.00105956 0
1013 -0.000790346 -0
1014 0.000324489 0
1015 -0.000589226 -0
1016 0.000158277 0
1017 0.000626728 0
1018 -0.000305726 0
1019 8.68459e-05 0
1020 -0.000113524 -0
1021 -0.000615704 0
1022 0.00020853 0
1023 -0.000136105 -0
1024 4.06715e-05 0
1025 -0.000121483 -0
1026 0.000112085 0
1027 -3.03772e-05 -0
1028 -0.00106724 0
1029 0.000389742 0
1030 -0.000196611 0
1031 -0.000797126 0
1032 0.000252278 -0
1033 -6.75478e-05 0
1034 0.000104951 -0
1035 -0.00084 0
1036 0.000332478 -0
1037 -9.29406e-05 -0
1038 6.4198e-05 -0
1039 0.000606951 -0
1040 -0.00017651 -0
1041 0.000197229 0
1042 -9.22256e-05 -0
1043 -0.000437712 -0
1044 0.000145235 -0
1045 -0.000314802 0
1046 8.45015e-05 -0
1047 -4.92983e-05 -0
1048 1.50373e-05 0
1049 8.56794e-05 -0
1050 -7.1317e-05 -0
1051 2.75875e-05 0
1052 -0.000101444 -0
1053 2.80146e-05 0
1054 0.00010715 0
1055 -4.74407e-05 0
1056 4.63852e-05 0
1057 -1.36145e-05 -0
1058 0.000501587 -0
1059 -0.000175315 -0
1060 0.000104304 0
1061 -2.80725e-05 -0
1062 7.05382e-05 -0
1063 -8.54843e-05 -0
1064 3.51758e-05 -0
1065 0.000317791 -0
1066 -8.67157e-05 -0
1067 4.4274e-05 0
1068 -0.000258903 -0
1069 8.46341e-05 0
1070 0.000402378 -0
1071 -0.000115658 0
1072 8.67845e-05 0
1073 -0.000144744 0
1074 3.8532e-05 -0
1075 -1.37844e-05 0
1076 -0.000222272 0
1077 0.000140209 0
1078 -4.33771e-05 0
1079 -0.00018156 0
1080 8.68867e-05 0
1081 -2.41413e-05 0
1082 2.54962e-05 -0
1083 -0.000106908 -0
1084 3.19682e-05 0
1085 -1.75014e-05 -0
1086 -0.00012121 -0
1087 3.24433e-05 0
1088 -4.70423e-05 -0
1089 1.74104e-05 0
1090 -0.000145744 -0
1091 4.86983e-05 -0
1092 -3.40215e-05 0
1093 9.22616e-06 -0
1094 4.53403e-05 0
1095 -1.93849e-05 -0
1096 3.58003e-05 -0
1097 -1.14762e-05 -0
1098 1.06442e-05 -0
1099 -2.99127e-06 0
1100 -9.52752e-05 -0
1101 3.7135e-05 0
1102 -0.000113703 0
1103 3.0376e-05 0
1104 0.000121127 0
1105 -6.43774e-05 0
1106 1.95012e-05 -0
1107 -2.27311e-05 -0
1108 1.04225e-05 0
1109 -0.000151062 0
1110 4.33011e-05 -0
1111 -3.46346e-05 -0
1112 -0.00019223 0
1113 5.16507e-05 -0
1114 -1.7926e-05 0
1115 1.19543e-05 0
1116 -5.6714e-05 -0
1117 1.78764e-05 0
1118 -2.39523e-05 -0
1119 6.54002e-06 0
1120 7.92696e-05 0
1121 -3.02027e-05 -0
1122 1.72694e-05 -0
1123 7.34717e-05 0
1124 -2.05001e-05 -0
1125 5.02195e-05 -0
1126 -2.36519e-05 -0
1127 2.02237e-05 -0
1128 -5.88976e-06 -0
1129 -0.000382505 -0
1130 0.000102239 -0
1131 -4.30977e-05 -0
1132 7.16769e-05 0
1133 -2.55806e-05 0
1134 -0.000155288 0
1135 9.7429e-05 -0
1136 -3.01251e-05 0
1137 0.000118324 -0
1138 -3.20142e-05 -0
1139 3.27716e-05 -0
1140 0.0001292 0
1141 -6.44324e-05 -0
1142 2.20182e-05 -0
1143 -6.26063e-06 -0
1144 0.000139802 0
1145 -0.00027959 -0
1146 0.000125222 0
1147 -3.44413e-05 0
1148 -0.000156093 0
1149 0.000112523 0
1150 -3.63352e-05 -0
1151 4.58613e-05 -0
1152 -1.23225e-05 0
1153 -9.65026e-05 -0
1154 3.65006e-05 -0
1155 -2.02864e-05 -0
1156 0.000133001 -0
1157 -4.00611e-05 0
1158 3.80919e-05 -0
1159 -1.53536e-05 0
1160 -8.78946e-05 0
1161 2.34705e-05 -0
1162 -5.57866e-05 0
1163 1.59574e-05 -0
1164 -1.24444e-05 0
1165 4.14871e-06 -0
1166 8.00911e-05 0
1167 -4.89094e-05 0
1168 1.35953e-05 0
1169 5.34741e-05 -0
1170 -1.95812e-05 0
1171 3.04981e-05 0
1172 -1.5901e-05 0
1173 4.31659e-06 -0
1174 -1.45646e-05 -0
1175 4.54536e-06 -0
1176 -5.17826e-06 -0
1177 -2.20418e-05 0
1178 9.5636e-06 -0
1179 -2.81653e-06 0
1180 3.24645e-05 -0
1181 -8.68909e-06 -0
1182 7.29123e-06 0
1183 -2.86224e-06 0
1184 -2.65663e-05 0
1185 1.75978e-05 0
1186 -5.38894e-06 0
1187 2.90657e-05 -0
1188 -7.92647e-06 -0
1189 1.10081e-05 0
1190 -5.0907e-06 -0
1191 -2.64724e-05 -0
1192 9.14846e-06 -0
1193 -4.94486e-06 0
1194 1.38745e-06 -0
1195 -3.70859e-06 -0
1196 -1.50661e-05 -0
1197 4.93458e-06 0
1198 -4.41308e-06 0
1199 1.18363e-06 -0
1200 6.74201e-05 -0
1201 -2.82132e-05 0
1202 1.9795e-05 0
1203 -5.79529e-06 -0
1204 1.15504e-05 0
1205 7.06745e-05 -0
1206 -2.58269e-05 0
1207 7.18164e-06 -0
1208 -7.69692e-06 0
1209 3.9724e-06 0
1210 -4.89025e-05 -0
1211 1.56804e-05 0
1212 6.71119e-05 -0
1213 -1.80392e-05 -0
1214 1.06437e-05 -0
1215 -1.45199e-05 0
1216 4.3387e-06 0
1217 4.43768e-05 -0
1218 -1.90329e-05 0
1219 4.35448e-05 0
1220 -1.18483e-05 0
1221 9.19984e-06 -0
1222 -3.12271e-06 -0
1223 -1.13319e-05 -0
1224 4.21889e-06 0
1225 -2.15866e-05 -0
1226 6.14175e-06 0
1227 -2.75623e-06 0
1228 0.000144305 -0
1229 -0.000158447 0
1230 4.2396e-05 -0
1231 -2.72227e-05 0
1232 8.59843e-06 -0
1233 3.63481e-05 -0
1234 -6.488e-05 -0
1235 2.52686e-05 0
1236 -7.22588e-06 0
1237 3.53942e-06 0
1238 -1.35698e-05 0
1239 3.7046e-06 0
1240 1.74138e-05 -0
1241 -1.39388e-05 -0
1242 4.92189e-06 -0
1243 7.14975e-05 -0
1244 -2.12569e-05 0
1245 1.21592e-05 -0
1246 -1.50241e-05 -0
1247 4.06105e-06 0
1248 -1.19067e-05 0
1249 4.87719e-06 0
1250 1.94575e-05 0
1251 -5.40981e-06 0
1252 4.96866e-06 0
1253 -1.64465e-06 -0
1254 1.23082e-05 0
1255 -8.40835e-06 -0
1256 2.53519e-06 -0
1257 1.44977e-05 0
1258 -6.61211e-06 0
1259 1.77195e-06 0
1260 -2.70974e-06 -0
1261 1.0223e-06 -0
1262 2.33374e-05 0
1263 -6.77296e-06 0
1264 5.05221e-06 0
1265 1.88486e-05 0
1266 -9.03689e-06 0
1267 2.49468e-06 -0
1268 -5.9308e-06 -0
1269 2.04797e-06 0
1270 1.51662e-05 0
1271 -9.10689e-06 -0
1272 2.86827e-06 -0
1273 -2.9428e-06 0
1274 7.9561e-07 0
1275 -1.35802e-05 -0
1276 5.47317e-06 -0
1277 -8.95342e-06 0
1278 2.51535e-06 0
1279 1.27136e-05 0
1280 -6.49703e-06 -0
1281 2.18732e-05 0
1282 -7.04341e-06 -0
1283 6.22381e-06 -0
1284 -1.69717e-06 0
1285 -6.53663e-06 -0
1286 2.33602e-06 0
1287 -2.75136e-06 0
1288 8.10733e-07 -0
1289 -7.91074e-06 -0
1290 4.25189e-06 0
1291 -1.14337e-06 -0
1292 -1.18572e-05 0
1293 5.13537e-06 -0
1294 -3.39279e-06 -0
1295 1.03948e-06 -0
1296 -2.20714e-06 -0
1297 -9.88589e-06 -0
1298 3.81517e-06 0
1299 -1.02271e-06 0
1300 1.34399e-06 -0
1301 -3.86843e-07 0
1302 1.72878e-06 -0
1303 -1.05429e-06 0
1304 3.58951e-07 -0
1305 2.27503e-06 0
1306 -6.36014e-07 0
1307 5.26206e-07 -0
1308 -1.70238e-05 0
1309 8.43937e-06 -0
1310 -2.75034e-06 -0
1311 -1.06355e-05 0
1312 2.91087e-06 0
1313 -4.90791e-06 -0
1314 2.05541e-06 0
1315 -1.50256e-06 -0
1316 4.49143e-07 -0
1317 -2.75778e-06 -0
1318 9.89928e-07 0
1319 4.12826e-06 0
1320 -1.11512e-06 0
1321 1.10007e-06 0
1322 -5.0427e-07 -0
1323 -1.63675e-05 -0
1324 4.64097e-06 0
1325 -1.30759e-05 0
1326 7.22747e-06 0
1327 -2.23414e-06 0
1328 2.53094e-06 -0
1329 -6.79284e-07 -0
1330 -4.0945e-06 0
1331 1.63334e-06 0
1332 -3.08721e-06 -0
1333 1.02808e-06 0
1334 -6.41094e-07 0
1335 -3.01545e-06 0
1336 8.35269e-07 0
1337 -3.12734e-07 0
1338 1.13393e-06 0
1339 -7.95698e-07 -0
1340 2.31464e-07 0
1341 2.09144e-06 -0
1342 -1.01719e-06 0
1343 1.49627e-06 -0
1344 -4.07126e-07 0
1345 -1.64581e-06 0
1346 5.2537e-07 -0
1347 -4.44763e-07 0
1348 1.96017e-07 0
1349 -4.85329e-06 0
1350 1.29975e-06 -0
1351 -4.56283e-07 -0
1352 2.32514e-06 0
1353 -2.20752e-06 0
1354 6.29686e-07 -0
1355 2.50576e-06 -0
1356 -1.32269e-06 -0
1357 4.02554e-07 -0
1358 7.56938e-06 -0
1359 -3.11905e-06 -0
1360 3.93598e-06 -0
1361 -1.06133e-06 0
1362 2.55466e-06 0
1363 -1.93122e-06 0
1364 5.7218e-07 -0
1365 3.95286e-06 -0
1366 -1.51231e-06 -0
1367 8.58015e-07 0
1368 -2.36113e-07 0
1369 -8.80036e-07 0
1370 2.97125e-07 -0
1371 -5.97351e-07 -0
1372 3.8933e-07 0
1373 -1.09937e-07 -0
1374 9.82836e-07 0
1375 -4.63152e-07 -0
1376 1.24428e-07 -0
1377 5.99242e-07 -0
1378 -6.50184e-07 -0
1379 2.03079e-07 -0
1380 -7.41273e-08 0
1381 2.42693e-06 0
1382 -3.49115e-06 0
1383 9.38436e-07 0
1384 -5.45482e-07 -0
1385 1.49487e-06 -0
1386 -4.8081e-07 0
1387 -2.33348e-06 0
1388 9.86526e-07 0
1389 -8.55836e-07 -0
1390 2.48677e-07 0
1391 4.49426e-06 0
1392 -1.19689e-06 0
1393 5.96393e-07 0
1394 -2.27446e-06 -0
1395 8.86928e-07 0
1396 -6.7697e-07 0
1397 1.8682e-07 0
1398 7.86992e-07 0
1399 -2.70483e-07 -0
1400 4.16227e-07 -0
1401 -1.24112e-07 0
1402 -7.65506e-07 0
1403 5.40184e-07 0
1404 -1.4663e-07 -0
1405 1.48157e-06 0
1406 -6.48379e-07 -0
1407 1.31102e-06 0
1408 -3.69229e-07 -0
1409 1.3482e-07 -0
1410 1.42312e-06 0
1411 -1.39572e-06 -0
1412 4.43925e-07 0
1413 -2.27757e-07 0
1414 1.12199e-06 -0
1415 -2.99359e-07 -0
1416 1.85812e-07 -0
1417 8.54997e-07 0
1418 -2.61104e-07 0
1419 3.01785e-07 0
1420 -1.21239e-07 0
1421 3.31451e-08 0
1422 2.88023e-06 0
1423 -5.18464e-06 0
1424 1.83904e-06 -0
1425 -1.00293e-06 -0
1426 2.89086e-07 -0
1427 1.32512e-06 -0
1428 -1.12872e-06 0
1429 3.02091e-07 0
1430 -9.58009e-07 0
1431 4.45589e-07 -0
1432 -1.48344e-07 0
1433 -9.14945e-07 0
1434 1.23594e-06 -0
1435 -3.456e-07 0
1436 -1.35042e-06 -0
1437 4.08652e-07 -0
1438 -2.7287e-07 0
1439 1.05687e-07 0
1440 -2.7269e-07 0
1441 7.4553e-08 0
1442 1.33032e-06 0
1443 -1.23274e-06 0
1444 5.94736e-07 -0
1445 -1.87228e-07 0
1446 1.4512e-06 -0
1447 -3.88486e-07 -0
1448 2.34502e-07 0
1449 1.25149e-06 0
1450 -4.26332e-07 0
1451 4.53408e-07 0
1452 -1.32011e-07 -0
1453 5.58735e-08 -0
1454 -8.78942e-07 0
1455 6.91259e-07 -0
1456 -1.87303e-07 0
1457 -7.32549e-07 0
1458 2.74644e-07 -0
1459 -4.77164e-07 0
1460 1.3644e-07 0
1461 -6.13171e-07 0
1462 3.52785e-07 -0
1463 -1.15252e-07 0
1464 -1.10031e-06 0
1465 4.97776e-07 -0
1466 -1.33699e-07 0
1467 1.89541e-07 -0
1468 8.10676e-07 0
1469 -2.41732e-07 -0
1470 1.74108e-07 -0
1471 -6.27849e-08 -0
1472 1.54315e-07 0
1473 -4.29408e-08 -0
1474 2.27866e-08 -0
1475 -3.55814e-07 -0
1476 1.39581e-07 0
1477 -1.28684e-07 0
1478 3.3926e-08 0
1479 3.31287e-07 0
1480 -1.01467e-07 0
1481 3.3496e-07 -0
1482 -1.61093e-07 -0
1483 -7.57045e-07 -0
1484 2.1028e-07 0
1485 -2.43044e-07 0
1486 8.34e-08 -0
1487 -6.5648e-08 -0
1488 1.74922e-08 -0
1489 9.86989e-08 0
1490 -4.02077e-08 0
1491 8.31783e-08 -0
1492 -2.41447e-08 0
1493 1.35725e-07 -0
1494 -7.90764e-08 0
1495 2.47385e-08 -0
1496 -6.59876e-09 0
1497 9.06006e-09 -0
1498 -4.68782e-09 0
1499 -7.19975e-08 0
1500 2.65865e-08 -0
1501 -7.00356e-09 0
1502 2.37725e-08 0
1503 -1.50639e-08 0
1504 -1.00261e-07 -0
1505 2.98765e-08 -0
1506 -1.2607e-08 -0
1507 1.30695e-08 -0
1508 -3.59895e-09 0
1509 -3.33593e-07 0
1510 1.09205e-07 0
1511 -9.70171e-08 0
1512 4.85827e-08 0
1513 2.01521e-07 0
1514 -5.45542e-08 -0
1515 1.05589e-07 0
1516 -3.59285e-08 -0
1517 1.1255e-07 -0
1518 -3.09268e-08 0
1519 2.30343e-08 -0
1520 1.32259e-07 0
1521 -4.82483e-08 -0
1522 2.26246e-08 -0
1523 -6.66305e-09 0
1524 8.3744e-09 0
1525 9.95836e-08 -0
1526 -2.66291e-08 0
1527 1.68488e-08 -0
1528 -1.00096e-07 -0
1529 3.15724e-08 0
1530 -1.24074e-08 0
1531 -5.41449e-08 0
1532 1.54985e-08 0
1533 -1.57794e-08 0
1534 7.01443e-09 -0
1535 4.46713e-07 0
1536 -1.21296e-07 0
1537 1.90631e-07 -0
1538 -1.09231e-07 -0
1539 3.86687e-08 -0
1540 -1.13703e-07 -0
1541 3.13753e-08 -0
1542 1.59158e-07 -0
1543 -4.80781e-08 -0
1544 4.20757e-08 0
1545 -1.78147e-08 0
1546 -6.53091e-08 -0
1547 1.7552e-08 0
1548 -2.00871e-07 -0
1549 1.0412e-07 0
1550 -3.50072e-08 0
1551 2.49029e-08 -0
1552 -7.2414e-09 0
1553 -7.81027e-08 0
1554 1.107e-07 0
1555 -3.45769e-08 -0
1556 6.84941e-08 0
1557 -2.68776e-08 -0
1558 -1.14543e-07 0
1559 3.24079e-08 -0
1560 -1.93858e-08 0
1561 7.37699e-08 -0
1562 -1.9948e-08 0
1563 2.25679e-08 0
1564 -8.11962e-09 -0
1565 1.96627e-07 -0
1566 -9.08545e-08 0
1567 2.5305e-08 -0
1568 1.55502e-07 -0
1569 -1.16725e-07 0
1570 3.68805e-08 -0
1571 1.52511e-07 0
1572 -4.09477e-08 -0
1573 3.87849e-08 0
1574 -2.10052e-08 -0
1575 5.71083e-08 -0
1576 -1.63289e-08 -0
1577 6.28533e-09 -0
1578 1.06215e-07 -0
1579 -6.98824e-08 0
1580 1.91138e-08 0
1581 7.02937e-08 0
1582 -2.39339e-08 -0
1583 1.25981e-07 -0
1584 -6.17781e-08 -0
1585 1.90142e-08 0
1586 -3.31604e-08 0
1587 2.78144e-08 -0
1588 -8.22669e-09 0
1589 3.44942e-09 0
1590 3.20793e-08 0
1591 -8.73582e-09 0
1592 1.13202e-08 0
1593 -4.22819e-09 -0
1594 -1.92964e-08 0
1595 5.19063e-09 -0
1596 -1.18845e-08 -0
1597 5.28575e-09 0
1598 -2.4267e-07 0
1599 7.90578e-08 -0
1600 -5.34209e-08 -0
1601 1.47473e-08 -0
1602 5.63131e-08 0
1603 -5.52903e-08 0
1604 1.61542e-08 -0
1605 -9.88076e-08 -0
1606 5.17162e-08 0
1607 -1.80794e-08 0
1608 -1.21783e-07 -0
1609 3.45944e-08 -0
1610 -2.70835e-08 -0
1611 1.09217e-08 0
1612 -3.36871e-08 0
1613 9.10068e-09 -0
1614 -1.34071e-08 -0
1615 7.80699e-09 0
1616 3.16401e-08 -0
1617 -1.01018e-08 0
1618 3.06535e-09 0
1619 -2.72155e-08 -0
1620 1.30363e-08 -0
1621 -3.49451e-09 -0
1622 4.11559e-09 -0
1623 2.36524e-08 0
1624 -8.57475e-09 -0
1625 5.35906e-09 0
1626 -1.48453e-09 -0
1627 -4.18992e-08 0
1628 7.90203e-08 -0
1629 -3.41101e-08 0
1630 1.13435e-08 -0
1631 4.73853e-08 -0
1632 -1.30121e-08 0
1633 1.38546e-08 -0
1634 -6.26431e-08 -0
1635 1.87049e-08 0
1636 -9.40598e-09 -0
1637 7.63114e-09 0
1638 -2.04881e-09 -0
1639 -1.58255e-08 -0
1640 6.05194e-09 0
1641 -1.50489e-08 -0
1642 4.33734e-09 0
1643 -2.44936e-09 -0
1644 -8.87449e-09 -0
1645 2.78984e-09 0
1646 -2.52369e-09 -0
1647 5.17874e-08 -0
1648 -1.4503e-08 -0
1649 5.93562e-09 -0
1650 -7.97746e-09 0
1651 -3.67506e-08 0
1652 9.91175e-09 -0
1653 -7.32575e-09 -0
1654 2.53266e-09 0
1655 -5.28826e-09 0
1656 2.39285e-09 0
1657 3.11391e-08 0
1658 -8.49152e-09 -0
1659 5.1353e-09 0
1660 -1.66714e-09 0
1661 -6.31776e-09 -0
1662 2.69405e-08 -0
1663 -7.81916e-09 -0
1664 2.87458e-09 0
1665 -3.17322e-09 0
1666 2.20693e-09 -0
1667 -6.69196e-10 -0
1668 -3.68149e-09 0
1669 1.73466e-09 -0
1670 -1.34525e-08 -0
1671 3.60927e-09 0
1672 -5.85776e-09 -0
1673 1.65747e-09 0
1674 -6.56882e-10 -0
1675 -2.07283e-10 -0
1676 3.06402e-10 0
1677 -4.78271e-09 -0
1678 1.44692e-09 -0
1679 -3.59825e-10 -0
1680 2.20211e-10 -0
1681 4.81286e-10 0
1682 -1.84172e-10 0
1683 1.02301e-10 0
1684 -2.0122e-09 -0
1685 5.13353e-10 0
1686 -2.96147e-10 0
1687 2.84246e-10 0
1688 -8.88323e-11 0
1689 -3.77525e-09 -0
1690 1.14147e-09 0
1691 2.69035e-09 0
1692 -1.49402e-09 0
1693 1.48613e-09 0
1694 -4.32644e-10 -0
1695 1.47531e-09 -0
1696 -5.73337e-10 0
1697 1.58676e-10 -0
1698 4.26548e-10 -0
1699 -3.71599e-10 0
1700 1.28211e-10 0
1701 -1.22e-09 0
1702 5.20671e-10 -0
1703 -6.57601e-10 0
1704 1.8297e-10 0
1705 4.69935e-10 -0
1706 -3.38397e-10 -0
1707 1.15724e-10 0
1708 7.58674e-13 0
1709 -9.59186e-12 -0
1710 1.35476e-10 -0
1711 -7.5036e-11 0
1712 2.21564e-11 0
1713 -5.88644e-09 -0
1714 6.18177e-09 0
1715 -2.41039e-09 0
1716 7.28054e-10 -0
1717 2.50962e-09 0
1718 -1.35318e-09 0
1719 5.22235e-09 -0
1720 -1.82985e-09 0
1721 5.09275e-10 -0
1722 -3.68814e-10 0
1723 -3.27335e-09 -0
1724 1.66318e-09 -0
1725 -3.13403e-09 -0
1726 8.60968e-10 -0
1727 -2.69919e-10 0
1728 -1.00305e-09 -0
1729 8.82578e-10 -0
1730 -3.83745e-10 -0
1731 4.49153e-09 -0
1732 -1.3419e-09 0
1733 1.73579e-09 -0
1734 -4.70862e-10 -0
1735 2.74345e-10 0
1736 1.33251e-09 0
1737 -4.51516e-10 0
1738 1.14239e-09 -0
1739 -4.15516e-10 -0
1740 2.74303e-10 -0
1741 -7.73219e-11 0
1742 -2.57516e-10 0
1743 1.17066e-10 -0
1744 -1.87489e-10 0
1745 5.07547e-11 -0
1746 -1.21449e-11 0
1747 -1.38007e-12 0
1748 1.49085e-11 -0
1749 -5.60092e-12 -0
1750 1.2265e-10 0
1751 -5.22573e-11 0
1752 -7.52865e-11 -0
1753 2.32092e-11 -0
1754 -1.57642e-11 0
1755 2.15565e-10 0
1756 -2.11159e-10 -0
1757 6.05072e-11 0
1758 -2.48605e-11 0
1759 -7.10266e-12 -0
1760 4.18285e-12 -0
1761 -8.18814e-12 0
1762 3.90036e-12 0
1763 -3.34887e-09 -0
1764 8.99723e-10 -0
1765 -1.96572e-09 -0
1766 1.24789e-09 0
1767 4.79795e-09 0
1768 -1.64935e-09 -0
1769 4.48236e-10 0
1770 -4.54671e-10 -0
1771 1.39124e-10 -0
1772 6.81788e-10 -0
1773 -2.69322e-10 0
1774 1.90671e-09 0
1775 -5.5171e-10 -0
1776 4.0606e-10 -0
1777 -2.11377e-10 0
1778 -2.03658e-09 0
1779 5.63773e-10 -0
1780 -6.51867e-10 -0
1781 2.33668e-10 -0
1782 8.23181e-10 -0
1783 -3.47572e-10 0
1784 9.96299e-10 -0
1785 -2.70063e-10 -0
1786 8.87882e-11 -0
1787 -1.41028e-09 0
1788 8.35109e-10 0
1789 -1.38789e-09 0
1790 4.13819e-10 -0
1791 2.5144e-09 0
1792 -1.17403e-09 -0
1793 3.31205e-10 -0
1794 -2.27007e-10 -0
1795 -9.51462e-10 0
1796 2.56191e-10 -0
1797 -2.41497e-10 -0
1798 9.1733e-11 0
1799 -3.59486e-10 0
1800 1.15044e-10 -0
1801 -1.69004e-10 -0
1802 4.85136e-11 -0
1803 1.83541e-10 0
1804 -9.19515e-11 -0
1805 3.74971e-11 0
1806 -9.88314e-10 0
1807 2.68869e-10 0
1808 -2.27922e-10 0
1809 7.64947e-11 0
1810 -1.37381e-10 -0
1811 -6.69057e-10 -0
1812 2.01533e-10 0
1813 -1.13638e-10 -0
1814 3.15949e-11 0
1815 4.08931e-10 -0
1816 -1.79751e-10 0
1817 2.19026e-10 -0
1818 -5.90139e-11 -0
1819 3.34642e-10 0
1820 -1.17368e-10 0
1821 9.08675e-11 -0
1822 6.04352e-10 -0
1823 -1.77082e-10 -0
1824 4.41592e-10 0
1825 -2.7437e-10 -0
1826 8.62149e-11 -0
1827 3.26221e-10 -0
1828 -8.75162e-11 -0
1829 4.2877e-11 -0
1830 -4.4436e-11 0
1831 1.73027e-11 -0
1832 -1.8482e-10 0
1833 5.04962e-11 0
1834 -9.92064e-11 -0
1835 3.27506e-11 -0
1836 1.3977e-10 0
1837 -7.48229e-11 -0
1838 2.12851e-11 -0
1839 -1.48709e-11 -0
1840 -2.97513e-10 0
1841 1.10081e-10 0
1842 -1.57774e-10 -0
1843 4.30422e-11 0
1844 1.97881e-10 -0
1845 -8.69485e-11 0
1846 2.69849e-11 -0
1847 -9.62922e-11 -0
1848 8.03505e-11 -0
1849 -2.24636e-11 -0
1850 -1.35768e-10 0
1851 6.34489e-11 0
1852 -7.4463e-11 0
1853 2.22691e-11 -0
1854 6.80148e-11 0
1855 -2.3918e-11 -0
1856 1.63552e-11 0
1857 -4.45106e-12 -0
1858 2.57485e-11 0
1859 -1.00215e-11 0
1860 1.68016e-11 0
1861 -5.48158e-12 -0
1862 -2.03663e-11 0
1863 1.05645e-11 -0
1864 -2.95196e-12 -0
1865 3.04438e-11 0
1866 -2.77173e-11 -0
1867 8.10753e-12 -0
1868 5.08771e-11 0
1869 -2.20331e-11 -0
1870 6.08395e-12 -0
1871 -1.66669e-11 -0
1872 1.01099e-11 -0
1873 2.83817e-11 -0
1874 -9.12377e-12 -0
1875 7.35661e-12 -0
1876 -2.7506e-12 0
1877 3.96914e-12 0
1878 -1.14713e-12 -0
1879 4.00063e-11 0
1880 -1.91561e-11 0
1881 5.24669e-12 0
1882 2.23737e-11 -0
1883 -7.15648e-11 -0
1884 2.16082e-11 -0
1885 -1.20722e-11 0
1886 1.19947e-11 -0
1887 -4.1157e-12 -0
1888 -2.37583e-11 -0
1889 6.43715e-12 -0
1890 -2.6308e-12 0
1891 -8.48386e-12 -0
1892 5.31936e-12 0
1893 -1.03033e-11 -0
1894 2.91738e-12 0
1895 -2.83298e-10 -0
1896 9.1845e-11 0
1897 -4.07608e-11 -0
1898 4.36353e-11 -0
1899 -1.17437e-11 -0
1900 4.40894e-11 0
1901 -1.62318e-11 0
1902 1.16336e-11 0
1903 6.53768e-11 -0
1904 -1.87892e-11 0
1905 3.88183e-11 0
1906 -1.22528e-11 0
1907 6.43304e-12 -0
1908 7.32701e-11 -0
1909 -1.98559e-11 0
1910 1.70565e-11 -0
1911 6.51207e-11 -0
1912 -1.97966e-11 -0
1913 8.42861e-12 0
1914 -7.37288e-11 0
1915 2.56248e-11 0
1916 -2.99529e-11 -0
1917 8.21887e-12 -0
1918 -5.5051e-12 0
1919 -2.43554e-11 0
1920 7.09586e-12 0
1921 -3.48572e-11 0
1922 1.67354e-11 -0
1923 -4.48492e-12 -0
1924 6.90056e-12 -0
1925 -2.29363e-12 0
1926 -5.95877e-11 -0
1927 2.45603e-11 -0
1928 -1.5726e-11 0
1929 4.37671e-12 -0
1930 -1.1814e-11 -0
1931 -4.58009e-11 -0
1932 1.73143e-11 -0
1933 -1.61153e-11 0
1934 4.7889e-12 -0
1935 3.22946e-11 -0
1936 -1.6713e-11 0
1937 4.74954e-12 -0
1938 -6.33519e-12 0
1939 2.21683e-11 -0
1940 -6.00676e-12 0
1941 3.59771e-12 -0
1942 1.66753e-11 0
1943 -5.2195e-12 -0
1944 2.08578e-12 -0
1945 -1.73062e-12 0
1946 3.80599e-11 0
1947 -1.02042e-11 -0
1948 3.62608e-12 0
1949 1.39458e-11 -0
1950 -6.29254e-12 -0
1951 1.26743e-11 -0
1952 -3.62418e-12 -0
1953 3.66863e-12 0
1954 -1.0017e-12 -0
1955 -6.27624e-12 -0
1956 4.76623e-12 -0
1957 -1.52822e-12 -0
1958 9.30881e-12 0
1959 -5.0524e-12 -0
1960 1.52518e-12 -0
1961 -2.16665e-12 -0
1962 7.85621e-13 0
1963 7.5323e-12 0
1964 -2.02523e-12 0
1965 4.81936e-12 0
1966 -2.10605e-12 0
1967 -7.8946e-12 0
1968 2.21996e-12 -0
1969 -1.54791e-12 -0
1970 5.28041e-13 -0
1971 -1.33912e-11 0
1972 6.53131e-12 -0
1973 -7.8443e-12 0
1974 2.09077e-12 0
1975 1.04868e-11 -0
1976 -3.22182e-12 -0
1977 1.83817e-12 -0
1978 -7.17522e-12 -0
1979 2.71697e-12 -0
1980 -7.43749e-13 0
1981 1.21837e-12 0
1982 2.78619e-11 -0
1983 -9.14241e-12 0
1984 7.09508e-12 0
1985 -2.04762e-12 0
1986 -8.6911e-12 -0
1987 4.01915e-12 0
1988 -3.94417e-12 -0
1989 1.07051e-12 -0
1990 -1.12708e-11 -0
1991 4.71248e-12 -0
1992 -2.87183e-12 0
1993 8.53335e-13 -0
1994 5.41028e-12 0
1995 -1.5874e-11 0
1996 5.55378e-12 -0
1997 -1.54227e-12 0
1998 1.72891e-12 0
1999 -6.95184e-13 0
2000 -3.14836e-12 -0
2001 8.4536e-13 0
2002 -5.43476e-13 0
2003 -1.33109e-11 -0
2004 4.24215e-12 0
2005 -8.39505e-12 0
2006 4.45949e-12 -0
2007 -1.28989e-12 -0
2008 -7.71972e-12 -0
2009 2.91649e-12 0
2010 -2.72867e-12 -0
2011 7.39586e-13 0
2012 2.33432e-12 -0
2013 -3.75437e-12 -0
2014 1.26899e-12 0
2015 -1.16889e-11 0
2016 3.22579e-12 -0
2017 -1.55701e-12 -0
2018 1.17793e-12 0
2019 -3.49111e-13 -0
2020 1.06573e-12 0
2021 -4.21294e-13 0
2022 -1.97421e-12 0
2023 1.12561e-12 0
2024 -3.47571e-13 -0
2025 -2.30057e-12 0
2026 6.33406e-13 -0
2027 -7.21184e-13 -0
2028 3.18298e-13 0
2029 9.23645e-13 -0
2030 -2.66944e-13 -0
2031 6.97106e-13 -0
2032 -2.47088e-13 0
2033 2.1688e-13 -0
2034 -5.84499e-12 0
2035 1.62798e-12 0
2036 -8.2846e-13 0
2037 1.16027e-12 0
2038 -3.80715e-13 -0
2039 -1.50395e-12 -0
2040 4.06898e-13 0
2041 -2.73993e-13 0
2042 1.3635e-12 -0
2043 -4.12544e-13 0
2044 1.86853e-13 0
2045 -1.15685e-12 0
2046 3.95915e-13 0
2047 -4.40029e-13 0
