0 0 0
1 -0 -0
2 -0 0
3 0 -0
4 -0 0
5 5.0427 -0
6 -1.47511 0
7 0.64423 0
8 -0.622381 0
9 -3.0001 -0
10 0.83712 0
11 -0.317413 -0
12 1.25354 0
13 -0.91728 0
14 0.284144 0
15 1.01304 -0
16 -0.506315 0
17 0.138901 0
18 -0.183796 -0
19 -1.74609 -0
20 0.618675 -0
21 -0.176582 0
22 0.464738 -0
23 -0.252832 0
24 0.211775 -0
25 -0.0678093 -0
26 -0.220981 0
27 0.0898272 -0
28 -0.786166 -0
29 0.214411 0
30 -0.242734 0
31 0.0728656 -0
32 0.450834 -0
33 -0.209805 -0
34 0.138381 -0
35 -0.0382817 0
36 -0.153167 0
37 0.243271 0
38 -0.0889389 -0
39 0.494955 -0
40 -0.14292 -0
41 0.0489843 -0
42 0.940063 0
43 -0.734015 -0
44 0.308963 0
45 0.976458 -0
46 -0.275118 0
47 0.609962 0
48 -0.31817 -0
49 0.0970407 -0
50 -0.101285 0
51 0.0275652 0
52 -0.507928 -0
53 0.198982 0
54 0.676923 0
55 -0.423579 -0
56 0.138145 -0
57 -0.438049 -0
58 0.120625 -0
59 -0.173481 0
60 0.0833269 -0
61 0.364416 0
62 -0.107942 0
63 0.0965633 0
64 -0.0304197 0
65 -0.227011 -0
66 0.129224 -0
67 -0.0353292 0
68 0.0615845 0
69 -0.0229136 0
70 -0.0716743 0
71 0.0322112 0
72 -0.00913133 0
73 0.062544 0
74 -0.0434933 -0
75 0.0151385 -0
76 0.0816485 0
77 -0.0991775 0
78 0.0275566 0
79 1.05065 0
80 -0.419364 0
81 0.126871 -0
82 0.475251 -0
83 -0.383879 0
84 0.104399 0
85 -0.252257 0
86 0.0832479 0
87 -0.0425159 -0
88 0.194169 0
89 -0.0564159 -0
90 0.036222 0
91 0.120257 0
92 -0.0515173 -0
93 0.0517293 0
94 -0.0145029 -0
95 -0.180791 -0
96 0.0650172 -0
97 -0.804897 0
98 0.251456 -0
99 -0.140036 -0
100 0.211251 0
101 -0.0575531 0
102 -0.184167 0
103 0.0709685 -0
104 -0.0534707 -0
105 0.155328 0
106 -0.0445802 0
107 -0.18627 0
108 0.0629955 -0
109 -0.0288324 -0
110 0.0364331 0
111 -0.00997795 -0
112 0.389759 0
113 -0.237341 0
114 0.070727 0
115 0.476468 -0
116 -0.441078 0
117 0.14242 0
118 -0.291131 0
119 0.120373 0
120 0.419354 0
121 -0.115737 0
122 0.0566448 -0
123 -0.2013 -0
124 0.0592298 0
125 -0.0402342 0
126 -0.125389 0
127 0.0440282 -0
128 -0.0479983 -0
129 0.013105 0
130 0.0666443 0
131 -0.020488 -0
132 0.0109162 -0
133 -0.0182221 0
134 0.00514958 -0
135 0.0775452 0
136 -0.0291211 -0
137 0.0251626 -0
138 -0.127061 -0
139 0.0562576 -0
140 -0.0152957 0
141 -0.0589766 -0
142 0.0187325 -0
143 -0.0109089 0
144 0.112347 -0
145 -0.0312813 -0
146 0.0430407 -0
147 -0.0170213 0
148 -0.142614 0
149 0.101822 0
150 -0.0342121 0
151 -0.110388 -0
152 0.0314125 -0
153 -0.0148562 -0
154 0.0343398 -0
155 -0.00943783 -0
156 0.0110385 0
157 0.0505089 0
158 -0.0183122 -0
159 0.00551848 0
160 -0.356719 -0
161 0.273186 -0
162 -0.113835 -0
163 0.0331536 -0
164 0.12204 0
165 -0.222117 -0
166 0.0727906 0
167 -0.0400008 -0
168 0.010883 -0
169 -0.0361772 -0
170 -0.114704 0
171 0.108145 -0
172 -0.0372998 -0
173 0.0104261 -0
174 -0.00642757 0
175 -0.0377099 0
176 0.0186267 -0
177 -0.113537 0
178 0.0352837 0
179 -0.0134794 -0
180 -0.371454 0
181 0.10289 0
182 -0.109427 0
183 0.0472837 0
184 0.159949 0
185 -0.0460179 0
186 0.0377888 0
187 -0.103524 -0
188 0.031672 0
189 -0.0211572 -0
190 -0.230987 0
191 0.0628045 0
192 -0.0231386 0
193 0.0356721 -0
194 -0.0183938 0
195 -0.0757599 -0
196 0.0223539 -0
197 -0.323935 0
198 0.130451 0
199 -0.035671 -0
200 0.0459396 -0
201 0.147125 -0
202 -0.0476828 0
203 0.0274281 -0
204 -0.114585 -0
205 0.0321845 0
206 -0.0282347 0
207 0.0127938 -0
208 -0.0269332 0
209 0.00916162 0
210 0.0435515 -0
211 -0.0124549 0
212 0.00876368 0
213 0.736647 0
214 -0.262739 -0
215 0.0724023 0
216 0.226174 0
217 -0.222918 -0
218 0.0704859 0
219 -0.0330572 -0
220 0.25189 -0
221 -0.0686373 0
222 0.134735 0
223 -0.0523389 0
224 -0.181156 0
225 0.0541437 -0
226 -0.0343273 0
227 -0.245034 -0
228 0.129217 -0
229 -0.153752 -0
230 0.0445202 0
231 -0.0147707 -0
232 0.0446156 0
233 -0.018933 0
234 -0.0722668 -0
235 0.0198356 -0
236 -0.0157291 -0
237 0.377354 0
238 -0.114563 -0
239 0.160821 -0
240 -0.0778634 0
241 0.0211565 0
242 0.119236 0
243 -0.0416603 0
244 0.0308538 0
245 0.102022 0
246 -0.0289566 0
247 0.0725389 -0
248 -0.0297048 0
249 0.0174955 -0
250 -0.00557776 -0
251 -0.0504785 -0
252 0.0559694 -0
253 -0.015524 -0
254 0.0579566 0
255 -0.0214513 -0
256 -0.0673481 0
257 0.0197477 0
258 -0.0179422 0
259 0.00905639 0
260 -0.00247288 0
261 0.00402514 -0
262 0.0173579 0
263 -0.00773156 0
264 0.00242337 -0
265 -0.0140516 0
266 0.00913742 0
267 -0.00255152 0
268 -0.0441793 -0
269 0.0159419 0
270 0.056556 0
271 -0.0317972 0
272 0.00944264 0
273 -0.0168118 -0
274 0.0171815 -0
275 -0.0046729 0
276 0.00183828 0
277 -0.0201941 -0
278 0.00680273 0
279 0.0441818 0
280 -0.0374891 -0
281 0.0105732 0
282 -0.00487481 0
283 -0.015448 0
284 0.00476415 0
285 -0.00699282 -0
286 0.00479926 0
287 -0.00132541 -0
288 0.00628718 -0
289 -0.00237099 -0
290 -0.00938107 -0
291 0.00504615 0
292 -0.00162212 -0
293 -0.0875977 0
294 0.0240025 -0
295 -0.0297098 -0
296 0.0130464 0
297 0.065075 -0
298 -0.0187563 -0
299 0.0405775 -0
300 -0.024443 0
301 0.00840558 0
302 0.0273429 0
303 -0.00745876 0
304 0.00539158 0
305 -0.155773 -0
306 0.0624504 -0
307 -0.018773 0
308 0.0527842 0
309 -0.0173552 0
310 -0.20339 -0
311 0.194033 0
312 -0.054444 -0
313 0.0259401 -0
314 0.0961927 -0
315 -0.0339267 -0
316 0.0456481 0
317 -0.0124069 0
318 0.0999267 0
319 -0.0772407 0
320 0.0225408 -0
321 -0.0094379 -0
322 -0.0317101 0
323 0.0590913 -0
324 -0.0168326 0
325 0.00882093 0
326 0.0704278 -0
327 -0.02583 -0
328 0.0296305 0
329 -0.00814759 -0
330 0.0330257 0
331 -0.0207817 -0
332 0.00637182 -0
333 0.0287104 -0
334 -0.0111013 0
335 -0.0349803 -0
336 0.0113708 0
337 -0.00925773 0
338 0.00257382 0
339 -0.00606188 0
340 0.00301125 -0
341 0.0692533 0
342 -0.0188545 0
343 0.00811111 -0
344 -0.0137831 0
345 0.00429476 0
346 0.0226774 -0
347 -0.0129753 -0
348 0.00382287 -0
349 -0.00402597 -0
350 -0.0128935 -0
351 0.00446753 0
352 -0.0153411 -0
353 0.00434055 0
354 -0.00292218 -0
355 0.0586404 0
356 -0.0241141 -0
357 0.00659184 0
358 -0.00573693 -0
359 -0.0208136 0
360 0.00696288 -0
361 -0.00380623 -0
362 0.0199413 -0
363 -0.00604148 -0
364 -0.0365277 -0
365 0.0101085 -0
366 -0.00456129 -0
367 0.00594623 0
368 -0.00222145 0
369 -0.00695285 -0
370 0.00201583 0
371 -0.0015048 -0
372 0.00385345 0
373 -0.001047 0
374 -0.35205 0
375 0.217074 -0
376 -0.0779796 0
377 0.0768932 0
378 -0.0244426 0
379 -0.0972935 0
380 0.0475939 0
381 -0.0136763 0
382 0.105505 -0
383 -0.167609 -0
384 0.0668313 0
385 0.615218 0
386 -0.171929 0
387 -0.5703 -0
388 0.194209 0
389 -0.126392 0
390 0.0378315 -0
391 -0.077336 -0
392 0.0394769 -0
393 -0.0107849 -0
394 -0.130188 0
395 0.120534 0
396 -0.0460859 -0
397 0.154583 -0
398 -0.0497601 0
399 -0.155156 -0
400 0.0427337 0
401 -0.0475263 0
402 0.02212 -0
403 -0.230564 -0
404 0.0650518 -0
405 -0.0458516 0
406 -0.172251 0
407 0.0534073 -0
408 -0.0228586 -0
409 0.0336995 -0
410 -0.0198554 0
411 -0.123068 0
412 0.033559 -0
413 -0.0111435 -0
414 0.00898395 -0
415 -0.0411469 0
416 0.0122025 0
417 0.0390962 0
418 -0.0142796 -0
419 0.017717 0
420 -0.00489921 0
421 0.00263712 -0
422 0.0117171 -0
423 -0.0047632 0
424 0.0110067 -0
425 -0.00317222 0
426 -0.125842 0
427 0.0397852 -0
428 -0.0335768 0
429 -0.0988782 0
430 0.0433558 -0
431 -0.0119305 -0
432 0.208785 -0
433 -0.0746349 0
434 0.0769175 -0
435 -0.0434368 -0
436 0.012699 0
437 0.0638436 0
438 -0.115929 0
439 0.0326127 -0
440 -0.0156057 -0
441 -0.0516924 -0
442 0.0177612 -0
443 -0.0129191 -0
444 0.0402874 -0
445 -0.012324 -0
446 0.0033693 -0
447 0.0239849 0
448 -0.00942129 0
449 0.0134227 -0
450 -0.00900953 0
451 0.0651636 -0
452 -0.0214216 -0
453 0.00611639 -0
454 0.0184411 0
455 -0.00955137 -0
456 0.0086006 0
457 -0.00235769 -0
458 -0.0425726 0
459 0.0178483 0
460 0.0685199 0
461 -0.0206785 0
462 0.0452075 0
463 -0.0274719 -0
464 0.00974736 -0
465 -0.0118157 -0
466 0.00328699 0
467 0.0112217 0
468 -0.0051703 0
469 0.0206219 0
470 -0.0060812 -0
471 0.00470279 0
472 -0.00150769 0
473 0.196507 -0
474 -0.0757658 -0
475 0.124472 -0
476 -0.0342414 0
477 -0.111255 0
478 0.055063 -0
479 -0.01579 0
480 -0.105207 -0
481 0.0996146 -0
482 -0.0332957 -0
483 0.0926079 0
484 -0.058002 0
485 0.0158224 -0
486 0.0729696 0
487 -0.0323671 0
488 0.0100857 0
489 0.0302263 -0
490 -0.0330198 0
491 0.0123722 0
492 -0.00344733 -0
493 0.0697396 -0
494 -0.0388409 0
495 0.201626 -0
496 -0.0610784 0
497 0.0790689 -0
498 -0.0324126 -0
499 -0.367559 -0
500 0.106649 0
501 -0.0847039 0
502 -0.266972 -0
503 0.0931067 -0
504 -0.0255249 -0
505 0.0505466 -0
506 -0.0263895 0
507 -0.101742 0
508 0.0330461 0
509 -0.0227664 -0
510 0.00644994 -0
511 -0.016361 -0
512 0.00695015 0
513 0.0381888 0
514 -0.0105451 0
515 0.00912041 -0
516 -0.00334132 -0
517 0.0338787 0
518 -0.0100848 0
519 0.0152963 0
520 -0.00718779 -0
521 -0.0217992 -0
522 0.00610564 -0
523 -0.00355926 -0
524 -0.0523852 0
525 0.0160695 0
526 -0.0168182 -0
527 0.0679718 -0
528 -0.0185933 0
529 0.00706506 -0
530 0.0245221 -0
531 -0.0161923 -0
532 0.00550853 0
533 0.023095 -0
534 -0.0116767 -0
535 0.00369983 -0
536 -0.00636905 -0
537 0.00181315 0
538 0.0149009 -0
539 -0.011077 0
540 0.00498511 0
541 -0.00136037 -0
542 0.0043916 -0
543 -0.00500167 -0
544 0.00180286 -0
545 0.00598164 -0
546 -0.00176401 -0
547 0.0114673 0
548 -0.00461079 -0
549 0.0025118 -0
550 -0.000698875 0
551 -0.00338999 -0
552 0.00469171 -0
553 -0.001518 0
554 0.00138515 -0
555 0.00427019 -0
556 -0.0012022 -0
557 0.000583295 0
558 -0.0177022 0
559 0.0054699 0
560 -0.00351446 -0
561 0.00662779 0
562 -0.00180873 0
563 0.000623348 0
564 0.0171707 0
565 -0.00677865 -0
566 -0.0246276 -0
567 0.0248407 0
568 -0.00742185 0
569 0.00443524 -0
570 -0.0220281 -0
571 0.00606742 -0
572 0.0182015 0
573 -0.0079393 -0
574 0.00568597 -0
575 -0.00188179 0
576 0.00424656 0
577 -0.00122428 -0
578 -0.00772091 -0
579 0.00286738 -0
580 -0.00350694 0
581 0.000972021 -0
582 -0.0133757 -0
583 0.00713717 -0
584 -0.00224252 -0
585 0.00191075 0
586 0.00596892 -0
587 -0.0016357 -0
588 -0.0157611 0
589 0.00728747 0
590 -0.0113627 -0
591 0.00399904 0
592 -0.00116734 0
593 -0.00521323 -0
594 0.00297397 0
595 -0.00862118 -0
596 0.00243978 0
597 -0.001012 -0
598 0.00831428 0
599 -0.00641266 0
600 0.00215959 -0
601 0.0073307 0
602 -0.00199983 -0
603 0.00235075 -0
604 -0.000915951 -0
605 0.0247295 0
606 -0.00739752 -0
607 0.00437214 0
608 0.0155858 0
609 -0.00429786 -0
610 0.00916821 -0
611 -0.00423576 -0
612 0.0013355 -0
613 -0.0012298 -0
614 -0.00571872 -0
615 0.00155079 0
616 -0.00104406 0
617 0.00299628 -0
618 -0.00106592 -0
619 -0.00858758 0
620 0.0024249 0
621 -0.00327417 0
622 0.00143009 0
623 -0.000423922 -0
624 -0.014806 0
625 0.0118234 0
626 -0.0032022 -0
627 -0.010571 0
628 0.00395106 -0
629 -0.00689303 -0
630 0.00345739 0
631 -0.00112182 -0
632 0.005392 -0
633 -0.0015474 0
634 -0.00736432 0
635 0.00306545 0
636 -0.00373445 -0
637 0.00102259 0
638 -0.000731892 -0
639 -0.00746653 -0
640 0.00256655 0
641 0.00904572 0
642 -0.00263089 0
643 0.00160245 0
644 -0.00637074 0
645 0.00250629 0
646 -0.000680082 0
647 0.00062151 0
648 -0.00142226 -0
649 0.00038649 -0
650 -0.000143363 0
651 -3.26094e-06 0
652 1.22972e-05 0
653 -0.00118378 -0
654 0.000582774 -0
655 -0.000192027 -0
656 -0.00132453 0
657 0.000390917 0
658 -0.000671516 0
659 0.00039075 -0
660 -0.0001037 -0
661 8.31888e-05 0
662 0.000522788 -0
663 -0.000164799 -0
664 6.54859e-05 0
665 0.000739146 -0
666 -0.000211037 -0
667 0.000347697 -0
668 -0.000195459 0
669 0.00201857 0
670 -0.000567066 0
671 0.000201918 0
672 -0.000250271 -0
673 6.28816e-05 -0
674 0.000454985 0
675 -0.000327152 -0
676 0.000104655 -0
677 -0.000105979 -0
678 3.38926e-05 0
679 -6.52222e-06 0
680 -0.000234086 0
681 0.00013198 -0
682 -3.8623e-05 0
683 -0.000807186 0
684 0.000315216 0
685 -0.000257205 0
686 7.16826e-05 0
687 -0.000154214 -0
688 5.01281e-05 -0
689 0.000330836 -0
690 -8.60297e-05 0
691 7.8403e-05 -0
692 -3.93016e-05 0
693 1.0927e-05 -0
694 0.017045 -0
695 -0.00752089 -0
696 0.016668 -0
697 -0.00470358 0
698 -0.0162512 0
699 0.0127994 0
700 -0.00417934 0
701 0.00740749 -0
702 -0.00337756 0
703 -0.0164606 0
704 0.00452405 -0
705 -0.00160931 0
706 0.00165179 -0
707 -0.0297468 -0
708 0.00879652 0
709 -0.0055725 -0
710 -0.0172113 0
711 0.00480435 0
712 -0.0143733 0
713 0.00591228 0
714 -0.00180571 0
715 -0.016092 -0
716 0.00830852 0
717 -0.00625826 0
718 0.00170854 -0
719 -0.00258909 -0
720 0.000875846 0
721 0.00334632 -0
722 -0.000968398 -0
723 0.00413829 0
724 -0.00160078 -0
725 0.000910983 -0
726 0.00270836 -0
727 -0.000865428 0
728 0.000853864 0
729 0.0152579 0
730 -0.00437021 0
731 0.00214423 0
732 -0.00282673 0
733 0.000992928 -0
734 0.0045049 -0
735 -0.00123853 0
736 0.000850072 -0
737 -0.00849434 -0
738 0.0026387 0
739 -0.00516692 -0
740 0.00216695 0
741 0.0069918 -0
742 -0.00194498 -0
743 0.00169997 0
744 -0.000635433 -0
745 0.00360483 0
746 -0.00105685 -0
747 0.000627503 0
748 0.00343475 0
749 -0.00113497 0
750 0.00289406 0
751 -0.000791676 0
752 0.000370644 0
753 0.00115182 0
754 -0.00123157 -0
755 0.00036929 0
756 -0.000199189 0
757 -0.000155648 0
758 5.91557e-05 -0
759 -8.1656e-05 -0
760 0.000258799 -0
761 -7.80822e-05 0
762 -3.02135e-05 -0
763 1.97684e-05 0
764 -0.000393654 0
765 0.000115895 0
766 -5.52849e-05 -0
767 0.000940514 0
768 -0.000590868 -0
769 0.000200677 -0
770 0.000952872 0
771 -0.000261582 0
772 0.00027501 0
773 -0.000128648 0
774 -0.00555482 0
775 0.00154194 0
776 -0.000527995 0
777 -0.00157239 0
778 0.00100096 0
779 -0.000297985 -0
780 0.000988023 -0
781 -0.000956024 0
782 0.000302902 0
783 -0.000140029 -0
784 -0.000547478 0
785 0.000155814 0
786 -0.000252818 0
787 9.82343e-05 -0
788 0.000219802 -0
789 -0.00224419 -0
790 0.000680526 0
791 -0.000469531 0
792 0.000165841 -0
793 -0.00037601 0
794 0.000104264 -0
795 0.000309921 0
796 -0.000179566 -0
797 7.44e-05 0
798 -4.73901e-05 0
799 7.19606e-06 0
800 1.94172e-05 -0
801 -2.88492e-05 -0
802 1.05556e-05 0
803 -2.72709e-05 -0
804 8.18702e-06 0
805 7.12285e-05 -0
806 -2.2039e-05 0
807 7.76108e-06 0
808 -0.0261043 -0
809 0.0124734 -0
810 -0.0119456 0
811 -0.0534475 -0
812 0.0194828 0
813 -0.0053545 0
814 0.0124835 -0
815 -0.00660037 0
816 0.00189231 -0
817 -0.0202709 0
818 0.0146028 -0
819 -0.00483967 0
820 -0.0147202 0
821 0.0195623 0
822 -0.00533188 -0
823 0.00208296 0
824 0.0187006 0
825 -0.00561137 0
826 0.00356836 -0
827 -0.0165906 -0
828 0.00760624 -0
829 0.0258179 0
830 -0.00759843 0
831 0.00614899 -0
832 -0.00209635 0
833 0.00340216 -0
834 0.017947 -0
835 -0.00501745 0
836 0.00191309 -0
837 -0.00209408 -0
838 0.00114152 0
839 -0.000312248 -0
840 -0.000977913 -0
841 0.000307221 0
842 -0.00229101 -0
843 0.00112844 0
844 0.0278926 0
845 -0.00993726 0
846 0.0087108 0
847 -0.00251367 -0
848 0.00539265 -0
849 0.0223682 0
850 -0.00619769 0
851 0.00381219 0
852 -0.0012393 -0
853 0.0039268 -0
854 -0.00173697 0
855 -0.00622326 -0
856 0.00188702 -0
857 -0.00226672 -0
858 0.000618073 -0
859 0.00373602 -0
860 -0.00152871 0
861 0.00236182 0
862 -0.00138085 0
863 0.000393584 -0
864 -0.0139352 0
865 0.00511953 -0
866 -0.00530801 -0
867 -0.0169455 -0
868 0.00464844 -0
869 -0.00343255 -0
870 0.00116218 -0
871 -0.0165695 0
872 0.00509998 -0
873 -0.00264875 0
874 -0.0124282 0
875 0.0036157 -0
876 -0.00649769 0
877 0.00272472 0
878 -0.00228723 0
879 -0.00698686 0
880 0.00192544 -0
881 -0.00752712 0
882 0.00355043 0
883 -0.00114042 0
884 -0.00885755 0
885 0.00249637 0
886 -0.00168463 -0
887 0.00232816 0
888 -0.000834366 -0
889 -0.00319799 0
890 0.00087318 -0
891 -0.00231663 0
892 0.000925244 -0
893 -0.000858346 -0
894 0.000255761 -0
895 0.00500472 0
896 -0.00250562 0
897 0.000823087 -0
898 0.00252935 0
899 -0.0007035 -0
900 0.000438615 -0
901 -0.00294271 -0
902 0.00114006 0
903 -0.00226082 -0
904 0.000663519 0
905 0.00219817 -0
906 -0.00156399 0
907 0.00053682 -0
908 -0.000536413 0
909 0.00014634 0
910 0.000727109 0
911 -0.000313433 -0
912 0.0013504 0
913 -0.000422575 -0
914 0.000241086 0
915 -6.76378e-05 0
916 -0.00215576 0
917 0.00273639 0
918 -0.00126865 -0
919 -0.00494876 -0
920 0.00143432 -0
921 -0.00111883 0
922 0.000394518 0
923 -0.000977242 -0
924 0.00026801 0
925 0.00184674 0
926 -0.00056323 -0
927 0.000833831 -0
928 -0.000451758 0
929 -0.00137079 -0
930 0.000519863 -0
931 -0.00467105 0
932 0.00129179 0
933 -0.000846493 0
934 0.000269807 0
935 0.000929245 0
936 -0.000407683 0
937 0.000482759 -0
938 -0.000138458 -0
939 0.00300558 -0
940 -0.00146086 0
941 0.000398504 0
942 -0.00121118 0
943 0.00103516 0
944 -0.000344398 -0
945 -0.00103529 0
946 0.000406621 -0
947 -0.000687562 0
948 0.000195002 -0
949 0.00106222 0
950 -0.000635722 -0
951 0.000191702 -0
952 0.00224551 0
953 -0.000935755 -0
954 0.00089166 -0
955 -0.000245162 0
956 0.00126862 -0
957 -0.000444018 -0
958 -0.00140839 0
959 0.000979537 -0
960 -0.000290073 -0
961 0.000668326 0
962 -0.000342663 0
963 0.000112059 0
964 0.000475359 0
965 -0.000132528 -0
966 0.000142497 0
967 -6.45763e-05 0
968 0.00411722 0
969 -0.00127178 0
970 0.000471659 0
971 0.00161911 0
972 -0.00133343 0
973 0.000364121 -0
974 -0.00067025 0
975 0.000375673 -0
976 0.00318167 -0
977 -0.000914505 0
978 0.0031892 0
979 -0.00112684 0
980 0.000850199 -0
981 -0.000235582 -0
982 -0.000722141 -0
983 0.000297468 -0
984 -0.000390236 -0
985 0.000122803 0
986 0.000794614 -0
987 -0.000231966 0
988 0.000149183 -0
989 -0.00226978 0
990 0.000606577 0
991 -0.000274496 -0
992 -0.00128871 -0
993 0.00184182 -0
994 -0.000602312 0
995 0.000512388 -0
996 -0.000191631 -0
997 5.2602e-05 0
998 -0.000117161 0
999 6.10543e-05 0
1000 0.000263395 -0
1001 -7.0981e-05 0
1002 0.000211437 0
1003 -6.25759e-05 -0
1004 5.0075e-05 0
1005 -1.88477e-05 -0
1006 -0.000271555 0
1007 7.86062e-05 -0
1008 -4.21594e-05 0
1009 2.14418e-05 0
1010 -2.98821e-06 -0
1011 -3.45439e-07 -0
1012 0.000991054 0
1013 -0.000741541 -0
1014 0.00030474 0
1015 -0.000544755 -0
1016 0.000145922 0
1017 0.000565884 0
1018 -0.000276476 0
1019 7.85797e-05 0
1020 -0.000102002 -0
1021 -0.00052126 0
1022 0.000177152 0
1023 -0.000116209 -0
1024 3.4794e-05 0
1025 -0.000100061 -0
1026 9.06267e-05 0
1027 -2.44125e-05 -0
1028 -0.000515768 0
1029 0.000189605 0
1030 -9.64729e-05 0
1031 -0.000357744 0
1032 0.000114032 -0
1033 -3.07131e-05 0
1034 4.91479e-05 -0
1035 -0.000179343 0
1036 6.6518e-05 -0
1037 -1.76725e-05 -0
1038 1.0452e-05 -0
1039 0.000171989 -0
1040 -4.93188e-05 -0
1041 5.12923e-05 0
1042 -2.31672e-05 -0
1043 -0.000127133 -0
1044 4.17477e-05 -0
1045 -7.9781e-05 0
1046 2.10402e-05 -0
1047 -1.17423e-05 -0
1048 3.49189e-06 0
1049 2.36271e-05 -0
1050 -1.90988e-05 -0
1051 7.27594e-06 0
1052 -1.74643e-05 -0
1053 4.6216e-06 0
1054 2.38718e-05 0
1055 -1.02239e-05 0
1056 9.10309e-06 0
1057 -2.58909e-06 -0
1058 -0.000191256 -0
1059 6.78004e-05 -0
1060 -4.13037e-05 0
1061 1.12342e-05 -0
1062 -3.07733e-05 -0
1063 3.86871e-05 -0
1064 -1.6109e-05 -0
1065 -0.000108505 -0
1066 2.99125e-05 -0
1067 -1.55622e-05 0
1068 8.59742e-05 -0
1069 -2.79861e-05 0
1070 -0.000127374 -0
1071 3.66951e-05 0
1072 -2.76061e-05 0
1073 4.52656e-05 0
1074 -1.20097e-05 -0
1075 4.27178e-06 0
1076 5.19163e-05 0
1077 -3.31271e-05 0
1078 1.03029e-05 0
1079 3.8901e-05 0
1080 -1.8839e-05 0
1081 5.26946e-06 0
1082 -5.68958e-06 -0
1083 2.28292e-05 -0
1084 -6.79964e-06 0
1085 3.68568e-06 -0
1086 2.39051e-05 -0
1087 -6.41318e-06 0
1088 9.30065e-06 -0
1089 -3.43941e-06 0
1090 -0.000101554 -0
1091 3.57457e-05 -0
1092 -2.78675e-05 0
1093 7.87244e-06 -0
1094 2.1374e-05 0
1095 -9.81822e-06 -0
1096 2.51176e-05 -0
1097 -8.45616e-06 -0
1098 9.06505e-06 -0
1099 -2.65521e-06 0
1100 -1.0397e-05 -0
1101 4.4241e-06 0
1102 -2.7449e-05 0
1103 7.66762e-06 0
1104 1.71895e-05 0
1105 -1.01489e-05 0
1106 3.25577e-06 -0
1107 -4.7382e-06 -0
1108 2.35232e-06 0
1109 -0.000626082 0
1110 0.000182885 -0
1111 -0.000154343 -0
1112 -0.000630888 0
1113 0.000172504 -0
1114 -6.12406e-05 0
1115 4.26757e-05 0
1116 -0.000289867 -0
1117 9.32343e-05 0
1118 -0.000136543 -0
1119 3.79402e-05 0
1120 0.000263108 0
1121 -0.00010266 -0
1122 6.08439e-05 -0
1123 0.000205201 0
1124 -5.82539e-05 -0
1125 0.000167823 -0
1126 -8.13801e-05 -0
1127 7.3412e-05 -0
1128 -2.17662e-05 -0
1129 -0.000316369 -0
1130 8.57855e-05 -0
1131 -3.6993e-05 -0
1132 6.74671e-05 0
1133 -2.45416e-05 0
1134 -0.000112595 0
1135 7.30798e-05 -0
1136 -2.29734e-05 0
1137 0.000113363 -0
1138 -3.11086e-05 -0
1139 3.36222e-05 -0
1140 0.000109967 0
1141 -5.63007e-05 -0
1142 1.95871e-05 -0
1143 -5.65276e-06 -0
1144 -0.000259357 0
1145 0.000598539 -0
1146 -0.000276334 0
1147 7.74252e-05 0
1148 0.000269911 0
1149 -0.000204331 0
1150 6.74247e-05 -0
1151 -9.28832e-05 -0
1152 2.54102e-05 0
1153 0.000131594 -0
1154 -5.10364e-05 -0
1155 2.94361e-05 -0
1156 -0.000335442 -0
1157 0.00010305 0
1158 -0.000104422 -0
1159 4.3219e-05 0
1160 0.000180889 0
1161 -4.9146e-05 -0
1162 0.00013788 0
1163 -4.01785e-05 -0
1164 3.29881e-05 0
1165 -1.12387e-05 -0
1166 -9.88513e-05 0
1167 6.27372e-05 0
1168 -1.77443e-05 0
1169 -5.61657e-05 -0
1170 2.10421e-05 0
1171 -3.62566e-05 0
1172 1.95315e-05 0
1173 -5.39244e-06 -0
1174 2.29598e-05 -0
1175 -7.3056e-06 -0
1176 8.94987e-06 -0
1177 3.02143e-05 0
1178 -1.34676e-05 -0
1179 4.03918e-06 0
1180 -4.90087e-05 -0
1181 1.31278e-05 -0
1182 -1.10007e-05 0
1183 4.31166e-06 0
1184 3.42959e-05 0
1185 -2.29604e-05 0
1186 7.06352e-06 0
1187 -3.05214e-05 -0
1188 8.21125e-06 -0
1189 -1.02717e-05 0
1190 4.5574e-06 -0
1191 2.78689e-05 -0
1192 -9.52401e-06 -0
1193 5.04121e-06 0
1194 -1.39769e-06 -0
1195 2.85204e-06 -0
1196 1.42407e-05 -0
1197 -4.58796e-06 0
1198 3.87013e-06 0
1199 -1.0181e-06 -0
1200 -4.45601e-05 -0
1201 1.86819e-05 0
1202 -1.31345e-05 0
1203 3.84787e-06 -0
1204 -7.61415e-06 0
1205 -4.49082e-05 -0
1206 1.6444e-05 0
1207 -4.57887e-06 -0
1208 4.92198e-06 0
1209 -2.54238e-06 0
1210 -7.09569e-05 -0
1211 2.36301e-05 0
1212 6.47242e-05 -0
1213 -1.80267e-05 -0
1214 1.1495e-05 -0
1215 -1.8745e-05 0
1216 5.80695e-06 0
1217 2.20823e-05 -0
1218 -1.01678e-05 0
1219 3.37898e-05 0
1220 -9.54273e-06 0
1221 8.23622e-06 -0
1222 -2.92188e-06 -0
1223 -6.87841e-06 -0
1224 2.70776e-06 0
1225 -3.12729e-05 -0
1226 9.17975e-06 0
1227 -4.3268e-06 0
1228 1.91272e-05 -0
1229 -1.53571e-05 0
1230 3.72689e-06 -0
1231 -1.74784e-06 0
1232 4.47376e-07 -0
1233 5.48398e-06 -0
1234 -6.18187e-06 -0
1235 2.08373e-06 0
1236 -5.25097e-07 0
1237 1.93648e-07 0
1238 2.7086e-06 0
1239 -8.08757e-07 0
1240 -2.94636e-07 -0
1241 7.66318e-07 -0
1242 -3.56962e-07 -0
1243 1.03362e-05 -0
1244 -2.97406e-06 0
1245 1.58206e-06 -0
1246 -1.56979e-06 -0
1247 4.00656e-07 0
1248 4.706e-09 0
1249 -7.2993e-08 0
1250 1.50039e-06 0
1251 -3.81106e-07 0
1252 2.25941e-07 0
1253 -5.93311e-08 -0
1254 -9.07425e-06 0
1255 6.83513e-06 -0
1256 -2.14806e-06 -0
1257 -6.32562e-06 0
1258 3.11215e-06 0
1259 -8.70772e-07 0
1260 1.70927e-06 -0
1261 -6.81359e-07 -0
1262 -1.38551e-06 0
1263 4.56016e-07 0
1264 -4.52143e-07 0
1265 -2.04472e-07 0
1266 1.9433e-07 0
1267 -6.94171e-08 -0
1268 5.90562e-07 -0
1269 -2.26045e-07 0
1270 2.45551e-07 0
1271 -4.75092e-08 -0
1272 -2.12413e-09 -0
1273 6.61871e-08 0
1274 -2.25873e-08 0
1275 8.54572e-05 -0
1276 -3.52708e-05 -0
1277 6.37957e-05 0
1278 -1.82217e-05 0
1279 -7.12749e-05 0
1280 3.75331e-05 -0
1281 -0.00015697 0
1282 5.15071e-05 -0
1283 -4.79717e-05 -0
1284 1.32917e-05 0
1285 4.19008e-05 -0
1286 -1.5289e-05 0
1287 1.93196e-05 0
1288 -5.79129e-06 -0
1289 0.00012236 -0
1290 -6.77755e-05 0
1291 1.84998e-05 -0
1292 0.000123104 0
1293 -5.45901e-05 -0
1294 3.73976e-05 -0
1295 -1.16503e-05 -0
1296 2.7934e-05 -0
1297 0.000100939 -0
1298 -3.97755e-05 0
1299 1.08175e-05 0
1300 -1.52917e-05 -0
1301 4.47036e-06 0
1302 -2.62162e-05 -0
1303 1.65245e-05 0
1304 -5.7299e-06 -0
1305 -2.72291e-05 0
1306 7.72598e-06 0
1307 -6.68338e-06 -0
1308 -0.000190217 0
1309 9.74915e-05 -0
1310 -3.24712e-05 -0
1311 -0.000100108 0
1312 2.79013e-05 0
1313 -5.29142e-05 -0
1314 2.27884e-05 0
1315 -1.75013e-05 -0
1316 5.33654e-06 -0
1317 -5.4701e-05 -0
1318 2.01068e-05 0
1319 6.59777e-05 0
1320 -1.81401e-05 0
1321 1.91214e-05 0
1322 -9.0345e-06 -0
1323 -0.000101325 -0
1324 2.9214e-05 0
1325 -9.85382e-05 0
1326 5.62846e-05 0
1327 -1.7719e-05 0
1328 2.14991e-05 -0
1329 -5.86232e-06 -0
1330 -2.62078e-05 0
1331 1.07014e-05 0
1332 -2.27126e-05 -0
1333 7.71232e-06 0
1334 -4.98963e-06 0
1335 -1.84824e-05 0
1336 5.20225e-06 0
1337 -1.99057e-06 0
1338 9.11738e-06 0
1339 -6.6669e-06 -0
1340 1.97237e-06 0
1341 1.18348e-05 -0
1342 -5.91726e-06 0
1343 9.48776e-06 -0
1344 -2.62163e-06 0
1345 -8.6542e-06 0
1346 2.81248e-06 -0
1347 -2.49874e-06 0
1348 1.12898e-06 0
1349 3.7091e-05 0
1350 -1.01253e-05 -0
1351 3.64515e-06 -0
1352 -2.89098e-05 0
1353 2.94056e-05 0
1354 -8.55906e-06 -0
1355 -2.66449e-05 -0
1356 1.46038e-05 -0
1357 -4.54125e-06 -0
1358 -3.78126e-05 -0
1359 1.60229e-05 -0
1360 -2.20837e-05 -0
1361 6.06423e-06 0
1362 -1.73934e-05 0
1363 1.3848e-05 0
1364 -4.18571e-06 -0
1365 -1.98519e-05 -0
1366 7.79214e-06 -0
1367 -4.59315e-06 0
1368 1.28738e-06 0
1369 3.85293e-06 0
1370 -1.33043e-06 -0
1371 3.08247e-06 -0
1372 -2.09905e-06 0
1373 6.0394e-07 -0
1374 -1.25298e-05 0
1375 6.08722e-06 -0
1376 -1.66382e-06 -0
1377 -6.14359e-06 -0
1378 7.15678e-06 -0
1379 -2.28039e-06 -0
1380 8.52055e-07 0
1381 1.29107e-05 0
1382 -2.16013e-05 0
1383 5.9631e-06 0
1384 -3.67577e-06 -0
1385 1.39005e-05 -0
1386 -4.62074e-06 0
1387 -1.52486e-05 0
1388 6.72317e-06 0
1389 -6.37406e-06 -0
1390 1.90647e-06 0
1391 1.31409e-05 0
1392 -3.5854e-06 0
1393 1.87041e-06 0
1394 -1.09324e-05 -0
1395 4.42049e-06 0
1396 -3.62782e-06 0
1397 1.02716e-06 0
1398 3.13815e-06 0
1399 -1.11301e-06 -0
1400 1.99037e-06 -0
1401 -6.10007e-07 0
1402 -2.43474e-06 0
1403 1.83269e-06 0
1404 -5.09748e-07 -0
1405 2.52412e-05 0
1406 -1.14422e-05 -0
1407 2.76368e-05 0
1408 -7.96462e-06 -0
1409 2.99691e-06 -0
1410 1.76928e-05 0
1411 -1.87312e-05 -0
1412 6.10371e-06 0
1413 -3.25765e-06 0
1414 2.58854e-05 -0
1415 -7.05202e-06 -0
1416 4.59924e-06 -0
1417 1.57469e-05 0
1418 -4.92145e-06 0
1419 6.23225e-06 0
1420 -2.58235e-06 0
1421 7.20942e-07 0
1422 1.07698e-05 0
1423 -2.15235e-05 0
1424 7.78683e-06 -0
1425 -4.37802e-06 -0
1426 1.28226e-06 -0
1427 4.69311e-06 -0
1428 -4.19387e-06 0
1429 1.1392e-06 0
1430 -4.36239e-06 0
1431 2.08143e-06 -0
1432 -7.05643e-07 0
1433 -3.26317e-06 0
1434 4.75413e-06 -0
1435 -1.3497e-06 0
1436 -4.35531e-06 -0
1437 1.33984e-06 -0
1438 -9.2803e-07 0
1439 3.67093e-07 0
1440 -1.09804e-06 0
1441 3.04635e-07 0
1442 2.83805e-06 0
1443 -2.76089e-06 0
1444 1.3657e-06 -0
1445 -4.36971e-07 0
1446 5.25891e-06 -0
1447 -1.42529e-06 -0
1448 8.84708e-07 0
1449 3.78417e-06 0
1450 -1.30978e-06 0
1451 1.46458e-06 0
1452 -4.3219e-07 -0
1453 1.86536e-07 -0
1454 1.60657e-05 0
1455 -1.34295e-05 -0
1456 3.71455e-06 0
1457 1.12379e-05 0
1458 -4.33492e-06 -0
1459 8.65748e-06 0
1460 -2.52967e-06 0
1461 1.71065e-05 0
1462 -1.0284e-05 -0
1463 3.44375e-06 0
1464 1.93473e-05 0
1465 -9.05269e-06 -0
1466 2.4803e-06 0
1467 -3.92403e-06 -0
1468 -1.27946e-05 0
1469 3.89995e-06 -0
1470 -2.96464e-06 -0
1471 1.09794e-06 -0
1472 -3.28771e-06 0
1473 9.33811e-07 -0
1474 -5.15481e-07 -0
1475 -8.57831e-06 -0
1476 3.53894e-06 0
1477 -3.69895e-06 0
1478 1.00945e-06 0
1479 4.68843e-06 0
1480 -1.48762e-06 0
1481 8.13681e-06 -0
1482 -4.15554e-06 -0
1483 -1.27431e-05 -0
1484 3.65506e-06 0
1485 -4.87744e-06 0
1486 1.74335e-06 -0
1487 -1.51287e-06 -0
1488 4.16271e-07 -0
1489 1.44724e-06 0
1490 -6.17483e-07 0
1491 1.67319e-06 -0
1492 -5.02438e-07 0
1493 1.99835e-05 -0
1494 -1.28253e-05 0
1495 4.22568e-06 -0
1496 -1.17881e-06 0
1497 2.17249e-06 -0
1498 -1.25032e-06 0
1499 -6.51504e-06 0
1500 2.52561e-06 -0
1501 -6.88844e-07 0
1502 5.54518e-06 0
1503 -3.96503e-06 0
1504 -1.37557e-05 -0
1505 4.27733e-06 -0
1506 -1.92066e-06 -0
1507 2.36244e-06 -0
1508 -6.7937e-07 0
1509 -7.16294e-06 0
1510 2.41134e-06 0
1511 -2.31655e-06 0
1512 1.21161e-06 0
1513 3.74057e-06 0
1514 -1.03588e-06 -0
1515 2.39341e-06 0
1516 -8.38376e-07 -0
1517 3.59185e-06 -0
1518 -1.01087e-06 0
1519 8.04753e-07 -0
1520 3.12832e-06 0
1521 -1.17697e-06 -0
1522 5.74399e-07 -0
1523 -1.73438e-07 0
1524 2.43847e-07 0
1525 1.49494e-06 -0
1526 -4.08394e-07 0
1527 2.72052e-07 -0
1528 -3.10202e-06 -0
1529 1.00402e-06 0
1530 -4.07533e-07 0
1531 -1.32293e-06 0
1532 3.87441e-07 0
1533 -4.29173e-07 0
1534 1.97781e-07 -0
1535 3.05461e-06 0
1536 -8.40634e-07 0
1537 1.43252e-06 -0
1538 -8.44844e-07 -0
1539 3.04437e-07 -0
1540 -1.04988e-06 -0
1541 2.93771e-07 -0
1542 1.1958e-06 -0
1543 -3.66608e-07 -0
1544 3.35158e-07 0
1545 -1.44906e-07 0
1546 -4.52234e-07 -0
1547 1.23118e-07 0
1548 -2.82765e-06 -0
1549 1.49979e-06 0
1550 -5.11807e-07 0
1551 3.75812e-07 -0
1552 -1.10693e-07 0
1553 -8.33032e-07 0
1554 1.25247e-06 0
1555 -3.96214e-07 -0
1556 8.53707e-07 0
1557 -3.40445e-07 -0
1558 -1.2418e-06 0
1559 3.55324e-07 -0
1560 -2.17718e-07 0
1561 9.76733e-07 -0
1562 -2.66998e-07 0
1563 3.16379e-07 0
1564 -1.15492e-07 -0
1565 -5.45464e-06 -0
1566 2.59535e-06 0
1567 -7.35671e-07 -0
1568 -3.28113e-06 -0
1569 2.5822e-06 0
1570 -8.32057e-07 -0
1571 -2.74856e-06 0
1572 7.50235e-07 -0
1573 -7.54185e-07 0
1574 4.22418e-07 -0
1575 -1.37735e-06 -0
1576 4.00831e-07 -0
1577 -1.58008e-07 -0
1578 -1.39338e-06 -0
1579 9.50777e-07 0
1580 -2.63983e-07 0
1581 -8.12203e-07 0
1582 2.81645e-07 -0
1583 -2.06905e-06 -0
1584 1.04219e-06 -0
1585 -3.26194e-07 0
1586 6.28445e-07 0
1587 -5.52387e-07 -0
1588 1.6606e-07 0
1589 -7.1261e-08 0
1590 -4.5148e-07 0
1591 1.24658e-07 0
1592 -1.72924e-07 0
1593 6.58416e-08 -0
1594 2.45907e-07 0
1595 -6.70268e-08 -0
1596 1.73104e-07 -0
1597 -7.87305e-08 0
1598 -1.48978e-06 0
1599 4.97437e-07 -0
1600 -3.53961e-07 -0
1601 9.97673e-08 -0
1602 2.9663e-07 0
1603 -3.1418e-07 0
1604 9.3832e-08 -0
1605 -1.03358e-06 -0
1606 5.62378e-07 0
1607 -2.0173e-07 0
1608 -9.15299e-07 -0
1609 2.65429e-07 -0
1610 -2.20199e-07 -0
1611 9.14499e-08 0
1612 -3.62143e-07 0
1613 9.97663e-08 -0
1614 -1.6433e-07 -0
1615 9.98583e-08 0
1616 3.13976e-07 -0
1617 -1.02579e-07 0
1618 3.18157e-08 0
1619 -7.13922e-07 -0
1620 3.53503e-07 -0
1621 -9.65224e-08 -0
1622 1.23607e-07 -0
1623 5.12274e-07 0
1624 -1.90361e-07 -0
1625 1.242e-07 0
1626 -3.50593e-08 -0
1627 -3.86547e-07 0
1628 8.14426e-07 -0
1629 -3.60218e-07 0
1630 1.22056e-07 -0
1631 4.15434e-07 -0
1632 -1.15812e-07 0
1633 1.3094e-07 -0
1634 -7.88885e-07 -0
1635 2.39508e-07 0
1636 -1.23887e-07 -0
1637 1.05247e-07 0
1638 -2.86845e-08 -0
1639 -1.57589e-07 -0
1640 6.15032e-08 0
1641 -1.76243e-07 -0
1642 5.1588e-08 0
1643 -3.00381e-08 -0
1644 -9.15459e-08 -0
1645 2.92592e-08 0
1646 -2.77863e-08 -0
1647 -4.63577e-07 -0
1648 1.33872e-07 -0
1649 -5.72994e-08 -0
1650 8.95126e-08 0
1651 2.71929e-07 0
1652 -7.56101e-08 -0
1653 6.0791e-08 -0
1654 -2.18344e-08 0
1655 5.80949e-08 0
1656 -2.75618e-08 0
1657 -1.39089e-07 0
1658 3.92127e-08 -0
1659 -2.55264e-08 0
1660 8.61154e-09 0
1661 2.17837e-08 -0
1662 -1.71344e-07 -0
1663 5.13178e-08 -0
1664 -1.96278e-08 0
1665 2.44365e-08 0
1666 -1.82806e-08 -0
1667 5.71731e-09 -0
1668 1.954e-08 0
1669 -9.70654e-09 -0
1670 2.20569e-07 -0
1671 -6.05546e-08 0
1672 1.1367e-07 -0
1673 -3.2939e-08 0
1674 1.34983e-08 -0
1675 1.09647e-07 -0
1676 -6.35313e-08 0
1677 -1.73702e-07 -0
1678 6.11296e-08 -0
1679 -1.73522e-08 -0
1680 1.87514e-08 -0
1681 -8.12559e-08 0
1682 2.58323e-08 0
1683 -1.17728e-08 0
1684 -4.61896e-08 -0
1685 1.28124e-08 0
1686 -9.20706e-09 0
1687 1.53533e-08 0
1688 -5.65532e-09 0
1689 5.99374e-07 -0
1690 -1.79601e-07 0
1691 -5.49976e-07 0
1692 2.9178e-07 0
1693 -2.72506e-07 0
1694 7.79629e-08 -0
1695 -2.43086e-07 -0
1696 9.35953e-08 0
1697 -2.57489e-08 -0
1698 -9.80201e-08 -0
1699 7.93554e-08 0
1700 -2.66488e-08 0
1701 2.2362e-07 0
1702 -9.49756e-08 -0
1703 1.19249e-07 0
1704 -3.31494e-08 0
1705 -2.0081e-07 -0
1706 1.28049e-07 -0
1707 -4.15007e-08 0
1708 -1.37453e-07 0
1709 3.99587e-08 -0
1710 -8.69969e-08 -0
1711 4.11429e-08 0
1712 -1.12387e-08 0
1713 -2.18269e-07 -0
1714 2.43455e-07 0
1715 -9.70406e-08 0
1716 2.9815e-08 -0
1717 8.67748e-08 0
1718 -4.81861e-08 0
1719 2.3597e-07 -0
1720 -8.43079e-08 0
1721 2.38301e-08 -0
1722 -1.79798e-08 0
1723 -1.24527e-07 -0
1724 6.43477e-08 -0
1725 -1.30186e-07 -0
1726 3.61305e-08 -0
1727 -1.14618e-08 0
1728 -3.89911e-08 -0
1729 3.51572e-08 -0
1730 -1.54793e-08 -0
1731 3.32483e-07 -0
1732 -1.00511e-07 0
1733 1.37228e-07 -0
1734 -3.76433e-08 -0
1735 2.24763e-08 0
1736 9.43706e-08 0
1737 -3.23376e-08 0
1738 9.01052e-08 -0
1739 -3.32189e-08 -0
1740 2.24891e-08 -0
1741 -6.40806e-09 0
1742 -1.92999e-08 0
1743 8.90552e-09 -0
1744 -1.51085e-08 0
1745 4.1295e-09 -0
1746 3.51088e-08 0
1747 -1.15639e-08 0
1748 1.1349e-08 -0
1749 -3.37661e-09 -0
1750 2.47057e-08 0
1751 -1.01763e-08 0
1752 -3.25027e-08 -0
1753 9.09429e-09 -0
1754 -5.26346e-09 0
1755 -2.62287e-08 0
1756 3.86112e-08 -0
1757 -1.23571e-08 0
1758 6.10805e-09 0
1759 -2.64349e-08 -0
1760 7.65316e-09 -0
1761 -6.48163e-09 0
1762 2.48584e-09 0
1763 3.5116e-08 -0
1764 -9.62026e-09 -0
1765 2.48933e-08 -0
1766 -1.65504e-08 0
1767 -4.99701e-08 0
1768 1.76078e-08 -0
1769 -4.87934e-09 0
1770 5.33224e-09 -0
1771 -1.6677e-09 -0
1772 -6.07564e-09 -0
1773 2.46862e-09 0
1774 -3.30901e-08 0
1775 9.76293e-09 -0
1776 -7.55616e-09 -0
1777 4.07476e-09 0
1778 2.45045e-08 0
1779 -6.90292e-09 -0
1780 8.60483e-09 -0
1781 -3.15539e-09 -0
1782 -9.13683e-09 -0
1783 3.96081e-09 0
1784 -1.37921e-08 -0
1785 3.80219e-09 -0
1786 -1.27596e-09 -0
1787 7.33925e-08 0
1788 -4.46671e-08 0
1789 8.0335e-08 0
1790 -2.4284e-08 -0
1791 -1.16419e-07 0
1792 5.55012e-08 -0
1793 -1.58549e-08 -0
1794 1.12067e-08 -0
1795 3.98134e-08 0
1796 -1.08456e-08 -0
1797 1.06572e-08 -0
1798 -4.11572e-09 0
1799 1.943e-08 0
1800 -6.30564e-09 -0
1801 9.89503e-09 -0
1802 -2.87631e-09 -0
1803 -9.37026e-09 0
1804 4.79701e-09 -0
1805 -1.9909e-09 0
1806 -6.61949e-08 0
1807 1.83478e-08 0
1808 -1.65058e-08 0
1809 5.6692e-09 0
1810 -1.16007e-08 -0
1811 -4.25424e-08 -0
1812 1.308e-08 0
1813 -7.66672e-09 -0
1814 2.17229e-09 0
1815 1.53859e-08 -0
1816 -6.95872e-09 0
1817 9.1963e-09 -0
1818 -2.52132e-09 -0
1819 2.22913e-08 0
1820 -7.99556e-09 0
1821 6.50931e-09 -0
1822 3.0667e-08 -0
1823 -9.15185e-09 -0
1824 2.69941e-08 0
1825 -1.74442e-08 -0
1826 5.59046e-09 -0
1827 1.7166e-08 -0
1828 -4.68232e-09 -0
1829 2.36524e-09 -0
1830 -2.61816e-09 0
1831 1.04451e-09 -0
1832 -2.63971e-08 0
1833 7.32026e-09 0
1834 -1.60815e-08 -0
1835 5.40488e-09 -0
1836 1.87786e-08 0
1837 -1.0349e-08 -0
1838 2.98945e-09 -0
1839 -2.16959e-09 -0
1840 -2.99645e-08 0
1841 1.11818e-08 0
1842 -1.66127e-08 -0
1843 4.56316e-09 0
1844 1.96083e-08 -0
1845 -8.67713e-09 0
1846 2.70701e-09 -0
1847 -1.04631e-08 -0
1848 8.89863e-09 -0
1849 -2.50385e-09 -0
1850 -1.49502e-08 0
1851 6.99831e-09 0
1852 -8.27991e-09 0
1853 2.48191e-09 -0
1854 7.72565e-09 0
1855 -2.71237e-09 -0
1856 1.85226e-09 0
1857 -5.03967e-10 -0
1858 3.12065e-09 0
1859 -1.22036e-09 0
1860 2.09901e-09 0
1861 -6.88312e-10 -0
1862 -2.51037e-09 0
1863 1.30654e-09 -0
1864 -3.65808e-10 -0
1865 4.53745e-09 0
1866 -4.19666e-09 -0
1867 1.23383e-09 -0
1868 1.16288e-08 0
1869 -4.93203e-09 -0
1870 1.34483e-09 -0
1871 -3.4197e-09 -0
1872 2.04374e-09 -0
1873 6.94387e-09 -0
1874 -2.19143e-09 -0
1875 1.69928e-09 -0
1876 -6.24649e-10 0
1877 8.58219e-10 0
1878 -2.45718e-10 -0
1879 -8.93626e-09 0
1880 4.3977e-09 0
1881 -1.22344e-09 0
1882 -4.27349e-09 -0
1883 1.64826e-08 -0
1884 -5.05853e-09 -0
1885 2.9139e-09 0
1886 -3.06067e-09 -0
1887 1.07023e-09 -0
1888 4.91268e-09 -0
1889 -1.34749e-09 -0
1890 5.61142e-10 0
1891 1.61467e-09 -0
1892 -1.03765e-09 0
1893 2.18771e-09 -0
1894 -6.26984e-10 0
1895 -5.20241e-09 -0
1896 1.76052e-09 0
1897 -8.28281e-10 -0
1898 1.0222e-09 -0
1899 -2.84524e-10 -0
1900 1.83234e-09 0
1901 -7.03186e-10 0
1902 5.46837e-10 0
1903 1.86015e-09 -0
1904 -5.52936e-10 0
1905 1.48047e-09 0
1906 -4.84113e-10 0
1907 2.69627e-10 -0
1908 1.28501e-09 -0
1909 -3.60049e-10 0
1910 3.44256e-10 -0
1911 8.80445e-10 -0
1912 -2.78465e-10 -0
1913 1.25276e-10 0
1914 -5.16072e-09 0
1915 1.85147e-09 0
1916 -2.41645e-09 -0
1917 6.79691e-10 -0
1918 -4.84108e-10 0
1919 -1.53242e-09 0
1920 4.58453e-10 0
1921 -3.90097e-09 0
1922 1.95352e-09 -0
1923 -5.35852e-10 -0
1924 9.49419e-10 -0
1925 -3.24802e-10 0
1926 -2.80538e-09 -0
1927 1.19426e-09 -0
1928 -8.04275e-10 0
1929 2.28731e-10 -0
1930 -7.75512e-10 -0
1931 -2.32302e-09 -0
1932 9.0408e-10 -0
1933 -9.05027e-10 0
1934 2.75101e-10 -0
1935 1.2305e-09 -0
1936 -6.62545e-10 0
1937 1.92388e-10 -0
1938 -2.84881e-10 0
1939 1.33737e-09 -0
1940 -3.69662e-10 0
1941 2.3147e-10 -0
1942 8.03122e-10 0
1943 -2.57215e-10 -0
1944 1.0584e-10 -0
1945 -9.34032e-11 0
1946 7.29004e-10 0
1947 -1.90919e-10 -0
1948 6.55764e-11 0
1949 3.05586e-10 -0
1950 -1.34796e-10 -0
1951 2.30116e-10 -0
1952 -6.40389e-11 -0
1953 5.73572e-11 0
1954 -1.50902e-11 -0
1955 -1.3164e-10 -0
1956 9.6009e-11 -0
1957 -3.02171e-11 -0
1958 -4.69356e-11 0
1959 3.74186e-11 -0
1960 -1.33761e-11 -0
1961 3.56184e-11 -0
1962 -1.45223e-11 0
1963 4.17593e-11 0
1964 -9.8163e-12 0
1965 -1.76408e-11 0
1966 1.1175e-11 0
1967 -3.41382e-11 0
1968 7.9392e-12 -0
1969 -2.40513e-12 -0
1970 2.75953e-13 -0
1971 8.33715e-10 0
1972 -4.14544e-10 -0
1973 5.21222e-10 0
1974 -1.40307e-10 0
1975 -5.84857e-10 -0
1976 1.81926e-10 -0
1977 -1.06195e-10 -0
1978 4.68431e-10 -0
1979 -1.79318e-10 -0
1980 4.94635e-11 0
1981 -8.41467e-11 0
1982 -1.10327e-09 -0
1983 3.65876e-10 0
1984 -2.90957e-10 0
1985 8.47189e-11 0
1986 3.14225e-10 -0
1987 -1.47598e-10 0
1988 1.49591e-10 -0
1989 -4.09578e-11 -0
1990 -8.37862e-10 -0
1991 3.72435e-10 -0
1992 -2.48063e-10 0
1993 7.68731e-11 -0
1994 2.42122e-10 0
1995 -1.19931e-09 0
1996 4.4081e-10 -0
1997 -1.27232e-10 0
1998 1.67518e-10 0
1999 -7.11043e-11 0
2000 -1.95421e-10 -0
2001 5.45479e-11 0
2002 -3.85098e-11 0
2003 -2.34514e-11 -0
2004 1.13575e-11 0
2005 -7.6626e-11 0
2006 4.86961e-11 -0
2007 -1.53684e-11 -0
2008 3.39442e-11 -0
2009 -9.78854e-12 0
2010 1.8957e-12 -0
2011 6.22558e-14 0
2012 -1.99678e-11 -0
2013 1.51634e-11 -0
2014 -3.91169e-12 0
2015 -4.96786e-10 0
2016 1.4158e-10 -0
2017 -7.22402e-11 -0
2018 5.95163e-11 0
2019 -1.82177e-11 -0
2020 7.80858e-11 0
2021 -3.2051e-11 0
2022 -1.00845e-10 0
2023 6.10503e-11 0
2024 -1.94578e-11 -0
2025 -6.70114e-11 0
2026 1.91617e-11 -0
2027 -2.52557e-11 -0
2028 1.17422e-11 0
2029 2.32062e-11 -0
2030 -7.01908e-12 -0
2031 2.59131e-11 -0
2032 -9.55428e-12 0
2033 9.20851e-12 -0
2034 -2.0026e-09 0
2035 5.62928e-10 0
2036 -2.91371e-10 0
2037 4.28662e-10 0
2038 -1.42271e-10 -0
2039 -5.02907e-10 -0
2040 1.37167e-10 0
2041 -9.43278e-11 0
2042 5.63883e-10 -0
2043 -1.72403e-10 0
2044 7.92795e-11 0
2045 9.53356e-10 0
2046 -3.57744e-10 0
2047 6.45791e-10 0
