0 0 0
1 -0 -0
2 -0 0
3 0 -0
4 -0 0
5 1.49988e-80 -0
6 -4.38752e-81 0
7 1.91618e-81 0
8 -1.85119e-81 0
9 -8.9234e-81 -0
10 2.4899e-81 0
11 -9.44102e-82 -0
12 3.72849e-81 0
13 -2.72833e-81 0
14 8.45148e-82 0
15 3.01314e-81 -0
16 -1.50597e-81 0
17 4.13142e-82 0
18 -5.46677e-82 -0
19 3.57602e-27 -0
20 -1.22149e-27 -0
21 3.38469e-28 0
22 -6.97557e-28 -0
23 3.58938e-28 0
24 -2.76291e-28 -0
25 8.55823e-29 -0
26 4.24528e-28 0
27 -1.65487e-28 -0
28 7.53852e-28 -0
29 -1.9986e-28 0
30 2.02169e-28 0
31 -5.88298e-29 -0
32 -1.04377e-27 -0
33 4.63059e-28 -0
34 -2.85592e-28 -0
35 7.67705e-29 0
36 5.30648e-28 0
37 -7.22091e-28 0
38 2.54211e-28 -0
39 -8.92118e-28 -0
40 2.50004e-28 -0
41 -8.27024e-29 -0
42 -0.000420117 0
43 0.000315209 -0
44 -0.000129831 0
45 -0.000491216 -0
46 0.000136398 0
47 -0.000271089 0
48 0.000137664 -0
49 -4.13303e-05 -0
50 4.09129e-05 0
51 -1.0979e-05 0
52 0.000103208 -0
53 -3.96229e-05 0
54 -0.000163837 0
55 9.92827e-05 -0
56 -3.18388e-05 -0
57 8.66427e-05 -0
58 -2.35213e-05 -0
59 3.14694e-05 0
60 -1.47464e-05 -0
61 -8.35248e-05 0
62 2.43645e-05 0
63 -2.08253e-05 0
64 6.45451e-06 0
65 7.88162e-05 -0
66 -4.35729e-05 -0
67 1.17453e-05 0
68 -1.87691e-05 0
69 6.85056e-06 0
70 2.56017e-05 0
71 -1.12424e-05 0
72 3.14064e-06 0
73 -1.58533e-05 0
74 1.06389e-05 -0
75 -3.63708e-06 -0
76 -2.72842e-05 0
77 3.1169e-05 0
78 -8.53677e-06 0
79 0.000329868 0
80 -0.000128983 0
81 3.84158e-05 -0
82 0.000178805 -0
83 -0.000138594 0
84 3.71653e-05 0
85 -7.97592e-05 0
86 2.58766e-05 0
87 -1.2873e-05 -0
88 4.74893e-05 0
89 -1.35923e-05 -0
90 8.44443e-06 0
91 3.39001e-05 0
92 -1.42055e-05 -0
93 1.35547e-05 0
94 -3.74551e-06 -0
95 0.000251946 -0
96 -8.76034e-05 -0
97 0.000482331 0
98 -0.000146068 -0
99 7.69841e-05 -0
100 -0.000100482 0
101 2.6624e-05 0
102 0.000124899 0
103 -4.63492e-05 -0
104 3.24663e-05 -0
105 -7.26e-05 0
106 2.02369e-05 0
107 0.000142851 0
108 -4.67628e-05 -0
109 2.04814e-05 -0
110 -2.2995e-05 0
111 6.13049e-06 -0
112 -4.35176e-05 0
113 2.47429e-05 0
114 -7.12426e-06 0
115 -0.000144631 -0
116 0.000122546 0
117 -3.83279e-05 0
118 6.48157e-05 0
119 -2.57087e-05 0
120 -0.000136137 0
121 3.65787e-05 0
122 -1.70765e-05 -0
123 4.45875e-05 -0
124 -1.27373e-05 0
125 8.0885e-06 0
126 3.64116e-05 0
127 -1.23557e-05 -0
128 1.21461e-05 -0
129 -3.22794e-06 0
130 -3.15629e-05 0
131 9.42908e-06 -0
132 -4.78217e-06 -0
133 6.88164e-06 0
134 -1.89336e-06 -0
135 -0.752779 0
136 0.275818 -0
137 -0.225393 -0
138 0.852336 -0
139 -0.366603 -0
140 0.0979067 0
141 0.507429 -0
142 -0.157844 -0
143 0.0884981 0
144 -0.541255 -0
145 0.147968 -0
146 -0.186548 -0
147 0.0718862 0
148 1.35768 0
149 -0.92546 0
150 0.304167 0
151 1.24904 -0
152 -0.34884 -0
153 0.159957 -0
154 -0.320536 -0
155 0.0865162 -0
156 -0.0938965 0
157 -0.617168 0
158 0.218496 -0
159 -0.0645531 0
160 0.816094 -0
161 -0.595963 -0
162 0.241925 -0
163 -0.0691782 -0
164 -0.332676 0
165 0.542631 -0
166 -0.174195 0
167 0.092493 -0
168 -0.0247366 -0
169 0.067909 -0
170 0.269672 0
171 -0.239883 -0
172 0.0809631 -0
173 -0.0222363 -0
174 0.0131921 0
175 0.123603 0
176 -0.0591911 -0
177 0.260215 0
178 -0.079304 0
179 0.0295801 -0
180 -1.0575 0
181 0.287797 0
182 -0.286513 0
183 0.120462 0
184 0.52078 0
185 -0.147109 0
186 0.114746 0
187 -0.267344 -0
188 0.0802164 0
189 -0.0513835 -0
190 -1.89333 0
191 0.505925 0
192 -0.182072 0
193 0.255346 -0
194 -0.127436 0
195 -0.714725 -0
196 0.206951 -0
197 -1.5566 0
198 0.61112 0
199 -0.164237 -0
200 0.19544 -0
201 0.787225 -0
202 -0.249955 0
203 0.138678 -0
204 -0.45745 -0
205 0.126227 0
206 -0.104872 0
207 0.0461867 -0
208 -0.0857453 0
209 0.0285494 0
210 0.194796 -0
211 -0.0547098 0
212 0.0368427 0
213 -0.691342 0
214 0.240977 -0
215 -0.0652339 0
216 -0.25593 0
217 0.237013 -0
218 -0.0734286 0
219 0.0334155 -0
220 -0.170234 -0
221 0.045579 0
222 -0.0793456 0
223 0.0300634 0
224 0.134303 0
225 -0.0393745 -0
226 0.0239748 0
227 0.320003 -0
228 -0.163146 -0
229 0.180159 -0
230 -0.0512007 0
231 0.0166278 -0
232 -0.0419745 0
233 0.0173336 0
234 0.0880534 -0
235 -0.0237442 -0
236 0.017904 -0
237 -0.168752 0
238 0.0502502 -0
239 -0.0646947 -0
240 0.0303762 0
241 -0.00811181 0
242 -0.071826 0
243 0.0245425 0
244 -0.017348 0
245 -0.0729308 0
246 0.0203274 0
247 -0.0438408 -0
248 0.0174911 0
249 -0.00992515 -0
250 0.00310056 -0
251 0.067646 -0
252 -0.0699886 -0
253 0.0190706 -0
254 -0.0573756 0
255 0.020741 -0
256 0.0816843 0
257 -0.0235062 0
258 0.0201736 0
259 -0.00986138 0
260 0.00264605 0
261 -0.0038978 -0
262 -0.0233011 0
263 0.0100885 0
264 -0.00309937 -0
265 0.0130839 0
266 -0.00816611 0
267 0.00224001 0
268 -0.26415 -0
269 0.0930927 0
270 0.431734 0
271 -0.234015 0
272 0.0681535 0
273 -0.108544 -0
274 0.1039 -0
275 -0.0277582 0
276 0.0106426 0
277 -0.0677869 -0
278 0.0223388 0
279 0.253936 0
280 -0.204044 -0
281 0.0564958 0
282 -0.0252787 0
283 -0.101296 0
284 0.0306166 0
285 -0.0409709 -0
286 0.0269008 0
287 -0.00729627 -0
288 0.0263699 -0
289 -0.00970344 -0
290 -0.0519385 -0
291 0.0269816 0
292 -0.00849349 -0
293 0.175137 0
294 -0.0471239 -0
295 0.0538612 -0
296 -0.0229759 0
297 -0.172099 -0
298 0.0486638 -0
299 -0.0919562 -0
300 0.0532444 0
301 -0.0178977 0
302 -0.0744334 0
303 0.0199402 0
304 -0.0137484 0
305 0.136177 -0
306 -0.0531796 -0
307 0.0156736 0
308 -0.0371451 0
309 0.0119526 0
310 0.61901 -0
311 -0.555549 0
312 0.153048 -0
313 -0.0706975 -0
314 -0.347174 -0
315 0.11966 -0
316 -0.147869 0
317 0.0394817 0
318 -0.207796 0
319 0.152843 0
320 -0.043763 -0
321 0.0178323 -0
322 0.0769391 0
323 -0.127709 -0
324 0.0357093 0
325 -0.0180892 0
326 -0.304534 -0
327 0.109057 -0
328 -0.11632 0
329 0.0314162 -0
330 -0.100549 0
331 0.0607584 -0
332 -0.018261 -0
333 -0.116942 -0
334 0.0440957 0
335 0.175301 -0
336 -0.0557901 0
337 0.043113 0
338 -0.0117709 0
339 0.0240056 0
340 -0.0115477 -0
341 0.493228 0
342 -0.131882 0
343 0.0551478 -0
344 -0.084148 0
345 0.0256849 0
346 0.209618 -0
347 -0.115518 -0
348 0.0333773 -0
349 -0.0328388 -0
350 -0.133815 -0
351 0.0453164 0
352 -0.126571 -0
353 0.0351471 0
354 -0.0226435 -0
355 0.194842 0
356 -0.0779938 -0
357 0.0209405 0
358 -0.0172295 -0
359 -0.0823394 0
360 0.026947 -0
361 -0.0142147 -0
362 0.0552777 -0
363 -0.0164175 -0
364 -0.165648 -0
365 0.0450151 -0
366 -0.0197224 -0
367 0.0236666 0
368 -0.00862805 0
369 -0.0340725 -0
370 0.00969235 0
371 -0.00689425 -0
372 0.0150948 0
373 -0.00402884 0
374 0.05396 0
375 -0.0317519 -0
376 0.0110968 0
377 -0.0101644 0
378 0.00315323 0
379 0.0181646 0
380 -0.00856066 0
381 0.00240627 0
382 -0.0116186 -0
383 0.0164352 -0
384 -0.00635694 0
385 -0.202785 0
386 0.0554726 0
387 0.247487 -0
388 -0.0821164 0
389 0.0508819 0
390 -0.0148854 -0
391 0.0262788 -0
392 -0.0129054 -0
393 0.00345283 -0
394 0.462908 0
395 -0.400629 0
396 0.14889 -0
397 -0.398735 -0
398 0.125316 0
399 0.510672 -0
400 -0.137794 0
401 0.141407 0
402 -0.0635867 -0
403 0.371921 -0
404 -0.102759 -0
405 0.0687922 0
406 0.359909 0
407 -0.109054 -0
408 0.0452233 -0
409 -0.060032 -0
410 0.0338733 0
411 0.392425 0
412 -0.104864 -0
413 0.0339747 -0
414 -0.0258289 -0
415 0.0880819 0
416 -0.025554 0
417 -0.107738 0
418 0.0383026 -0
419 -0.043482 0
420 0.0117799 0
421 -0.00609512 -0
422 -0.0405958 -0
423 0.0160152 0
424 -0.0315491 -0
425 0.00890064 0
426 -0.150209 0
427 0.0462546 -0
428 -0.0364463 0
429 -0.143098 0
430 0.0604962 -0
431 -0.0162679 -0
432 0.116917 -0
433 -0.0406052 0
434 0.0385935 -0
435 -0.0208331 -0
436 0.00594862 0
437 0.0510667 0
438 -0.0806925 0
439 0.0221877 -0
440 -0.0102162 -0
441 -0.0465754 -0
442 0.0155619 -0
443 -0.0106795 -0
444 0.0265272 -0
445 -0.00791648 -0
446 0.00211695 -0
447 0.0367811 0
448 -0.0139923 0
449 0.017836 -0
450 -0.0113437 0
451 0.0516307 -0
452 -0.0165305 -0
453 0.0046127 -0
454 0.0184597 0
455 -0.00917276 -0
456 0.0076944 0
457 -0.00206316 -0
458 0.0614011 0
459 -0.0248177 0
460 -0.14595 0
461 0.0428774 0
462 -0.0784045 0
463 0.0451945 -0
464 -0.0155442 -0
465 0.0170139 -0
466 -0.00461924 0
467 -0.0227575 0
468 0.0100689 0
469 -0.0296944 0
470 0.00853445 -0
471 -0.0061794 0
472 0.00192678 0
473 -0.0224328 -0
474 0.00839612 -0
475 -0.012225 -0
476 0.00329229 0
477 0.0143446 0
478 -0.0068349 -0
479 0.001917 0
480 0.0267943 -0
481 -0.0236153 -0
482 0.00769159 -0
483 -0.0175686 0
484 0.0104896 0
485 -0.00280168 -0
486 -0.0202502 0
487 0.0086803 0
488 -0.00264028 0
489 -0.0103523 -0
490 0.0104153 0
491 -0.00379096 0
492 0.00103369 -0
493 -0.00815458 -0
494 0.00435416 0
495 -0.0161446 -0
496 0.00477913 0
497 -0.00562607 -0
498 0.00223574 -0
499 0.16493 -0
500 -0.0468411 0
501 0.0351217 0
502 0.144753 -0
503 -0.0492021 -0
504 0.0132182 -0
505 -0.022808 -0
506 0.0114616 0
507 0.0620251 0
508 -0.0196694 0
509 0.0128888 -0
510 -0.003576 -0
511 0.00762974 -0
512 -0.00314175 0
513 -0.0292037 0
514 0.00790174 0
515 -0.00642107 -0
516 0.00229001 -0
517 -0.0132668 0
518 0.00386411 0
519 -0.00526989 0
520 0.00239319 -0
521 0.0093566 -0
522 -0.00256748 -0
523 0.00143486 -0
524 -0.138525 0
525 0.0414969 0
526 -0.0401435 -0
527 0.12335 -0
528 -0.0330367 0
529 0.0121919 -0
530 0.0580586 -0
531 -0.0364572 -0
532 0.0120817 0
533 0.0753734 -0
534 -0.0366589 -0
535 0.0113348 -0
536 -0.0172002 -0
537 0.00479011 0
538 0.109808 -0
539 -0.0771543 0
540 0.0335453 0
541 -0.00896338 -0
542 0.0231291 -0
543 -0.0242003 -0
544 0.00848543 -0
545 0.0379556 -0
546 -0.0109421 -0
547 0.0473141 0
548 -0.0184499 -0
549 0.00964428 -0
550 -0.00262683 0
551 -0.0204213 -0
552 0.0255266 -0
553 -0.00805726 0
554 0.00686715 -0
555 0.0278181 -0
556 -0.0076645 -0
557 0.003584 0
558 -0.0328922 0
559 0.00993035 0
560 -0.00608333 -0
561 0.0100352 0
562 -0.00268302 0
563 0.000901079 0
564 -0.0207778 0
565 0.00795266 -0
566 0.0407084 -0
567 -0.0380016 0
568 0.0110897 0
569 -0.0063257 -0
570 0.0225357 -0
571 -0.00607449 -0
572 -0.0239318 0
573 0.010089 -0
574 -0.00683658 -0
575 0.00220465 0
576 -0.00422033 0
577 0.00118955 -0
578 0.015048 -0
579 -0.00542828 -0
580 0.00605145 0
581 -0.00164118 -0
582 0.010863 -0
583 -0.00556375 -0
584 0.00170614 -0
585 -0.00136279 0
586 -0.00563923 -0
587 0.00151284 -0
588 0.0583401 0
589 -0.0260378 0
590 0.0362106 -0
591 -0.012405 0
592 0.00354078 0
593 0.0242455 -0
594 -0.0132432 0
595 0.0313377 -0
596 -0.00867789 0
597 0.00348728 -0
598 -0.0175436 0
599 0.0127723 0
600 -0.00419261 -0
601 -0.0192794 0
602 0.00515107 -0
603 -0.00555211 -0
604 0.00210029 -0
605 -0.033964 0
606 0.0100869 -0
607 -0.00588175 0
608 -0.023349 0
609 0.00638901 -0
610 -0.0129677 -0
611 0.0059283 -0
612 -0.00185611 -0
613 0.00167815 -0
614 0.00895976 -0
615 -0.00241183 0
616 0.00159573 0
617 -0.00434246 -0
618 0.00153493 -0
619 0.016274 0
620 -0.00455753 0
621 0.00593646 0
622 -0.00256344 0
623 0.000754111 -0
624 -0.0401518 0
625 0.0309038 0
626 -0.00826504 -0
627 -0.0324669 0
628 0.0119203 -0
629 -0.0192121 -0
630 0.00941446 0
631 -0.003009 -0
632 0.0119739 -0
633 -0.00339434 0
634 -0.0206553 0
635 0.00843798 0
636 -0.00974809 -0
637 0.00263711 0
638 -0.00182971 -0
639 -0.0367326 -0
640 0.0124213 0
641 0.0530061 0
642 -0.0151986 0
643 0.00898892 0
644 -0.0301076 0
645 0.0116303 0
646 -0.0031164 0
647 0.00273265 0
648 -0.0285505 -0
649 0.00870961 -0
650 -0.00404027 0
651 0.00600432 0
652 -0.00164801 0
653 -0.0149743 -0
654 0.00792904 -0
655 -0.0027583 -0
656 -0.0138542 0
657 0.00416138 0
658 -0.00906319 0
659 0.0057839 -0
660 -0.00160589 -0
661 0.00160682 0
662 0.0064815 -0
663 -0.00210805 -0
664 0.000876174 0
665 -0.00547743 -0
666 0.00146347 -0
667 -0.00179408 -0
668 0.00090688 0
669 0.0359103 0
670 -0.0104734 0
671 0.00393075 0
672 -0.00728733 -0
673 0.0019789 -0
674 0.00786483 0
675 -0.00627612 -0
676 0.00210885 -0
677 -0.00653392 -0
678 0.00315209 0
679 -0.000862188 0
680 -0.0048211 0
681 0.00302389 -0
682 -0.000938879 0
683 -0.00903719 0
684 0.00361169 0
685 -0.00311196 0
686 0.000883885 0
687 -0.00478356 -0
688 0.00173674 -0
689 0.00604323 -0
690 -0.0016325 0
691 0.00179578 -0
692 -0.00101218 0
693 0.000301719 -0
694 -0.0050925 -0
695 0.00218898 -0
696 -0.00427575 -0
697 0.00118622 0
698 0.00513822 0
699 -0.0038674 0
700 0.00123892 0
701 -0.00198577 -0
702 0.000881381 0
703 0.005864 0
704 -0.00158764 -0
705 0.000553864 0
706 -0.000537637 -0
707 0.00471757 -0
708 -0.0013713 0
709 0.000837503 -0
710 0.0031367 0
711 -0.000861882 0
712 0.00219729 0
713 -0.000882706 0
714 0.000264878 0
715 0.0019563 -0
716 -0.00101953 0
717 0.000774592 0
718 -0.000211996 -0
719 0.000320902 -0
720 -0.000108453 0
721 -0.000337193 -0
722 9.91419e-05 -0
723 -0.000449605 0
724 0.000174608 -0
725 -9.97024e-05 -0
726 -0.000256719 -0
727 8.32733e-05 0
728 -8.49428e-05 0
729 0.0119569 0
730 -0.00336387 0
731 0.00160075 0
732 -0.0019469 0
733 0.000668898 -0
734 0.00416839 -0
735 -0.00112739 0
736 0.000742994 -0
737 -0.00459128 -0
738 0.00139935 0
739 -0.0024418 -0
740 0.000997897 0
741 0.00400233 -0
742 -0.00109488 -0
743 0.000908487 0
744 -0.000331993 -0
745 0.00139196 0
746 -0.000400767 -0
747 0.00022944 0
748 0.00182605 0
749 -0.000592197 0
750 0.00131453 0
751 -0.000353931 0
752 0.000161271 0
753 0.000606814 0
754 -0.00061178 -0
755 0.000180371 0
756 -9.43806e-05 0
757 0.00243607 0
758 -0.00067329 -0
759 0.000512299 -0
760 0.00221291 -0
761 -0.000856967 0
762 0.00125617 -0
763 -0.0003974 0
764 0.00110044 0
765 -0.000298173 0
766 0.000125931 -0
767 -0.00029724 0
768 0.000140014 -0
769 -3.84604e-05 -0
770 -0.000633721 0
771 0.000166781 0
772 -0.000145175 0
773 6.14176e-05 0
774 0.000799606 0
775 -0.000224788 0
776 7.79404e-05 0
777 -1.05769e-05 0
778 -2.05095e-05 0
779 9.55738e-06 -0
780 -8.83953e-05 -0
781 9.71183e-05 0
782 -3.18351e-05 0
783 1.53151e-05 -0
784 -0.00041998 0
785 0.000110352 0
786 -0.000120883 0
787 4.2067e-05 -0
788 0.000263464 -0
789 -0.000690094 -0
790 0.000192444 0
791 -0.000110022 0
792 3.50542e-05 -0
793 -4.3135e-05 0
794 1.08006e-05 -0
795 0.000132765 0
796 -6.68862e-05 -0
797 2.49939e-05 0
798 0.026703 0
799 -0.0073901 0
800 0.00771737 -0
801 -0.00557744 -0
802 0.00167111 0
803 0.00705258 -0
804 -0.002912 0
805 0.00837136 -0
806 -0.00229026 0
807 0.00070979 0
808 -0.00977945 -0
809 0.00451688 -0
810 -0.00404566 0
811 -0.0267041 -0
812 0.00948528 0
813 -0.00255627 0
814 0.00510306 -0
815 -0.00259917 0
816 0.000730102 -0
817 -0.0044231 0
818 0.00302979 -0
819 -0.000980817 0
820 -0.00381358 0
821 0.00462769 0
822 -0.00123718 -0
823 0.000470164 0
824 0.0111427 0
825 -0.00327551 0
826 0.00199512 -0
827 -0.00701636 -0
828 0.00311773 -0
829 0.0138183 0
830 -0.00398591 0
831 0.00305492 -0
832 -0.00101755 0
833 0.00148487 -0
834 0.01225 -0
835 -0.0033605 0
836 0.00124875 -0
837 -0.00127163 -0
838 0.000668251 0
839 -0.000179431 -0
840 -0.000714458 -0
841 0.000219747 0
842 -0.00108613 -0
843 0.000517577 0
844 -0.0151929 0
845 0.00527276 0
846 -0.00433866 0
847 0.00122566 -0
848 -0.00226734 -0
849 -0.0135937 0
850 0.00369052 0
851 -0.00217085 0
852 0.000689081 -0
853 -0.00176788 -0
854 0.000757158 0
855 0.00369269 -0
856 -0.00109511 -0
857 0.00120802 -0
858 -0.000322876 -0
859 -0.00351193 -0
860 0.00139507 0
861 -0.00193565 0
862 0.00108508 0
863 -0.000302939 -0
864 0.00304222 0
865 -0.00108911 -0
866 0.00105142 -0
867 0.00434367 -0
868 -0.00116872 -0
869 0.000819911 -0
870 -0.000271068 -0
871 0.00192381 0
872 -0.000579514 -0
873 0.000290307 0
874 0.00203401 0
875 -0.000579872 -0
876 0.000925002 0
877 -0.000376759 0
878 0.000298606 0
879 0.00116151 0
880 -0.000314005 -0
881 0.000962935 0
882 -0.000439624 0
883 0.000138091 0
884 0.00230427 0
885 -0.000637067 0
886 0.000410823 -0
887 -0.000518398 0
888 0.000181305 -0
889 0.000942569 0
890 -0.00025263 -0
891 0.000567016 0
892 -0.000220419 -0
893 0.000192235 -0
894 -5.61315e-05 -0
895 0.00233673 0
896 -0.00112748 0
897 0.000361453 -0
898 0.00144357 0
899 -0.0003933 -0
900 0.000234255 -0
901 -0.0010463 -0
902 0.000393936 0
903 -0.000680257 -0
904 0.000195355 0
905 0.000860003 -0
906 -0.00058101 0
907 0.00019444 -0
908 -0.000180797 0
909 4.83386e-05 0
910 0.000380917 0
911 -0.000159101 -0
912 0.000519266 0
913 -0.0001588 -0
914 8.69144e-05 0
915 -2.38863e-05 0
916 0.000462087 0
917 -0.000530675 0
918 0.000236927 -0
919 0.00136765 -0
920 -0.000387071 -0
921 0.000283571 0
922 -9.71498e-05 0
923 0.000199731 -0
924 -5.35622e-05 0
925 -0.000856569 0
926 0.000254826 -0
927 -0.000336257 -0
928 0.000174404 0
929 0.000706193 -0
930 -0.00025969 -0
931 0.00134825 0
932 -0.000364664 0
933 0.000226882 0
934 -7.04908e-05 0
935 -0.000337373 0
936 0.000142913 0
937 -0.000154378 -0
938 4.32687e-05 -0
939 -0.000345935 -0
940 0.000161925 0
941 -4.32393e-05 0
942 0.000106012 0
943 -8.48865e-05 0
944 2.75201e-05 -0
945 0.000108407 0
946 -4.13e-05 -0
947 6.16306e-05 0
948 -1.70976e-05 -0
949 -0.000162674 0
950 9.29917e-05 -0
951 -2.73937e-05 -0
952 -0.00092169 0
953 0.00037535 -0
954 -0.000339443 -0
955 9.19033e-05 0
956 -0.000365869 -0
957 0.000125503 -0
958 0.000483964 0
959 -0.000323919 -0
960 9.43469e-05 -0
961 -0.000192029 0
962 9.56372e-05 0
963 -3.0697e-05 0
964 -0.000168894 0
965 4.63867e-05 -0
966 -4.71041e-05 0
967 2.08276e-05 0
968 -0.000294215 0
969 8.93567e-05 0
970 -3.24729e-05 0
971 -0.000136527 0
972 0.00010767 0
973 -2.8975e-05 -0
974 4.84722e-05 0
975 -2.63603e-05 -0
976 -0.000324146 -0
977 9.21846e-05 0
978 -0.000281641 0
979 9.80931e-05 0
980 -7.17529e-05 -0
981 1.96533e-05 -0
982 6.79916e-05 -0
983 -2.7579e-05 -0
984 3.44088e-05 -0
985 -1.06948e-05 0
986 -7.48918e-05 -0
987 2.17809e-05 0
988 -1.3873e-05 -0
989 0.000359521 0
990 -9.68065e-05 0
991 4.44106e-05 -0
992 0.000189688 -0
993 -0.000281017 -0
994 9.26734e-05 0
995 -8.07866e-05 -0
996 3.05532e-05 -0
997 -8.45808e-06 0
998 2.0945e-05 0
999 -1.12006e-05 0
1000 -4.23717e-05 -0
1001 1.15228e-05 0
1002 -7.87417e-05 0
1003 2.48317e-05 -0
1004 -2.62826e-05 0
1005 1.14884e-05 -0
1006 6.76483e-05 0
1007 -2.02024e-05 -0
1008 1.15724e-05 0
1009 -5.36568e-05 0
1010 1.49714e-05 -0
1011 -5.34695e-06 -0
1012 0.000860301 0
1013 -0.000642422 -0
1014 0.000263918 0
1015 -0.000480587 -0
1016 0.000129148 0
1017 0.000508423 0
1018 -0.000248195 0
1019 7.05332e-05 0
1020 -9.23838e-05 -0
1021 -0.000497121 0
1022 0.000168451 0
1023 -0.000110051 -0
1024 3.29005e-05 0
1025 -9.87258e-05 -0
1026 9.12194e-05 0
1027 -2.47328e-05 -0
1028 -0.000751562 0
1029 0.000274904 0
1030 -0.000138984 0
1031 -0.000552537 0
1032 0.000175138 -0
1033 -4.69539e-05 0
1034 7.34797e-05 -0
1035 -0.00060698 0
1036 0.000240614 -0
1037 -6.7333e-05 -0
1038 4.66314e-05 -0
1039 0.000421323 -0
1040 -0.0001227 -0
1041 0.000137832 0
1042 -6.45921e-05 -0
1043 -0.000298945 -0
1044 9.9367e-05 -0
1045 -0.000217748 0
1046 5.85277e-05 -0
1047 -3.42431e-05 -0
1048 1.04606e-05 0
1049 5.76994e-05 -0
1050 -4.82542e-05 -0
1051 1.87065e-05 0
1052 -7.00924e-05 -0
1053 1.93836e-05 0
1054 7.25762e-05 0
1055 -3.22124e-05 0
1056 3.1663e-05 0
1057 -9.30803e-06 -0
1058 0.000610469 -0
1059 -0.00021427 -0
1060 0.000128412 0
1061 -3.46758e-05 -0
1062 9.01263e-05 -0
1063 -0.00011107 -0
1064 4.59669e-05 -0
1065 0.000376749 -0
1066 -0.000103124 -0
1067 5.29637e-05 0
1068 -0.00033702 -0
1069 0.000110677 0
1070 0.000496907 -0
1071 -0.000143343 0
1072 0.000108597 0
1073 -0.000185258 0
1074 4.94952e-05 -0
1075 -1.7793e-05 0
1076 -0.000246337 0
1077 0.000156409 0
1078 -4.85452e-05 0
1079 -0.000195248 0
1080 9.38769e-05 0
1081 -2.6155e-05 0
1082 2.79185e-05 -0
1083 -0.000122694 -0
1084 3.68098e-05 0
1085 -2.02756e-05 -0
1086 -0.000131384 -0
1087 3.52606e-05 0
1088 -5.18979e-05 -0
1089 1.9281e-05 0
1090 -0.000180937 -0
1091 6.07216e-05 -0
1092 -4.28177e-05 0
1093 1.16537e-05 -0
1094 5.40922e-05 0
1095 -2.32467e-05 -0
1096 4.39591e-05 -0
1097 -1.41495e-05 -0
1098 1.32845e-05 -0
1099 -3.74713e-06 0
1100 -9.08916e-05 -0
1101 3.5563e-05 0
1102 -0.000112361 0
1103 3.00989e-05 0
1104 0.000115478 0
1105 -6.16994e-05 0
1106 1.87463e-05 -0
1107 -2.21087e-05 -0
1108 1.0184e-05 0
1109 -0.000184761 0
1110 5.31738e-05 -0
1111 -4.30209e-05 -0
1112 -0.000222921 0
1113 6.01051e-05 -0
1114 -2.09546e-05 0
1115 1.40975e-05 0
1116 -7.19297e-05 -0
1117 2.27794e-05 0
1118 -3.11666e-05 -0
1119 8.54612e-06 0
1120 8.98426e-05 0
1121 -3.43976e-05 -0
1122 1.98135e-05 -0
1123 8.01856e-05 0
1124 -2.24492e-05 -0
1125 5.67464e-05 -0
1126 -2.68868e-05 -0
1127 2.32462e-05 -0
1128 -6.79569e-06 -0
1129 -0.000163598 -0
1130 4.40328e-05 -0
1131 -1.87637e-05 -0
1132 3.2519e-05 0
1133 -1.1706e-05 0
1134 -6.02027e-05 0
1135 3.84721e-05 -0
1136 -1.2002e-05 0
1137 5.23086e-05 -0
1138 -1.4249e-05 -0
1139 1.49562e-05 -0
1140 5.31873e-05 0
1141 -2.68877e-05 -0
1142 9.27302e-06 -0
1143 -2.65671e-06 -0
1144 9.81204e-05 0
1145 -0.000203344 -0
1146 9.17909e-05 0
1147 -2.53678e-05 0
1148 -0.000106296 0
1149 7.76273e-05 0
1150 -2.52123e-05 -0
1151 3.2549e-05 -0
1152 -8.78731e-06 0
1153 -5.98196e-05 -0
1154 2.27905e-05 -0
1155 -1.28016e-05 -0
1156 9.50817e-05 -0
1157 -2.87945e-05 0
1158 2.78496e-05 -0
1159 -1.13061e-05 0
1160 -5.85119e-05 0
1161 1.5702e-05 -0
1162 -3.90028e-05 0
1163 1.12145e-05 -0
1164 -8.87017e-06 0
1165 2.97497e-06 -0
1166 3.88061e-05 0
1167 -2.40575e-05 0
1168 6.73276e-06 0
1169 2.39331e-05 -0
1170 -8.85066e-06 0
1171 1.43588e-05 0
1172 -7.58643e-06 0
1173 2.0736e-06 -0
1174 -7.59082e-06 -0
1175 2.38612e-06 -0
1176 -2.78992e-06 -0
1177 -1.07407e-05 0
1178 4.7104e-06 -0
1179 -1.39727e-06 0
1180 2.09677e-05 -0
1181 -5.64228e-06 -0
1182 4.81494e-06 0
1183 -1.90496e-06 0
1184 -1.46019e-05 0
1185 9.81841e-06 0
1186 -3.02737e-06 0
1187 1.83739e-05 -0
1188 -5.03899e-06 -0
1189 7.20068e-06 0
1190 -3.36133e-06 -0
1191 -1.57176e-05 -0
1192 5.47232e-06 -0
1193 -2.99227e-06 0
1194 8.44607e-07 -0
1195 -2.38859e-06 -0
1196 -8.91885e-06 -0
1197 2.94195e-06 0
1198 -2.68208e-06 0
1199 7.23474e-07 -0
1200 -6.8103e-05 -0
1201 2.81673e-05 0
1202 -1.93808e-05 0
1203 5.62775e-06 -0
1204 -1.06242e-05 0
1205 -7.87265e-05 -0
1206 2.84736e-05 0
1207 -7.85557e-06 -0
1208 8.1717e-06 0
1209 -4.15692e-06 0
1210 3.81486e-05 -0
1211 -1.21243e-05 0
1212 -5.88448e-05 -0
1213 1.57006e-05 -0
1214 -9.11538e-06 -0
1215 1.19835e-05 0
1216 -3.55148e-06 0
1217 -5.10011e-05 -0
1218 2.16138e-05 0
1219 -4.64961e-05 0
1220 1.25566e-05 0
1221 -9.54485e-06 -0
1222 3.20973e-06 -0
1223 1.29689e-05 -0
1224 -4.7785e-06 0
1225 2.14392e-05 -0
1226 -6.05258e-06 0
1227 2.68322e-06 0
1228 -5.00658e-05 -0
1229 5.29167e-05 0
1230 -1.40254e-05 -0
1231 8.80142e-06 0
1232 -2.74833e-06 -0
1233 -1.35011e-05 -0
1234 2.27104e-05 -0
1235 -8.72748e-06 0
1236 2.47115e-06 0
1237 -1.18993e-06 0
1238 3.97174e-06 0
1239 -1.07286e-06 0
1240 -6.01854e-06 -0
1241 4.68577e-06 -0
1242 -1.63414e-06 -0
1243 -3.88017e-05 -0
1244 1.14449e-05 0
1245 -6.44717e-06 -0
1246 7.7059e-06 -0
1247 -2.06759e-06 0
1248 5.5955e-06 0
1249 -2.26548e-06 0
1250 -1.01347e-05 0
1251 2.7966e-06 0
1252 -2.50528e-06 0
1253 8.21753e-07 -0
1254 -5.00376e-06 0
1255 3.34747e-06 -0
1256 -9.999e-07 -0
1257 -6.81966e-06 0
1258 3.07049e-06 0
1259 -8.16603e-07 0
1260 1.19544e-06 -0
1261 -4.46063e-07 -0
1262 -2.10465e-05 0
1263 6.06829e-06 0
1264 -4.45151e-06 0
1265 -1.81413e-05 0
1266 8.60438e-06 0
1267 -2.36053e-06 -0
1268 5.32608e-06 -0
1269 -1.82493e-06 0
1270 -1.6268e-05 0
1271 9.63654e-06 -0
1272 -3.01347e-06 -0
1273 3.02141e-06 0
1274 -8.11886e-07 0
1275 1.00269e-05 -0
1276 -4.00492e-06 -0
1277 6.31842e-06 0
1278 -1.76389e-06 0
1279 -1.00393e-05 0
1280 5.0729e-06 -0
1281 -1.58824e-05 0
1282 5.07768e-06 -0
1283 -4.39943e-06 -0
1284 1.19236e-06 0
1285 5.02103e-06 -0
1286 -1.78027e-06 0
1287 2.04322e-06 0
1288 -5.98141e-07 -0
1289 4.7561e-06 -0
1290 -2.5246e-06 0
1291 6.74637e-07 -0
1292 9.0428e-06 0
1293 -3.87973e-06 -0
1294 2.52668e-06 -0
1295 -7.6896e-07 -0
1296 1.55961e-06 -0
1297 7.73817e-06 -0
1298 -2.96148e-06 0
1299 7.89265e-07 0
1300 -1.00829e-06 -0
1301 2.88406e-07 0
1302 -1.17253e-06 -0
1303 7.05485e-07 0
1304 -2.38383e-07 -0
1305 -1.75105e-06 0
1306 4.86581e-07 0
1307 -3.95471e-07 -0
1308 6.78844e-06 0
1309 -3.31985e-06 -0
1310 1.07221e-06 -0
1311 4.60566e-06 0
1312 -1.25166e-06 0
1313 2.01943e-06 -0
1314 -8.36295e-07 0
1315 5.99386e-07 -0
1316 -1.77709e-07 -0
1317 9.1406e-07 -0
1318 -3.244e-07 0
1319 -1.53669e-06 0
1320 4.11876e-07 0
1321 -3.94818e-07 0
1322 1.78541e-07 -0
1323 1.34739e-05 -0
1324 -3.80158e-06 0
1325 1.0205e-05 0
1326 -5.58623e-06 0
1327 1.71745e-06 0
1328 -1.90745e-06 -0
1329 5.09527e-07 -0
1330 3.43277e-06 0
1331 -1.35989e-06 0
1332 2.48815e-06 -0
1333 -8.23784e-07 0
1334 5.08155e-07 0
1335 2.60364e-06 0
1336 -7.17734e-07 0
1337 2.66985e-07 0
1338 -9.10528e-07 0
1339 6.31213e-07 -0
1340 -1.8269e-07 0
1341 -1.95793e-06 -0
1342 9.44295e-07 0
1343 -1.35458e-06 -0
1344 3.66847e-07 0
1345 1.59536e-06 0
1346 -5.0645e-07 -0
1347 4.22535e-07 0
1348 -1.84808e-07 0
1349 3.21629e-06 0
1350 -8.57424e-07 -0
1351 2.99204e-07 -0
1352 -1.39891e-06 0
1353 1.30611e-06 0
1354 -3.70678e-07 -0
1355 -1.58394e-06 -0
1356 8.28517e-07 -0
1357 -2.5083e-07 -0
1358 -6.67678e-06 -0
1359 2.73367e-06 -0
1360 -3.3831e-06 -0
1361 9.08432e-07 0
1362 -2.10762e-06 0
1363 1.57473e-06 0
1364 -4.64417e-07 -0
1365 -3.59465e-06 -0
1366 1.36714e-06 -0
1367 -7.68875e-07 0
1368 2.10683e-07 0
1369 8.33801e-07 0
1370 -2.80039e-07 -0
1371 5.45954e-07 -0
1372 -3.52271e-07 0
1373 9.90386e-08 -0
1374 -7.78532e-07 0
1375 3.64238e-07 -0
1376 -9.74518e-08 -0
1377 -5.06615e-07 -0
1378 5.40718e-07 -0
1379 -1.68086e-07 -0
1380 6.1014e-08 0
1381 -1.1041e-06 0
1382 1.52948e-06 0
1383 -4.08155e-07 0
1384 2.33442e-07 -0
1385 -5.85459e-07 -0
1386 1.86232e-07 0
1387 1.0349e-06 0
1388 -4.32639e-07 0
1389 3.66394e-07 -0
1390 -1.05585e-07 0
1391 -2.63102e-06 0
1392 6.97837e-07 0
1393 -3.45057e-07 0
1394 1.23423e-06 -0
1395 -4.78014e-07 0
1396 3.59898e-07 0
1397 -9.88219e-08 0
1398 -4.46379e-07 0
1399 1.5257e-07 -0
1400 -2.28819e-07 -0
1401 6.78843e-08 0
1402 4.59769e-07 0
1403 -3.21102e-07 0
1404 8.68122e-08 -0
1405 -7.15744e-07 0
1406 3.10129e-07 -0
1407 -5.96015e-07 0
1408 1.66627e-07 -0
1409 -6.02508e-08 -0
1410 -7.75641e-07 0
1411 7.47731e-07 -0
1412 -2.36477e-07 0
1413 1.20198e-07 0
1414 -5.30113e-07 -0
1415 1.40535e-07 -0
1416 -8.58939e-08 -0
1417 -4.35036e-07 0
1418 1.3204e-07 0
1419 -1.48931e-07 0
1420 5.93114e-08 0
1421 -1.61172e-08 0
1422 -2.34595e-06 0
1423 4.18802e-06 0
1424 -1.4831e-06 -0
1425 8.06781e-07 -0
1426 -2.32238e-07 -0
1427 -1.08742e-06 -0
1428 9.22645e-07 0
1429 -2.46635e-07 0
1430 7.71001e-07 0
1431 -3.5785e-07 -0
1432 1.18954e-07 0
1433 7.54594e-07 0
1434 -1.01318e-06 -0
1435 2.82957e-07 0
1436 1.12524e-06 -0
1437 -3.40051e-07 -0
1438 2.26389e-07 0
1439 -8.75332e-08 0
1440 2.23288e-07 0
1441 -6.09726e-08 0
1442 -1.16134e-06 0
1443 1.07261e-06 0
1444 -5.16589e-07 -0
1445 1.62444e-07 0
1446 -1.22484e-06 -0
1447 3.27572e-07 -0
1448 -1.97302e-07 0
1449 -1.07287e-06 0
1450 3.6505e-07 0
1451 -3.86793e-07 0
1452 1.12501e-07 -0
1453 -4.75453e-08 -0
1454 7.14156e-07 0
1455 -5.60343e-07 -0
1456 1.51708e-07 0
1457 6.00416e-07 0
1458 -2.24852e-07 -0
1459 3.88643e-07 0
1460 -1.11034e-07 0
1461 4.92747e-07 0
1462 -2.83043e-07 -0
1463 9.23838e-08 0
1464 9.06226e-07 0
1465 -4.09455e-07 -0
1466 1.09894e-07 0
1467 -1.55184e-07 -0
1468 -6.71702e-07 0
1469 2.00127e-07 -0
1470 -1.43855e-07 -0
1471 5.18236e-08 -0
1472 -1.26527e-07 0
1473 3.51815e-08 -0
1474 -1.86423e-08 -0
1475 4.7564e-07 -0
1476 -1.88491e-07 0
1477 1.78408e-07 0
1478 -4.73957e-08 0
1479 -3.9988e-07 0
1480 1.23098e-07 0
1481 -4.39292e-07 -0
1482 2.13703e-07 -0
1483 9.29088e-07 -0
1484 -2.59335e-07 0
1485 3.06612e-07 0
1486 -1.05938e-07 -0
1487 8.4812e-08 -0
1488 -2.27307e-08 -0
1489 -1.18124e-07 0
1490 4.84303e-08 0
1491 -1.04215e-07 -0
1492 3.04199e-08 0
1493 -2.57687e-07 -0
1494 1.56037e-07 0
1495 -4.98737e-08 -0
1496 1.35584e-08 0
1497 -2.12657e-08 -0
1498 1.16018e-08 0
1499 1.13164e-07 0
1500 -4.2397e-08 -0
1501 1.12873e-08 0
1502 -5.21891e-08 0
1503 3.50011e-08 0
1504 1.7595e-07 -0
1505 -5.32304e-08 -0
1506 2.29764e-08 -0
1507 -2.54334e-08 -0
1508 7.12825e-09 0
1509 3.60291e-07 0
1510 -1.18298e-07 0
1511 1.05995e-07 0
1512 -5.33396e-08 0
1513 -2.1396e-07 0
1514 5.80523e-08 -0
1515 -1.14382e-07 0
1516 3.90441e-08 -0
1517 -1.26681e-07 -0
1518 3.4917e-08 0
1519 -2.62333e-08 -0
1520 -1.43148e-07 0
1521 5.23975e-08 -0
1522 -2.46797e-08 -0
1523 7.28893e-09 0
1524 -9.28031e-09 0
1525 -1.01985e-07 -0
1526 2.73223e-08 0
1527 -1.73659e-08 -0
1528 1.09411e-07 -0
1529 -3.46168e-08 0
1530 1.36571e-08 0
1531 5.75007e-08 0
1532 -1.6499e-08 0
1533 1.69507e-08 0
1534 -7.56543e-09 -0
1535 -6.8937e-09 0
1536 2.41558e-09 0
1537 -8.44585e-09 -0
1538 5.78924e-09 -0
1539 -2.25434e-09 -0
1540 1.11288e-08 -0
1541 -3.18625e-09 -0
1542 -2.82107e-09 -0
1543 1.08926e-09 -0
1544 -1.53385e-09 0
1545 7.66381e-10 0
1546 -1.55702e-09 -0
1547 3.33403e-10 0
1548 2.47529e-08 -0
1549 -1.34895e-08 0
1550 4.67755e-09 0
1551 -3.53637e-09 -0
1552 1.05292e-09 0
1553 -4.96323e-09 0
1554 4.1684e-09 0
1555 -1.10723e-09 -0
1556 -6.99324e-11 0
1557 2.00672e-10 -0
1558 -8.86659e-09 0
1559 2.32825e-09 -0
1560 -1.17033e-09 0
1561 -1.94859e-10 -0
1562 1.41067e-10 0
1563 -5.60244e-10 0
1564 2.46788e-10 -0
1565 -4.8069e-08 -0
1566 2.25784e-08 0
1567 -6.34988e-09 -0
1568 -2.9281e-08 -0
1569 2.28552e-08 0
1570 -7.33693e-09 -0
1571 -2.33062e-08 0
1572 6.3792e-09 -0
1573 -6.4384e-09 0
1574 3.6078e-09 -0
1575 -1.13483e-08 -0
1576 3.29078e-09 -0
1577 -1.29028e-09 -0
1578 1.50426e-08 -0
1579 -8.97768e-09 0
1580 2.35212e-09 0
1581 1.46816e-08 0
1582 -4.81153e-09 -0
1583 1.28139e-08 -0
1584 -5.72258e-09 -0
1585 1.65419e-09 0
1586 -1.8911e-09 0
1587 1.19715e-09 -0
1588 -3.13929e-10 0
1589 1.08111e-10 0
1590 8.64349e-09 0
1591 -2.29363e-09 0
1592 2.62146e-09 0
1593 -9.41989e-10 -0
1594 -6.91737e-09 0
1595 1.81977e-09 -0
1596 -3.44675e-09 -0
1597 1.47203e-09 0
1598 4.87064e-08 0
1599 -1.61352e-08 -0
1600 1.12741e-08 -0
1601 -3.154e-09 -0
1602 -9.69815e-09 0
1603 1.01044e-08 0
1604 -3.0026e-09 -0
1605 2.43169e-08 -0
1606 -1.29925e-08 0
1607 4.60368e-09 0
1608 2.21944e-08 -0
1609 -6.40981e-09 -0
1610 5.24223e-09 -0
1611 -2.16025e-09 0
1612 7.71013e-09 0
1613 -2.10761e-09 -0
1614 3.29993e-09 -0
1615 -1.96615e-09 0
1616 -6.64324e-09 -0
1617 2.15418e-09 0
1618 -6.63211e-10 0
1619 8.1825e-09 -0
1620 -3.97858e-09 -0
1621 1.07536e-09 -0
1622 -1.31211e-09 -0
1623 -6.20924e-09 0
1624 2.2814e-09 -0
1625 -1.45837e-09 0
1626 4.07972e-10 -0
1627 -1.4992e-08 0
1628 2.5141e-08 -0
1629 -1.05473e-08 0
1630 3.43025e-09 -0
1631 1.90797e-08 -0
1632 -5.15446e-09 0
1633 5.15094e-09 -0
1634 -1.76913e-08 -0
1635 5.17317e-09 0
1636 -2.51026e-09 -0
1637 1.92027e-09 0
1638 -5.05305e-10 -0
1639 -6.98727e-09 -0
1640 2.6145e-09 0
1641 -5.64954e-09 -0
1642 1.60013e-09 0
1643 -8.73065e-10 -0
1644 -3.98171e-09 -0
1645 1.22966e-09 0
1646 -1.05684e-09 -0
1647 6.03657e-09 -0
1648 -1.6311e-09 -0
1649 6.32345e-10 -0
1650 -6.98971e-10 0
1651 -5.88742e-09 0
1652 1.54602e-09 -0
1653 -1.05945e-09 -0
1654 3.52929e-10 0
1655 -5.76531e-10 0
1656 2.45303e-10 0
1657 1.21448e-08 0
1658 -3.26115e-09 -0
1659 1.90556e-09 0
1660 -6.07136e-10 0
1661 -2.88476e-09 -0
1662 9.86232e-09 -0
1663 -2.81469e-09 -0
1664 1.01281e-09 0
1665 -1.04769e-09 0
1666 6.98484e-10 -0
1667 -2.07846e-10 -0
1668 -1.62347e-09 0
1669 7.45901e-10 -0
1670 -3.84412e-09 -0
1671 1.0135e-09 0
1672 -1.47712e-09 -0
1673 4.09744e-10 0
1674 -1.57879e-10 -0
1675 -2.21802e-08 -0
1676 1.2051e-08 0
1677 4.97133e-08 -0
1678 -1.6774e-08 -0
1679 4.60296e-09 -0
1680 -4.41054e-09 -0
1681 1.29519e-08 0
1682 -3.97942e-09 0
1683 1.72818e-09 0
1684 1.26633e-08 -0
1685 -3.40165e-09 0
1686 2.25682e-09 0
1687 -3.17145e-09 0
1688 1.12224e-09 0
1689 -1.31552e-08 -0
1690 3.8543e-09 0
1691 1.53445e-08 0
1692 -7.82765e-09 0
1693 6.82966e-09 0
1694 -1.91267e-09 -0
1695 4.82941e-09 -0
1696 -1.80705e-09 0
1697 4.87039e-10 -0
1698 2.5883e-09 -0
1699 -1.97619e-09 0
1700 6.47425e-10 0
1701 -3.35479e-09 0
1702 1.38152e-09 -0
1703 -1.58732e-09 0
1704 4.3237e-10 0
1705 4.61283e-09 -0
1706 -2.81335e-09 -0
1707 8.91183e-10 0
1708 3.8531e-09 0
1709 -1.09758e-09 -0
1710 2.07077e-09 -0
1711 -9.47604e-10 0
1712 2.53941e-10 0
1713 -5.82877e-09 -0
1714 5.87982e-09 0
1715 -2.25844e-09 0
1716 6.74287e-10 -0
1717 2.7122e-09 0
1718 -1.43076e-09 0
1719 4.80799e-09 -0
1720 -1.66238e-09 0
1721 4.5781e-10 -0
1722 -3.22729e-10 0
1723 -6.0039e-09 -0
1724 2.96391e-09 -0
1725 -5.07518e-09 -0
1726 1.37433e-09 -0
1727 -4.23939e-10 0
1728 -2.08056e-09 -0
1729 1.73539e-09 -0
1730 -7.35042e-10 -0
1731 5.66521e-09 -0
1732 -1.67062e-09 0
1733 2.04844e-09 -0
1734 -5.49386e-10 -0
1735 3.12523e-10 0
1736 2.00548e-09 0
1737 -6.68356e-10 0
1738 1.51575e-09 -0
1739 -5.42402e-10 -0
1740 3.47885e-10 -0
1741 -9.68625e-11 0
1742 -3.86943e-10 0
1743 1.72062e-10 -0
1744 -2.56423e-10 0
1745 6.85579e-11 -0
1746 1.53274e-09 0
1747 -4.93004e-10 0
1748 4.5154e-10 -0
1749 -1.31492e-10 -0
1750 6.29855e-10 0
1751 -2.51953e-10 0
1752 -1.04206e-09 -0
1753 2.85865e-10 -0
1754 -1.58886e-10 0
1755 -1.20393e-09 0
1756 1.60923e-09 -0
1757 -5.03907e-10 0
1758 2.4087e-10 0
1759 -8.02866e-10 -0
1760 2.27886e-10 -0
1761 -1.82334e-10 0
1762 6.8123e-11 0
1763 -2.43499e-09 -0
1764 6.49527e-10 -0
1765 -1.34157e-09 -0
1766 8.37636e-10 0
1767 3.59286e-09 0
1768 -1.22377e-09 -0
1769 3.30173e-10 0
1770 -3.26098e-10 -0
1771 9.89765e-11 -0
1772 5.6132e-10 -0
1773 -2.19342e-10 0
1774 1.30997e-09 0
1775 -3.76194e-10 -0
1776 2.71666e-10 -0
1777 -1.39527e-10 0
1778 -1.85245e-09 0
1779 5.08808e-10 -0
1780 -5.69926e-10 -0
1781 2.02282e-10 -0
1782 7.9492e-10 -0
1783 -3.31554e-10 0
1784 8.7984e-10 -0
1785 -2.36707e-10 -0
1786 7.71184e-11 -0
1787 -8.78777e-10 0
1788 5.12852e-10 0
1789 -8.18648e-10 0
1790 2.42302e-10 -0
1791 1.7357e-09 0
1792 -8.01112e-10 -0
1793 2.24426e-10 -0
1794 -1.51248e-10 -0
1795 -7.09465e-10 0
1796 1.89736e-10 -0
1797 -1.74706e-10 -0
1798 6.5735e-11 0
1799 -2.34921e-10 0
1800 7.4593e-11 -0
1801 -1.05768e-10 -0
1802 3.01488e-11 -0
1803 1.2586e-10 0
1804 -6.22828e-11 -0
1805 2.5145e-11 0
1806 -3.93868e-10 0
1807 1.06398e-10 0
1808 -8.82231e-11 0
1809 2.93482e-11 0
1810 -5.02414e-11 -0
1811 -2.7887e-10 -0
1812 8.33663e-11 0
1813 -4.63417e-11 -0
1814 1.27932e-11 0
1815 2.32234e-10 -0
1816 -1.01096e-10 0
1817 1.19931e-10 -0
1818 -3.21211e-11 -0
1819 1.61245e-10 0
1820 -5.61016e-11 0
1821 4.26725e-11 -0
1822 3.32424e-10 -0
1823 -9.67799e-11 -0
1824 2.28674e-10 0
1825 -1.4014e-10 -0
1826 4.3729e-11 -0
1827 1.80413e-10 -0
1828 -4.8117e-11 -0
1829 2.33234e-11 -0
1830 -2.36315e-11 0
1831 9.12318e-12 -0
1832 -7.77592e-11 0
1833 2.11081e-11 0
1834 -3.95683e-11 -0
1835 1.29571e-11 -0
1836 6.13523e-11 0
1837 -3.24397e-11 -0
1838 9.16758e-12 -0
1839 -6.30087e-12 -0
1840 -2.77857e-10 0
1841 1.01794e-10 0
1842 -1.40739e-10 -0
1843 3.81313e-11 0
1844 2.05722e-10 -0
1845 -8.91608e-11 0
1846 2.74079e-11 -0
1847 -8.92194e-11 -0
1848 7.28606e-11 -0
1849 -2.02235e-11 -0
1850 -1.62012e-10 0
1851 7.43451e-11 0
1852 -8.36477e-11 0
1853 2.4749e-11 -0
1854 8.82311e-11 0
1855 -3.05369e-11 -0
1856 2.0279e-11 0
1857 -5.4557e-12 -0
1858 2.66264e-11 0
1859 -1.0238e-11 0
1860 1.63667e-11 0
1861 -5.29038e-12 -0
1862 -2.2733e-11 0
1863 1.15797e-11 -0
1864 -3.20436e-12 -0
1865 2.64301e-11 0
1866 -2.3558e-11 -0
1867 6.84412e-12 -0
1868 8.07771e-11 0
1869 -3.39428e-11 -0
1870 9.19921e-12 -0
1871 -2.19965e-11 -0
1872 1.29482e-11 -0
1873 4.70916e-11 -0
1874 -1.47691e-11 -0
1875 1.12688e-11 -0
1876 -4.10988e-12 0
1877 5.47288e-12 0
1878 -1.55647e-12 -0
1879 3.17029e-11 0
1880 -1.50355e-11 0
1881 4.09568e-12 0
1882 1.94584e-11 -0
1883 -5.8266e-11 -0
1884 1.74815e-11 -0
1885 -9.65506e-12 0
1886 9.4058e-12 -0
1887 -3.20559e-12 -0
1888 -2.19218e-11 -0
1889 5.89701e-12 -0
1890 -2.38467e-12 0
1891 -8.60081e-12 -0
1892 5.28809e-12 0
1893 -9.71199e-12 -0
1894 2.72851e-12 0
1895 -1.53297e-10 -0
1896 4.95782e-11 0
1897 -2.19294e-11 -0
1898 2.32889e-11 -0
1899 -6.25541e-12 -0
1900 2.28352e-11 0
1901 -8.38366e-12 0
1902 5.97623e-12 0
1903 3.50337e-11 -0
1904 -1.00473e-11 0
1905 2.0446e-11 0
1906 -6.43893e-12 0
1907 3.3671e-12 -0
1908 4.15712e-11 -0
1909 -1.12448e-11 0
1910 9.60358e-12 -0
1911 3.76306e-11 -0
1912 -1.14165e-11 -0
1913 4.84661e-12 0
1914 -4.00956e-11 0
1915 1.39035e-11 0
1916 -1.61284e-11 -0
1917 4.41771e-12 -0
1918 -2.94596e-12 0
1919 -1.34172e-11 0
1920 3.90154e-12 0
1921 -1.85792e-11 0
1922 8.89264e-12 -0
1923 -2.37885e-12 -0
1924 3.62463e-12 -0
1925 -1.20193e-12 0
1926 -3.26027e-11 -0
1927 1.34287e-11 -0
1928 -8.58887e-12 0
1929 2.38925e-12 -0
1930 -6.41257e-12 -0
1931 -2.50035e-11 -0
1932 9.44667e-12 -0
1933 -8.77911e-12 0
1934 2.60751e-12 -0
1935 1.75721e-11 -0
1936 -9.09377e-12 0
1937 2.58429e-12 -0
1938 -3.4451e-12 0
1939 1.20127e-11 -0
1940 -3.25407e-12 0
1941 1.94771e-12 -0
1942 9.02689e-12 0
1943 -2.82552e-12 -0
1944 1.12881e-12 -0
1945 -9.36569e-13 0
1946 2.00269e-11 0
1947 -5.36751e-12 -0
1948 1.90641e-12 0
1949 7.36006e-12 -0
1950 -3.31949e-12 -0
1951 6.67038e-12 -0
1952 -1.90682e-12 -0
1953 1.92769e-12 0
1954 -5.26165e-13 -0
1955 -3.30861e-12 -0
1956 2.51126e-12 -0
1957 -8.04923e-13 -0
1958 4.87482e-12 0
1959 -2.64444e-12 -0
1960 7.98133e-13 -0
1961 -1.13168e-12 -0
1962 4.1016e-13 0
1963 3.92951e-12 0
1964 -1.05657e-12 0
1965 2.51348e-12 0
1966 -1.09843e-12 0
1967 -4.1118e-12 0
1968 1.15644e-12 -0
1969 -8.06315e-13 -0
1970 2.7511e-13 -0
1971 -7.62703e-12 0
1972 3.72622e-12 -0
1973 -4.49521e-12 0
1974 1.19935e-12 0
1975 5.92601e-12 -0
1976 -1.82237e-12 -0
1977 1.04158e-12 -0
1978 -4.13028e-12 -0
1979 1.56639e-12 -0
1980 -4.292e-13 0
1981 7.08577e-13 0
1982 1.49073e-11 -0
1983 -4.89762e-12 0
1984 3.81212e-12 0
1985 -1.10148e-12 0
1986 -4.5977e-12 -0
1987 2.12985e-12 0
1988 -2.0985e-12 -0
1989 5.70267e-13 -0
1990 -6.33381e-12 -0
1991 2.65369e-12 -0
1992 -1.62277e-12 0
1993 4.8308e-13 -0
1994 2.97313e-12 0
1995 -8.85173e-12 0
1996 3.10223e-12 -0
1997 -8.62576e-13 0
1998 9.72863e-13 0
1999 -3.92431e-13 0
2000 -1.73701e-12 -0
2001 4.67096e-13 0
2002 -3.00933e-13 0
2003 1.59954e-12 -0
2004 -4.73596e-13 0
2005 5.5171e-13 0
2006 -2.40352e-13 -0
2007 6.13215e-14 -0
2008 2.50146e-12 -0
2009 -8.96202e-13 0
2010 7.34932e-13 -0
2011 -1.91206e-13 0
2012 -1.04628e-12 -0
2013 1.37699e-12 -0
2014 -4.44497e-13 0
2015 1.29509e-12 0
2016 -3.34747e-13 -0
2017 1.43214e-13 -0
2018 -8.76371e-14 0
2019 2.34086e-14 -0
2020 -1.16924e-14 0
2021 1.68521e-15 0
2022 2.6181e-13 0
2023 -1.32429e-13 0
2024 3.80264e-14 -0
2025 1.92782e-12 0
2026 -5.12399e-13 -0
2027 5.09485e-13 -0
2028 -2.12722e-13 0
2029 -1.05544e-12 -0
2030 2.93003e-13 -0
2031 -5.71314e-13 -0
2032 1.93694e-13 0
2033 -1.52652e-13 -0
2034 5.45555e-13 0
2035 -1.41941e-13 0
2036 6.31657e-14 0
2037 -5.62335e-14 0
2038 1.59939e-14 -0
2039 2.20896e-13 -0
2040 -5.67948e-14 0
2041 3.38059e-14 0
2042 -4.3038e-14 -0
2043 1.08282e-14 0
2044 -3.16026e-15 0
2045 -4.22721e-12 0
2046 1.53854e-12 0
2047 -2.41669e-12 0
