0 0 0
1 -0 -0
2 -0 0
3 0 -0
4 -0 0
5 0.000881353 -0
6 -0.000257817 0
7 0.000112597 0
8 -0.000108779 0
9 -0.000524352 -0
10 0.00014631 0
11 -5.54768e-05 -0
12 0.000219091 0
13 -0.000160321 0
14 4.96622e-05 0
15 0.000177057 -0
16 -8.84928e-05 0
17 2.42768e-05 0
18 -3.21236e-05 -0
19 -0.000305179 -0
20 0.000108131 -0
21 -3.08626e-05 0
22 8.12261e-05 -0
23 -4.41895e-05 0
24 3.70137e-05 -0
25 -1.18516e-05 -0
26 -3.86227e-05 0
27 1.56998e-05 -0
28 -0.000137405 -0
29 3.74743e-05 0
30 -4.24245e-05 0
31 1.27353e-05 -0
32 7.8796e-05 -0
33 -3.66694e-05 -0
34 2.4186e-05 -0
35 -6.69081e-06 0
36 -2.67702e-05 0
37 4.25184e-05 0
38 -1.55446e-05 -0
39 8.65074e-05 -0
40 -2.49793e-05 -0
41 8.56139e-06 -0
42 0.000164303 0
43 -0.00012829 -0
44 5.39999e-05 0
45 0.000170664 -0
46 -4.80845e-05 0
47 0.000106608 0
48 -5.56092e-05 -0
49 1.69606e-05 -0
50 -1.77024e-05 0
51 4.8178e-06 0
52 -8.87748e-05 -0
53 3.47777e-05 0
54 0.000118311 0
55 -7.40323e-05 -0
56 2.41448e-05 -0
57 -7.65614e-05 -0
58 2.10827e-05 -0
59 -3.03206e-05 0
60 1.45637e-05 -0
61 6.36919e-05 0
62 -1.88659e-05 0
63 1.68772e-05 0
64 -5.31669e-06 0
65 -3.96766e-05 -0
66 2.25855e-05 -0
67 -6.17478e-06 0
68 1.07636e-05 0
69 -4.00479e-06 0
70 -1.25271e-05 0
71 5.62981e-06 0
72 -1.59596e-06 0
73 1.09313e-05 0
74 -7.60168e-06 -0
75 2.64588e-06 -0
76 1.42704e-05 0
77 -1.73341e-05 0
78 4.81629e-06 0
79 -0.0172128 0
80 0.00679848 0
81 -0.00204039 -0
82 -0.00848499 -0
83 0.00671008 0
84 -0.00181181 0
85 0.00411429 0
86 -0.00134599 0
87 0.000678233 -0
88 -0.00276251 0
89 0.000796503 -0
90 -0.000502823 0
91 -0.0018306 0
92 0.000775405 -0
93 -0.000758385 0
94 0.000211052 -0
95 0.00392437 -0
96 -0.00139801 -0
97 0.0130304 0
98 -0.00403735 -0
99 0.00221569 -0
100 -0.00321385 0
101 0.000869295 0
102 0.0030395 0
103 -0.00115942 -0
104 0.00085645 -0
105 -0.00230986 0
106 0.000657935 0
107 0.0030914 0
108 -0.00103621 -0
109 0.000468576 -0
110 -0.000572903 0
111 0.00015577 -0
112 -0.00297101 0
113 0.00178009 0
114 -0.000526251 0
115 -0.00432392 -0
116 0.00390605 0
117 -0.00125043 0
118 0.00242343 0
119 -0.000991034 0
120 -0.00380711 0
121 0.00104303 0
122 -0.000503888 -0
123 0.00163501 -0
124 -0.000477314 0
125 0.000318436 0
126 0.00108269 0
127 -0.000376628 -0
128 0.000398943 -0
129 -0.000108133 0
130 -0.000636326 0
131 0.000194028 -0
132 -0.000101929 -0
133 0.000162877 0
134 -4.56837e-05 -0
135 -0.00114584 0
136 0.00042606 -0
137 -0.000359889 -0
138 0.00160216 -0
139 -0.000701118 -0
140 0.000189256 0
141 0.000812986 -0
142 -0.000256065 -0
143 0.000146848 0
144 -0.00118653 -0
145 0.000327937 -0
146 -0.000435238 -0
147 0.000170326 0
148 0.00183604 0
149 -0.00128645 0
150 0.000428419 0
151 0.00151191 -0
152 -0.000427008 -0
153 0.000199443 -0
154 -0.000434312 -0
155 0.000118499 -0
156 -0.000134413 0
157 -0.000700122 0
158 0.000251411 -0
159 -7.51622e-05 0
160 0.00187982 -0
161 -0.00141311 -0
162 0.000582884 -0
163 -0.000168558 -0
164 -0.000682071 0
165 0.00118839 -0
166 -0.000386347 0
167 0.000209491 -0
168 -5.66189e-05 -0
169 0.000174073 -0
170 0.000598347 0
171 -0.000551418 -0
172 0.000188596 -0
173 -5.2359e-05 -0
174 3.17994e-05 0
175 0.000217888 0
176 -0.000106338 -0
177 0.000564328 0
178 -0.000174057 0
179 6.58814e-05 -0
180 0.00555999 0
181 -0.00152973 0
182 0.00158575 0
183 -0.000678059 0
184 -0.0025007 0
185 0.000714432 0
186 -0.000575129 0
187 0.00147694 -0
188 -0.000448511 0
189 0.000294813 -0
190 0.0043978 0
191 -0.00118782 0
192 0.000433696 0
193 -0.000644272 -0
194 0.000328066 0
195 0.00150345 -0
196 -0.000440417 -0
197 0.00472804 0
198 -0.00188569 0
199 0.000512251 -0
200 -0.000639864 -0
201 -0.00222115 -0
202 0.000714274 0
203 -0.000405237 -0
204 0.00153854 -0
205 -0.00042925 0
206 0.000368809 0
207 -0.000165321 -0
208 0.000331352 0
209 -0.000111804 0
210 -0.000600018 -0
211 0.000170423 0
212 -0.000117924 0
213 -1.60738 0
214 0.570895 -0
215 -0.15681 0
216 -0.508698 0
217 0.49559 -0
218 -0.156119 0
219 0.0728142 -0
220 -0.509435 -0
221 0.138374 0
222 -0.265554 0
223 0.102692 0
224 0.370452 0
225 -0.110334 -0
226 0.0694375 0
227 0.541267 -0
228 -0.283669 -0
229 0.332867 -0
230 -0.0960567 0
231 0.0317453 -0
232 -0.0926117 0
233 0.0391063 0
234 0.156289 -0
235 -0.0427596 -0
236 0.0335941 -0
237 -0.636894 0
238 0.192712 -0
239 -0.266405 -0
240 0.1283 0
241 -0.0347569 0
242 -0.209015 0
243 0.0727452 0
244 -0.0534356 0
245 -0.183487 0
246 0.0519137 0
247 -0.126523 -0
248 0.0515764 0
249 -0.0301801 -0
250 0.00958789 -0
251 0.0966594 -0
252 -0.10585 -0
253 0.0292677 -0
254 -0.104892 0
255 0.0386634 -0
256 0.125828 0
257 -0.036774 0
258 0.033075 0
259 -0.0166009 0
260 0.00451911 0
261 -0.00722475 -0
262 -0.032745 0
263 0.0145126 0
264 -0.00453285 -0
265 0.0246977 0
266 -0.0159457 0
267 0.00443896 0
268 0.0957982 -0
269 -0.0344267 0
270 -0.127319 0
271 0.0711235 0
272 -0.0210495 0
273 0.0367296 -0
274 -0.0371049 -0
275 0.0100603 0
276 -0.00393999 0
277 0.0385839 -0
278 -0.0129493 0
279 -0.0907226 0
280 0.0762543 -0
281 -0.0214384 0
282 0.00983355 0
283 0.0323162 0
284 -0.00993181 0
285 0.0143416 -0
286 -0.00976765 0
287 0.00268921 -0
288 -0.0121199 -0
289 0.00455161 -0
290 0.0188412 -0
291 -0.0100744 0
292 0.00322693 -0
293 0.127338 0
294 -0.0349558 -0
295 0.0435999 -0
296 -0.0191963 0
297 -0.0918245 -0
298 0.0265305 -0
299 -0.058324 -0
300 0.0352833 0
301 -0.0121623 0
302 -0.0384825 0
303 0.0105218 0
304 -0.00765058 0
305 0.230952 -0
306 -0.092642 -0
307 0.0278599 0
308 -0.0785093 0
309 0.0258198 0
310 0.287836 -0
311 -0.275665 0
312 0.0774357 -0
313 -0.0369623 -0
314 -0.134498 -0
315 0.0475211 -0
316 -0.0643346 0
317 0.0175071 0
318 -0.143834 0
319 0.111375 0
320 -0.0325227 -0
321 0.0136293 -0
322 0.0453385 0
323 -0.0848853 -0
324 0.024197 0
325 -0.0126956 0
326 -0.0974826 -0
327 0.0358165 -0
328 -0.0412987 0
329 0.0113698 -0
330 -0.0467034 0
331 0.0294458 -0
332 -0.00903662 -0
333 -0.0399197 -0
334 0.0154613 0
335 0.0478965 -0
336 -0.0155964 0
337 0.0127504 0
338 -0.00354974 0
339 0.00844395 0
340 -0.00420299 -0
341 -0.0524074 0
342 0.0144094 0
343 -0.00629346 -0
344 0.0112928 0
345 -0.00355262 0
346 -0.0150705 -0
347 0.00884712 -0
348 -0.00264029 -0
349 0.00290289 -0
350 0.00796157 -0
351 -0.00280811 0
352 0.0111469 -0
353 -0.00318857 0
354 0.00220097 -0
355 -0.0620515 0
356 0.025665 -0
357 -0.00704244 0
358 0.00620038 -0
359 0.0212395 0
360 -0.00714358 -0
361 0.00393843 -0
362 -0.0220102 -0
363 0.00669209 -0
364 0.0367196 -0
365 -0.0102085 -0
366 0.00464031 -0
367 -0.0061707 0
368 0.00231812 0
369 0.00687397 -0
370 -0.00200309 0
371 0.00151422 -0
372 -0.0040285 0
373 0.00109886 0
374 -0.113809 0
375 0.0696291 -0
376 -0.0248989 0
377 0.0242447 0
378 -0.0076754 0
379 -0.0321307 0
380 0.0156228 0
381 -0.00447329 0
382 0.0313304 -0
383 -0.048742 -0
384 0.0193322 0
385 0.199744 0
386 -0.0556359 0
387 -0.191759 -0
388 0.0650489 0
389 -0.0420201 0
390 0.0125341 -0
391 -0.0250182 -0
392 0.0126937 -0
393 -0.00345662 -0
394 -0.0464575 0
395 0.0426703 0
396 -0.0162604 -0
397 0.0528641 -0
398 -0.0169648 0
399 -0.0543803 -0
400 0.0149414 0
401 -0.0164513 0
402 0.0076243 -0
403 -0.0714665 -0
404 0.0201024 -0
405 -0.014061 0
406 -0.0549189 0
407 0.0169741 -0
408 -0.00723314 -0
409 0.0105002 -0
410 -0.00614799 0
411 -0.0404006 0
412 0.0109891 -0
413 -0.00363778 -0
414 0.00291057 -0
415 -0.0127315 0
416 0.00376413 0
417 0.0124443 0
418 -0.00452914 -0
419 0.00555085 0
420 -0.00153071 0
421 0.000819485 -0
422 0.0037935 -0
423 -0.00153642 0
424 0.00347326 -0
425 -0.000998241 0
426 0.275438 0
427 -0.0862952 -0
428 0.0711122 0
429 0.229132 0
430 -0.0992021 -0
431 0.0270815 -0
432 -0.323328 -0
433 0.114494 0
434 -0.114865 -0
435 0.0639149 -0
436 -0.0185432 0
437 -0.107883 0
438 0.186814 0
439 -0.0521613 -0
440 0.0246455 -0
441 0.0897036 -0
442 -0.0305372 -0
443 0.0217843 -0
444 -0.0627323 -0
445 0.0190354 -0
446 -0.00516669 -0
447 -0.0457752 0
448 0.0177881 0
449 -0.0243936 -0
450 0.0160795 0
451 -0.0977161 -0
452 0.0318479 -0
453 -0.00902579 -0
454 -0.0295867 0
455 0.0151163 -0
456 -0.0132952 0
457 0.00361845 -0
458 0.143907 0
459 -0.0595801 0
460 -0.26015 0
461 0.0777743 0
462 -0.159359 0
463 0.0950811 -0
464 -0.0333768 -0
465 0.0390411 -0
466 -0.0107712 0
467 -0.0411292 0
468 0.0186841 0
469 -0.0666279 0
470 0.0194778 -0
471 -0.0147279 0
472 0.00467769 0
473 -0.162343 -0
474 0.0620874 -0
475 -0.0985852 -0
476 0.0269637 0
477 0.0940752 0
478 -0.0460782 -0
479 0.0131339 0
480 0.101967 -0
481 -0.0946425 -0
482 0.0314108 -0
483 -0.0825105 0
484 0.0510027 0
485 -0.0138333 -0
486 -0.0707245 0
487 0.0310786 0
488 -0.00962059 0
489 -0.0307986 -0
490 0.0328811 0
491 -0.0122228 0
492 0.00338568 -0
493 -0.0483395 -0
494 0.0266169 0
495 -0.124883 -0
496 0.0375973 0
497 -0.0474149 -0
498 0.019275 -0
499 0.284643 -0
500 -0.0821032 0
501 0.0641666 0
502 0.216205 -0
503 -0.0748668 -0
504 0.0204099 -0
505 -0.0388448 -0
506 0.0200661 0
507 0.0839963 0
508 -0.0271019 0
509 0.0184117 -0
510 -0.00518615 -0
511 0.0125075 -0
512 -0.00526755 0
513 -0.0326094 0
514 0.00895394 0
515 -0.00760966 -0
516 0.00276713 -0
517 -0.0232832 0
518 0.00688934 0
519 -0.0101389 0
520 0.00471953 -0
521 0.0152484 -0
522 -0.00424683 -0
523 0.00244685 -0
524 0.05089 0
525 -0.0155163 0
526 0.0159087 -0
527 -0.0595318 -0
528 0.0161969 0
529 -0.00610852 -0
530 -0.0227669 -0
531 0.0148393 -0
532 -0.00501448 0
533 -0.0229263 -0
534 0.0114765 -0
535 -0.00361375 -0
536 0.00601611 -0
537 -0.00170309 0
538 -0.0166948 -0
539 0.0122317 0
540 -0.00545651 0
541 0.00148107 -0
542 -0.00449631 -0
543 0.00500899 -0
544 -0.00179282 -0
545 -0.00636236 -0
546 0.00186549 -0
547 -0.0107604 0
548 0.00429284 -0
549 -0.00231398 -0
550 0.000640351 0
551 0.00343058 -0
552 -0.00462316 -0
553 0.00148645 0
554 -0.00133266 -0
555 -0.00437081 -0
556 0.00122382 -0
557 -0.000588224 0
558 0.0113341 0
559 -0.0034818 0
560 0.00221017 -0
561 -0.00402418 0
562 0.00109255 0
563 -0.000374084 0
564 -3.8772e-05 0
565 7.20762e-05 -0
566 -0.0021221 -0
567 0.0015092 0
568 -0.000395986 0
569 0.000173158 -0
570 0.00115747 -0
571 -0.000349132 -0
572 0.00014986 0
573 8.68556e-06 -0
574 -8.9795e-05 -0
575 4.22561e-05 0
576 -0.000265212 0
577 8.26101e-05 -0
578 -0.000779915 -0
579 0.000261774 -0
580 -0.000215179 0
581 5.3149e-05 -0
582 0.00162927 -0
583 -0.000916618 -0
584 0.000296575 -0
585 -0.000271473 0
586 -0.000582573 -0
587 0.000165923 -0
588 -0.0027188 0
589 0.00116363 0
590 -0.00136141 -0
591 0.00044384 0
592 -0.000121146 0
593 -0.00129137 -0
594 0.000683612 0
595 -0.00130594 -0
596 0.000351191 0
597 -0.000134737 -0
598 -0.000100888 0
599 0.000161565 0
600 -6.64918e-05 -0
601 0.000282794 0
602 -6.61649e-05 -0
603 2.56006e-05 -0
604 -3.38115e-06 -0
605 -0.0964016 0
606 0.0291656 -0
607 -0.017642 0
608 -0.056168 0
609 0.0156352 -0
610 -0.0362878 -0
611 0.0170713 -0
612 -0.00545022 -0
613 0.00521825 -0
614 0.0209213 -0
615 -0.00572743 0
616 0.00395147 0
617 -0.0129163 -0
618 0.00466697 -0
619 0.0297937 0
620 -0.00849181 0
621 0.012034 0
622 -0.00533936 0
623 0.00159989 -0
624 0.0291171 0
625 -0.0237515 0
626 0.00647906 -0
627 0.0196692 0
628 -0.00742503 -0
629 0.0135808 -0
630 -0.00690357 0
631 0.00225944 -0
632 -0.0125454 -0
633 0.00362951 0
634 0.0152971 0
635 -0.0064405 0
636 0.00811766 -0
637 -0.00223972 0
638 0.00163546 -0
639 0.0129419 -0
640 -0.00449231 0
641 -0.0143446 0
642 0.00420791 0
643 -0.00260926 0
644 0.0116916 0
645 -0.00465137 0
646 0.00127192 0
647 -0.0011932 0
648 0.0404734 -0
649 -0.0126011 -0
650 0.00603031 0
651 -0.00993201 0
652 0.00277609 0
653 0.015686 -0
654 -0.00861044 -0
655 0.00306649 -0
656 0.0114943 0
657 -0.00352411 0
658 0.00898561 0
659 -0.00598971 -0
660 0.00169442 -0
661 -0.00181621 0
662 -0.00576248 -0
663 0.00191606 -0
664 -0.000819216 0
665 0.00862564 -0
666 -0.00234531 -0
667 0.00312282 -0
668 -0.00163184 0
669 -0.0224026 0
670 0.00662585 0
671 -0.00253207 0
672 0.00515208 -0
673 -0.00141753 -0
674 -0.00474913 0
675 0.00393755 -0
676 -0.00134433 -0
677 0.00488313 -0
678 -0.002411 0
679 0.000668174 0
680 0.00297719 0
681 -0.00192253 -0
682 0.000605537 0
683 0.00440703 0
684 -0.00178548 0
685 0.00158602 0
686 -0.000455011 0
687 0.0031066 -0
688 -0.00114391 -0
689 -0.00354747 -0
690 0.000967536 0
691 -0.00110849 -0
692 0.000637988 0
693 -0.000192294 -0
694 0.00962714 -0
695 -0.00420958 -0
696 0.00892342 -0
697 -0.00250363 0
698 -0.00931236 0
699 0.00721753 0
700 -0.00234101 0
701 0.00400382 -0
702 -0.00180872 0
703 -0.00979468 0
704 0.00267688 -0
705 -0.000945333 0
706 0.000950315 -0
707 -0.0126271 -0
708 0.00371234 0
709 -0.00232271 -0
710 -0.00763927 0
711 0.00212074 0
712 -0.00599195 0
713 0.00244493 0
714 -0.000742265 0
715 -0.00799515 -0
716 0.00408713 0
717 -0.0030343 0
718 0.000824022 -0
719 -0.00121311 -0
720 0.000407706 0
721 0.00168177 -0
722 -0.000483985 -0
723 0.00191091 0
724 -0.000733709 -0
725 0.000413017 -0
726 0.00130235 -0
727 -0.000413613 0
728 0.000400488 0
729 0.00802346 0
730 -0.00229402 0
731 0.00112197 0
732 -0.00146515 0
733 0.00051332 -0
734 0.00236862 -0
735 -0.000650502 0
736 0.000445128 -0
737 -0.00410509 -0
738 0.00127186 0
739 -0.0024462 -0
740 0.00102188 0
741 0.0033821 -0
742 -0.000938768 -0
743 0.000814596 0
744 -0.000303529 -0
745 0.00162789 0
746 -0.000475827 -0
747 0.000280776 0
748 0.00160425 0
749 -0.000528738 0
750 0.00131855 0
751 -0.000359813 0
752 0.00016774 0
753 0.000533816 0
754 -0.000565914 -0
755 0.000169276 0
756 -9.08925e-05 0
757 0.029674 0
758 -0.0082833 -0
759 0.00648008 -0
760 0.0243707 -0
761 -0.00956568 0
762 0.0147801 -0
763 -0.00472833 0
764 0.0145382 0
765 -0.00397803 0
766 0.00170609 -0
767 0.0240117 0
768 -0.0166139 -0
769 0.00595961 -0
770 0.0194085 0
771 -0.00547867 0
772 0.00658755 0
773 -0.0032802 0
774 0.0505882 0
775 -0.0137127 0
776 0.00456253 0
777 0.0203232 0
778 -0.0121177 0
779 0.00349906 -0
780 -0.00898775 -0
781 0.00804634 0
782 -0.00248464 0
783 0.00110747 -0
784 0.00876024 0
785 -0.0024069 0
786 0.00330683 0
787 -0.001233 -0
788 -0.00408063 -0
789 0.0216767 -0
790 -0.00640093 0
791 0.00417012 0
792 -0.00143046 -0
793 0.00276523 0
794 -0.000751084 -0
795 -0.00306768 0
796 0.00169056 -0
797 -0.000676173 0
798 -0.0132942 0
799 0.00373076 0
800 -0.00411049 -0
801 0.00308208 -0
802 -0.000937499 0
803 -0.0032697 -0
804 0.00137839 0
805 -0.00462573 -0
806 0.00128303 0
807 -0.000403877 0
808 0.016643 -0
809 -0.00786247 -0
810 0.007361 0
811 0.0368985 -0
812 -0.0133337 0
813 0.00364053 0
814 -0.00803894 -0
815 0.00419731 0
816 -0.00119516 -0
817 0.0102155 0
818 -0.0072359 -0
819 0.00237949 0
820 0.00779841 0
821 -0.010048 0
822 0.00272115 -0
823 -0.00105332 0
824 -0.0120022 0
825 0.00357609 0
826 -0.00224046 -0
827 0.00939053 -0
828 -0.00425935 -0
829 -0.0157127 0
830 0.00459258 0
831 -0.00364712 -0
832 0.00123351 0
833 -0.00192837 -0
834 -0.011614 -0
835 0.00322573 0
836 -0.001219 -0
837 0.00130087 -0
838 -0.000700163 0
839 0.000190298 -0
840 0.000643387 -0
841 -0.000200644 0
842 0.00127446 -0
843 -0.000620606 0
844 -0.031708 0
845 0.0112131 0
846 -0.00965268 0
847 0.0027688 -0
848 -0.00568603 -0
849 -0.025817 0
850 0.00711222 0
851 -0.00431938 0
852 0.00139474 -0
853 -0.00414657 -0
854 0.0018175 0
855 0.00703545 -0
856 -0.00211994 -0
857 0.00248458 -0
858 -0.000673666 -0
859 -0.00465584 -0
860 0.00188906 0
861 -0.00282807 0
862 0.00163367 0
863 -0.000462915 -0
864 0.00971105 0
865 -0.00354238 -0
866 0.00360028 -0
867 0.0122525 -0
868 -0.00334327 -0
869 0.0024339 -0
870 -0.000818685 -0
871 0.00916565 0
872 -0.00280457 -0
873 0.00144222 0
874 0.00743408 0
875 -0.00215081 -0
876 0.00373674 0
877 -0.00155448 0
878 0.00128427 0
879 0.00416615 0
880 -0.00114209 -0
881 0.00415471 0
882 -0.00194222 0
883 0.00062005 0
884 0.00564573 0
885 -0.00158273 0
886 0.0010546 -0
887 -0.0014203 0
888 0.000505575 -0
889 0.00208898 0
890 -0.00056745 -0
891 0.00143365 0
892 -0.000568303 -0
893 0.000518131 -0
894 -0.000153523 -0
895 -0.00446901 0
896 0.00221879 0
897 -0.000724867 -0
898 -0.00234744 0
899 0.000649899 -0
900 -0.00040103 -0
901 0.00241786 -0
902 -0.000930656 0
903 0.00178578 -0
904 -0.000521515 0
905 -0.00182917 -0
906 0.00128611 0
907 -0.000438913 -0
908 0.000431335 0
909 -0.000117136 0
910 -0.00063414 0
911 0.000271419 -0
912 -0.00109096 0
913 0.000339616 -0
914 -0.000191927 0
915 5.35943e-05 0
916 -0.00278862 0
917 0.0033245 0
918 -0.0015056 -0
919 -0.00728704 -0
920 0.00208198 -0
921 -0.00156304 0
922 0.000541585 0
923 -0.00119155 -0
924 0.000322284 0
925 0.00333497 0
926 -0.00100229 -0
927 0.0013839 -0
928 -0.000730435 0
929 -0.00259675 -0
930 0.00096708 -0
931 -0.00600909 0
932 0.00163929 0
933 -0.00104017 0
934 0.000326335 0
935 0.00135147 0
936 -0.000580448 0
937 0.000649435 -0
938 -0.000183661 -0
939 0.00180782 -0
940 -0.000855441 0
941 0.000229833 0
942 -0.000592697 0
943 0.00048199 0
944 -0.000157219 -0
945 -0.00056975 0
946 0.000218871 -0
947 -0.000336711 0
948 9.39263e-05 -0
949 0.000721933 0
950 -0.000418568 -0
951 0.000124194 -0
952 0.00316418 0
953 -0.00129367 -0
954 0.0011805 -0
955 -0.000320482 0
956 0.00132995 -0
957 -0.000457817 -0
958 -0.00170489 0
959 0.00114828 -0
960 -0.000335375 -0
961 0.000696224 0
962 -0.000348419 0
963 0.000112182 0
964 0.000592588 0
965 -0.000163097 -0
966 0.000166967 0
967 -7.40905e-05 0
968 0.000904688 0
969 -0.000273798 0
970 9.90589e-05 0
971 0.000429916 0
972 -0.000336816 0
973 9.04281e-05 -0
974 -0.000148467 0
975 8.0206e-05 -0
976 0.00122281 -0
977 -0.000346222 0
978 0.00100993 0
979 -0.000349856 0
980 0.00025301 -0
981 -6.90026e-05 -0
982 -0.000253449 -0
983 0.000102114 -0
984 -0.000124826 -0
985 3.85996e-05 0
986 0.000366383 -0
987 -0.000105436 0
988 6.57013e-05 -0
989 0.00152404 0
990 -0.000419518 0
991 0.000199769 -0
992 0.000612994 -0
993 -0.00104008 -0
994 0.000352832 0
995 -0.000331182 -0
996 0.000129195 -0
997 -3.6575e-05 0
998 0.000110894 0
999 -6.17131e-05 0
1000 -0.000179441 -0
1001 4.98678e-05 0
1002 -0.000607292 0
1003 0.000195456 -0
1004 -0.000221684 0
1005 9.96359e-05 -0
1006 0.000423957 0
1007 -0.000129111 -0
1008 7.6786e-05 0
1009 -0.000492072 0
1010 0.000139617 -0
1011 -5.09425e-05 -0
1012 -0.000200348 0
1013 0.000180751 -0
1014 -8.15562e-05 0
1015 0.000218214 -0
1016 -6.14695e-05 0
1017 -0.000121199 0
1018 6.68046e-05 0
1019 -2.02808e-05 0
1020 3.53762e-05 -0
1021 5.99631e-05 0
1022 -2.31891e-05 0
1023 1.89896e-05 -0
1024 -6.21669e-06 0
1025 4.04221e-05 -0
1026 -4.40611e-05 0
1027 1.2493e-05 -0
1028 -8.60005e-05 0
1029 2.93372e-05 0
1030 -1.3281e-05 0
1031 -8.79567e-05 0
1032 2.69641e-05 -0
1033 -7.01602e-06 0
1034 8.71628e-06 -0
1035 0.000178641 0
1036 -7.57294e-05 -0
1037 2.21835e-05 -0
1038 -1.71548e-05 -0
1039 -3.23206e-05 -0
1040 1.05906e-05 -0
1041 -1.7477e-05 0
1042 9.32144e-06 -0
1043 5.34174e-06 -0
1044 -2.70185e-06 -0
1045 2.19556e-05 0
1046 -6.44103e-06 -0
1047 4.48749e-06 -0
1048 -1.48822e-06 0
1049 -7.3016e-08 -0
1050 1.16328e-06 -0
1051 -6.55092e-07 0
1052 1.26144e-05 -0
1053 -3.70011e-06 0
1054 -5.50431e-06 0
1055 2.89739e-06 0
1056 -3.91449e-06 0
1057 1.2466e-06 -0
1058 -0.000172691 -0
1059 6.07709e-05 -0
1060 -3.65568e-05 0
1061 9.88686e-06 -0
1062 -2.56149e-05 -0
1063 3.13719e-05 -0
1064 -1.29491e-05 -0
1065 -0.000100203 -0
1066 2.74782e-05 -0
1067 -1.41543e-05 0
1068 7.68442e-05 -0
1069 -2.49963e-05 0
1070 -0.000118221 -0
1071 3.39816e-05 0
1072 -2.54426e-05 0
1073 4.16271e-05 0
1074 -1.1043e-05 -0
1075 3.9291e-06 0
1076 5.35899e-05 0
1077 -3.40176e-05 0
1078 1.05543e-05 0
1079 4.15075e-05 0
1080 -2.0003e-05 0
1081 5.57964e-06 0
1082 -5.96865e-06 -0
1083 2.46698e-05 -0
1084 -7.36672e-06 0
1085 4.01774e-06 -0
1086 2.63748e-05 -0
1087 -7.07335e-06 0
1088 1.03037e-05 -0
1089 -3.81634e-06 0
1090 -5.16955e-07 -0
1091 6.24529e-07 -0
1092 -1.15816e-06 0
1093 3.92672e-07 -0
1094 -2.28433e-06 0
1095 8.10635e-07 -0
1096 2.18868e-07 -0
1097 -1.69576e-07 -0
1098 4.57791e-07 -0
1099 -1.55137e-07 0
1100 9.39566e-06 -0
1101 -3.58903e-06 0
1102 7.99258e-06 0
1103 -2.0628e-06 0
1104 -1.08728e-05 0
1105 5.57475e-06 0
1106 -1.65182e-06 -0
1107 1.72764e-06 -0
1108 -7.5408e-07 0
1109 -0.000656729 0
1110 0.000192116 -0
1111 -0.000162843 -0
1112 -0.000653685 0
1113 0.000178958 -0
1114 -6.36354e-05 0
1115 4.44904e-05 0
1116 -0.000317065 -0
1117 0.000102213 0
1118 -0.00015137 -0
1119 4.21498e-05 0
1120 0.000280788 0
1121 -0.000109816 -0
1122 6.53238e-05 -0
1123 0.000216324 0
1124 -6.15082e-05 -0
1125 0.000180463 -0
1126 -8.77825e-05 -0
1127 7.96676e-05 -0
1128 -2.36685e-05 -0
1129 -0.000319156 -0
1130 8.66676e-05 -0
1131 -3.74609e-05 -0
1132 6.90294e-05 0
1133 -2.51618e-05 0
1134 -0.000112655 0
1135 7.33771e-05 -0
1136 -2.31065e-05 0
1137 0.000117601 -0
1138 -3.23269e-05 -0
1139 3.51825e-05 -0
1140 0.000112859 0
1141 -5.79615e-05 -0
1142 2.02078e-05 -0
1143 -5.84225e-06 -0
1144 5.73695e-06 0
1145 1.68673e-05 -0
1146 -1.05381e-05 0
1147 3.41731e-06 0
1148 -1.00592e-05 0
1149 4.0683e-06 0
1150 -8.36325e-07 -0
1151 -1.66573e-06 -0
1152 6.07799e-07 0
1153 -1.38716e-05 -0
1154 4.89023e-06 -0
1155 -2.40649e-06 -0
1156 -4.67258e-05 -0
1157 1.49648e-05 0
1158 -1.71644e-05 -0
1159 7.43967e-06 0
1160 1.56301e-05 0
1161 -4.51854e-06 -0
1162 2.01327e-05 0
1163 -6.09111e-06 -0
1164 5.51207e-06 0
1165 -1.94969e-06 -0
1166 2.74359e-06 0
1167 -8.42954e-07 0
1168 1.25893e-07 0
1169 4.68793e-06 -0
1170 -1.56772e-06 0
1171 1.26293e-06 0
1172 -4.40968e-07 0
1173 8.80802e-08 -0
1174 1.65254e-06 -0
1175 -5.73728e-07 -0
1176 9.23459e-07 -0
1177 9.14601e-07 0
1178 -5.36122e-07 -0
1179 1.86554e-07 0
1180 -7.74446e-05 -0
1181 2.12055e-05 -0
1182 -1.91344e-05 0
1183 7.76495e-06 0
1184 3.96061e-05 0
1185 -2.78499e-05 0
1186 8.7623e-06 0
1187 -8.35361e-05 -0
1188 2.32914e-05 -0
1189 -3.63628e-05 0
1190 1.74562e-05 -0
1191 6.37807e-05 -0
1192 -2.26777e-05 -0
1193 1.28172e-05 0
1194 -3.67953e-06 -0
1195 1.24602e-05 -0
1196 3.81461e-05 -0
1197 -1.28313e-05 0
1198 1.23562e-05 0
1199 -3.38631e-06 -0
1200 -3.07318e-05 -0
1201 1.33706e-05 0
1202 -1.00057e-05 0
1203 3.00686e-06 -0
1204 -7.17411e-06 0
1205 -2.74465e-05 -0
1206 1.03962e-05 0
1207 -2.96955e-06 -0
1208 3.52775e-06 0
1209 -1.90894e-06 0
1210 8.76897e-05 -0
1211 -2.86626e-05 0
1212 -9.73187e-05 -0
1213 2.65927e-05 -0
1214 -1.62705e-05 -0
1215 2.41632e-05 0
1216 -7.35101e-06 0
1217 -4.58411e-05 -0
1218 2.02003e-05 0
1219 -5.36435e-05 0
1220 1.48399e-05 0
1221 -1.20847e-05 -0
1222 4.18675e-06 -0
1223 1.24225e-05 -0
1224 -4.73274e-06 0
1225 3.43019e-05 -0
1226 -9.92136e-06 0
1227 4.56963e-06 0
1228 5.24559e-06 -0
1229 -1.19681e-05 0
1230 3.61656e-06 -0
1231 -2.99682e-06 0
1232 1.05422e-06 -0
1233 2.71919e-08 -0
1234 -3.98248e-06 -0
1235 1.89674e-06 0
1236 -6.16777e-07 0
1237 3.67188e-07 0
1238 -4.20101e-06 0
1239 1.20239e-06 0
1240 2.42293e-06 -0
1241 -2.41013e-06 -0
1242 9.26516e-07 -0
1243 -5.72017e-06 -0
1244 1.58079e-06 0
1245 -7.65296e-07 -0
1246 5.30739e-07 -0
1247 -1.18346e-07 0
1248 -7.00331e-07 0
1249 3.48863e-07 0
1250 -4.02843e-07 0
1251 7.6394e-08 0
1252 4.68023e-08 0
1253 -2.98385e-08 -0
1254 5.43248e-06 0
1255 -4.05298e-06 -0
1256 1.26851e-06 -0
1257 3.73783e-06 0
1258 -1.83713e-06 0
1259 5.13591e-07 0
1260 -9.94282e-07 -0
1261 3.95104e-07 -0
1262 -6.4439e-07 0
1263 1.50574e-07 0
1264 -3.83963e-08 0
1265 -1.21549e-06 0
1266 5.14231e-07 0
1267 -1.30833e-07 -0
1268 3.58797e-08 -0
1269 1.76753e-09 0
1270 -1.41573e-06 0
1271 7.77292e-07 -0
1272 -2.32495e-07 -0
1273 1.9402e-07 0
1274 -4.92192e-08 0
1275 -2.30146e-05 -0
1276 9.50756e-06 -0
1277 -1.72436e-05 0
1278 4.92717e-06 0
1279 1.9025e-05 0
1280 -1.00347e-05 -0
1281 4.22229e-05 0
1282 -1.38608e-05 -0
1283 1.29213e-05 -0
1284 -3.58104e-06 0
1285 -1.12098e-05 -0
1286 4.09341e-06 0
1287 -5.18297e-06 0
1288 1.55435e-06 -0
1289 -3.23177e-05 -0
1290 1.78927e-05 0
1291 -4.88279e-06 -0
1292 -3.23981e-05 0
1293 1.4369e-05 -0
1294 -9.84524e-06 -0
1295 3.06719e-06 -0
1296 -7.35131e-06 -0
1297 -2.65126e-05 -0
1298 1.04494e-05 0
1299 -2.84218e-06 0
1300 4.01871e-06 -0
1301 -1.17487e-06 0
1302 6.87382e-06 -0
1303 -4.33145e-06 0
1304 1.50169e-06 -0
1305 7.12993e-06 0
1306 -2.02313e-06 0
1307 1.75017e-06 -0
1308 1.10768e-05 0
1309 -6.02735e-06 -0
1310 2.08229e-06 -0
1311 3.98577e-06 0
1312 -1.17152e-06 0
1313 2.94795e-06 -0
1314 -1.33938e-06 0
1315 1.12134e-06 -0
1316 -3.53006e-07 -0
1317 6.30471e-06 -0
1318 -2.35237e-06 0
1319 -6.54823e-06 0
1320 1.82707e-06 0
1321 -2.02945e-06 0
1322 9.80406e-07 -0
1323 1.3353e-06 -0
1324 -4.5581e-07 0
1325 4.00786e-06 0
1326 -2.52312e-06 0
1327 8.34397e-07 0
1328 -1.19156e-06 -0
1329 3.35778e-07 -0
1330 5.45488e-07 0
1331 -2.57831e-07 0
1332 9.05191e-07 -0
1333 -3.26567e-07 0
1334 2.34377e-07 0
1335 2.99806e-07 0
1336 -9.6414e-08 0
1337 4.3058e-08 0
1338 -4.847e-07 0
1339 3.8709e-07 -0
1340 -1.18385e-07 0
1341 -1.08306e-07 -0
1342 7.87706e-08 0
1343 -2.45667e-07 -0
1344 7.35077e-08 0
1345 -9.97261e-09 0
1346 -4.74407e-09 -0
1347 2.29818e-08 0
1348 -1.46238e-08 0
1349 4.0611e-05 0
1350 -1.09938e-05 -0
1351 3.91444e-06 -0
1352 -2.50001e-05 0
1353 2.46637e-05 0
1354 -7.11567e-06 -0
1355 -2.44687e-05 -0
1356 1.31911e-05 -0
1357 -4.06351e-06 -0
1358 -4.51883e-05 -0
1359 1.89068e-05 -0
1360 -2.50207e-05 -0
1361 6.81445e-06 0
1362 -1.79983e-05 0
1363 1.39958e-05 0
1364 -4.19247e-06 -0
1365 -2.31779e-05 -0
1366 8.99194e-06 -0
1367 -5.20851e-06 0
1368 1.44772e-06 0
1369 4.76031e-06 0
1370 -1.6269e-06 -0
1371 3.52544e-06 -0
1372 -2.3529e-06 0
1373 6.71217e-07 -0
1374 -8.71751e-06 0
1375 4.17664e-06 -0
1376 -1.13268e-06 -0
1377 -4.67601e-06 -0
1378 5.27136e-06 -0
1379 -1.66445e-06 -0
1380 6.15321e-07 0
1381 1.5686e-05 0
1382 -2.51224e-05 0
1383 6.88437e-06 0
1384 -4.175e-06 -0
1385 1.43476e-05 -0
1386 -4.72763e-06 0
1387 -1.70997e-05 0
1388 7.45209e-06 0
1389 -6.89186e-06 -0
1390 2.04512e-06 0
1391 1.72406e-05 0
1392 -4.67028e-06 0
1393 2.40323e-06 0
1394 -1.2186e-05 -0
1395 4.87588e-06 0
1396 -3.91764e-06 0
1397 1.10109e-06 0
1398 3.6556e-06 0
1399 -1.28464e-06 -0
1400 2.19504e-06 -0
1401 -6.67408e-07 0
1402 -2.9731e-06 0
1403 2.19491e-06 0
1404 -6.06109e-07 -0
1405 1.75624e-05 0
1406 -7.91014e-06 -0
1407 1.84834e-05 0
1408 -5.30546e-06 -0
1409 1.98598e-06 -0
1410 1.28024e-05 0
1411 -1.33538e-05 -0
1412 4.3315e-06 0
1413 -2.29459e-06 0
1414 1.66287e-05 -0
1415 -4.51534e-06 -0
1416 2.9221e-06 -0
1417 1.04522e-05 0
1418 -3.254e-06 0
1419 4.05808e-06 0
1420 -1.67309e-06 0
1421 4.65529e-07 0
1422 8.59029e-06 0
1423 -1.67501e-05 0
1424 6.03274e-06 -0
1425 -3.36842e-06 -0
1426 9.83016e-07 -0
1427 3.77291e-06 -0
1428 -3.33412e-06 0
1429 9.0259e-07 0
1430 -3.30584e-06 0
1431 1.56847e-06 -0
1432 -5.29631e-07 0
1433 -2.59652e-06 0
1434 3.71758e-06 -0
1435 -1.05184e-06 0
1436 -3.53516e-06 -0
1437 1.08342e-06 -0
1438 -7.44121e-07 0
1439 2.92934e-07 0
1440 -8.46622e-07 0
1441 2.34126e-07 0
1442 2.46238e-06 0
1443 -2.36745e-06 0
1444 1.16412e-06 -0
1445 -3.7104e-07 0
1446 4.07351e-06 -0
1447 -1.10166e-06 -0
1448 6.80568e-07 0
1449 3.02428e-06 0
1450 -1.04364e-06 0
1451 1.15619e-06 0
1452 -3.40356e-07 -0
1453 1.46386e-07 -0
1454 -1.56842e-06 0
1455 1.20006e-06 -0
1456 -3.21894e-07 0
1457 -1.35509e-06 0
1458 5.04273e-07 -0
1459 -8.31677e-07 0
1460 2.35605e-07 0
1461 -6.98227e-07 0
1462 3.73099e-07 -0
1463 -1.16355e-07 0
1464 -1.70231e-06 0
1465 7.56449e-07 -0
1466 -2.009e-07 0
1467 2.63425e-07 -0
1468 1.28161e-06 0
1469 -3.78759e-07 -0
1470 2.66082e-07 -0
1471 -9.46625e-08 -0
1472 2.00108e-07 0
1473 -5.46173e-08 -0
1474 2.78223e-08 -0
1475 3.51888e-06 -0
1476 -1.42098e-06 0
1477 1.40739e-06 0
1478 -3.78595e-07 0
1479 -2.2973e-06 0
1480 7.17403e-07 0
1481 -3.04735e-06 -0
1482 1.51538e-06 -0
1483 5.51085e-06 -0
1484 -1.55776e-06 0
1485 1.94424e-06 0
1486 -6.82248e-07 -0
1487 5.66268e-07 -0
1488 -1.53586e-07 -0
1489 -6.48176e-07 0
1490 2.7068e-07 0
1491 -6.42881e-07 -0
1492 1.90073e-07 0
1493 -1.58944e-06 -0
1494 9.59437e-07 0
1495 -3.05955e-07 -0
1496 8.29701e-08 0
1497 -1.25433e-07 -0
1498 6.73332e-08 0
1499 6.20627e-07 0
1500 -2.32902e-07 -0
1501 6.20588e-08 0
1502 -2.18912e-07 0
1503 1.39046e-07 0
1504 8.07472e-07 -0
1505 -2.42102e-07 -0
1506 1.02961e-07 -0
1507 -1.07909e-07 -0
1508 2.97819e-08 0
1509 9.91523e-07 0
1510 -3.26579e-07 0
1511 2.94529e-07 0
1512 -1.48659e-07 0
1513 -5.66942e-07 0
1514 1.54343e-07 -0
1515 -3.08688e-07 0
1516 1.0561e-07 -0
1517 -3.35329e-07 -0
1518 9.22245e-08 0
1519 -6.86885e-08 -0
1520 -3.67807e-07 0
1521 1.3475e-07 -0
1522 -6.34961e-08 -0
1523 1.87527e-08 0
1524 -2.37248e-08 0
1525 -2.30774e-07 -0
1526 6.20132e-08 0
1527 -3.96691e-08 -0
1528 2.11858e-07 -0
1529 -6.63803e-08 0
1530 2.58399e-08 0
1531 1.15139e-07 0
1532 -3.29005e-08 0
1533 3.31084e-08 0
1534 -1.46257e-08 -0
1535 -7.56989e-07 0
1536 2.05741e-07 0
1537 -3.24627e-07 -0
1538 1.86238e-07 -0
1539 -6.5974e-08 -0
1540 1.9338e-07 -0
1541 -5.33415e-08 -0
1542 -2.68362e-07 -0
1543 8.11013e-08 -0
1544 -7.10276e-08 0
1545 3.00793e-08 0
1546 1.09404e-07 -0
1547 -2.94188e-08 0
1548 2.36326e-07 -0
1549 -1.20016e-07 0
1550 3.9792e-08 0
1551 -2.74026e-08 -0
1552 7.85774e-09 0
1553 1.0659e-07 0
1554 -1.46428e-07 0
1555 4.54071e-08 -0
1556 -8.49463e-08 0
1557 3.29308e-08 -0
1558 1.53953e-07 0
1559 -4.32962e-08 -0
1560 2.55501e-08 0
1561 -8.49646e-08 -0
1562 2.2734e-08 0
1563 -2.44609e-08 0
1564 8.65221e-09 -0
1565 2.3054e-06 -0
1566 -1.0879e-06 0
1567 3.06857e-07 -0
1568 1.48212e-06 -0
1569 -1.15083e-06 0
1570 3.68786e-07 -0
1571 1.29078e-06 0
1572 -3.50696e-07 -0
1573 3.466e-07 0
1574 -1.92292e-07 -0
1575 5.93854e-07 -0
1576 -1.71965e-07 -0
1577 6.73343e-08 -0
1578 6.92142e-07 -0
1579 -4.67137e-07 0
1580 1.29121e-07 0
1581 4.17717e-07 0
1582 -1.44055e-07 -0
1583 9.46932e-07 -0
1584 -4.73156e-07 -0
1585 1.47352e-07 0
1586 -2.75349e-07 0
1587 2.38642e-07 -0
1588 -7.13949e-08 0
1589 3.04267e-08 0
1590 2.13824e-07 0
1591 -5.87865e-08 0
1592 7.98186e-08 0
1593 -3.02113e-08 -0
1594 -1.19678e-07 0
1595 3.24848e-08 -0
1596 -8.06787e-08 -0
1597 3.64378e-08 0
1598 6.71366e-07 0
1599 -2.24253e-07 -0
1600 1.5963e-07 -0
1601 -4.49969e-08 -0
1602 -1.32402e-07 0
1603 1.40599e-07 0
1604 -4.20178e-08 -0
1605 4.46614e-07 -0
1606 -2.42536e-07 0
1607 8.68827e-08 0
1608 3.95034e-07 -0
1609 -1.14535e-07 -0
1610 9.49217e-08 -0
1611 -3.93972e-08 0
1612 1.53925e-07 0
1613 -4.2363e-08 -0
1614 6.92891e-08 -0
1615 -4.19891e-08 0
1616 -1.33205e-07 -0
1617 4.34767e-08 0
1618 -1.34715e-08 0
1619 2.64912e-07 -0
1620 -1.30759e-07 -0
1621 3.56406e-08 -0
1622 -4.52557e-08 -0
1623 -1.92028e-07 0
1624 7.12067e-08 -0
1625 -4.6282e-08 0
1626 1.30428e-08 -0
1627 1.43074e-07 0
1628 -3.01064e-07 -0
1629 1.33111e-07 0
1630 -4.50882e-08 -0
1631 -1.5288e-07 -0
1632 4.26302e-08 0
1633 -4.8216e-08 -0
1634 2.87003e-07 -0
1635 -8.70785e-08 0
1636 4.49877e-08 -0
1637 -3.81339e-08 0
1638 1.03854e-08 -0
1639 5.69964e-08 -0
1640 -2.22442e-08 0
1641 6.35175e-08 -0
1642 -1.85848e-08 0
1643 1.08113e-08 -0
1644 3.29542e-08 -0
1645 -1.05319e-08 0
1646 9.9955e-09 -0
1647 -7.109e-07 -0
1648 2.01039e-07 -0
1649 -8.34646e-08 -0
1650 1.17668e-07 0
1651 4.68364e-07 0
1652 -1.27495e-07 -0
1653 9.66763e-08 -0
1654 -3.38234e-08 0
1655 7.60681e-08 0
1656 -3.4962e-08 0
1657 -3.25623e-07 0
1658 8.95426e-08 -0
1659 -5.51752e-08 0
1660 1.80928e-08 0
1661 6.16256e-08 -0
1662 -3.01651e-07 -0
1663 8.83264e-08 -0
1664 -3.28377e-08 0
1665 3.75106e-08 0
1666 -2.66545e-08 -0
1667 8.15799e-09 -0
1668 3.8681e-08 0
1669 -1.84804e-08 -0
1670 1.84962e-07 -0
1671 -5.00146e-08 0
1672 8.51989e-08 -0
1673 -2.43076e-08 0
1674 9.74612e-09 -0
1675 1.85873e-07 -0
1676 -1.03541e-07 0
1677 -3.60706e-07 -0
1678 1.2357e-07 -0
1679 -3.43302e-08 -0
1680 3.43705e-08 -0
1681 -1.16272e-07 0
1682 3.62244e-08 0
1683 -1.6045e-08 0
1684 -8.92257e-08 -0
1685 2.42508e-08 0
1686 -1.65669e-08 0
1687 2.4801e-08 0
1688 -8.91371e-09 0
1689 1.89482e-07 -0
1690 -5.61448e-08 0
1691 -1.94084e-07 0
1692 1.00969e-07 0
1693 -9.11189e-08 0
1694 2.57928e-08 -0
1695 -7.19709e-08 -0
1696 2.73144e-08 0
1697 -7.4372e-09 -0
1698 -3.29762e-08 -0
1699 2.5916e-08 0
1700 -8.59547e-09 0
1701 5.4691e-08 0
1702 -2.28585e-08 -0
1703 2.73808e-08 0
1704 -7.53096e-09 0
1705 -5.86915e-08 -0
1706 3.6566e-08 -0
1707 -1.1711e-08 0
1708 -4.40998e-08 0
1709 1.26859e-08 -0
1710 -2.55807e-08 -0
1711 1.18915e-08 0
1712 -3.21608e-09 0
1713 -1.50948e-07 -0
1714 1.62934e-07 0
1715 -6.4183e-08 0
1716 1.95414e-08 -0
1717 6.24068e-08 0
1718 -3.40812e-08 0
1719 1.46117e-07 -0
1720 -5.16699e-08 0
1721 1.44864e-08 -0
1722 -1.06978e-08 0
1723 -9.36371e-08 -0
1724 4.76476e-08 -0
1725 -9.09904e-08 -0
1726 2.50489e-08 -0
1727 -7.87336e-09 0
1728 -2.98475e-08 -0
1729 2.62066e-08 -0
1730 -1.13893e-08 -0
1731 1.58481e-07 -0
1732 -4.75461e-08 0
1733 6.27564e-08 -0
1734 -1.70967e-08 -0
1735 1.00573e-08 0
1736 4.724e-08 0
1737 -1.60487e-08 0
1738 4.18049e-08 -0
1739 -1.52715e-08 -0
1740 1.0167e-08 -0
1741 -2.87657e-09 0
1742 -9.37045e-09 0
1743 4.27446e-09 -0
1744 -6.95797e-09 0
1745 1.88894e-09 -0
1746 2.03404e-08 0
1747 -6.64545e-09 0
1748 6.36817e-09 -0
1749 -1.88093e-09 -0
1750 1.17227e-08 0
1751 -4.78179e-09 0
1752 -1.65322e-08 -0
1753 4.59507e-09 -0
1754 -2.62334e-09 0
1755 -1.48408e-08 0
1756 2.11083e-08 -0
1757 -6.70454e-09 0
1758 3.27563e-09 0
1759 -1.2876e-08 -0
1760 3.70273e-09 -0
1761 -3.07529e-09 0
1762 1.169e-09 0
1763 2.15096e-08 -0
1764 -5.86621e-09 -0
1765 1.45487e-08 -0
1766 -9.56564e-09 0
1767 -3.03585e-08 0
1768 1.06367e-08 -0
1769 -2.93436e-09 0
1770 3.15033e-09 -0
1771 -9.8025e-10 -0
1772 -3.78182e-09 -0
1773 1.52706e-09 0
1774 -1.69067e-08 0
1775 4.96508e-09 -0
1776 -3.79616e-09 -0
1777 2.02968e-09 0
1778 1.33032e-08 0
1779 -3.733e-09 -0
1780 4.57309e-09 -0
1781 -1.66828e-09 -0
1782 -5.02139e-09 -0
1783 2.16434e-09 0
1784 -7.18702e-09 -0
1785 1.97368e-09 -0
1786 -6.59215e-10 -0
1787 2.77345e-08 0
1788 -1.68142e-08 0
1789 2.9904e-08 0
1790 -9.02246e-09 -0
1791 -4.45756e-08 0
1792 2.11884e-08 -0
1793 -6.04216e-09 -0
1794 4.25225e-09 -0
1795 1.54381e-08 0
1796 -4.19861e-09 -0
1797 4.10124e-09 -0
1798 -1.58018e-09 0
1799 7.26219e-09 0
1800 -2.35242e-09 -0
1801 3.65919e-09 -0
1802 -1.06193e-09 -0
1803 -3.52497e-09 0
1804 1.79934e-09 -0
1805 -7.4503e-10 0
1806 -3.59281e-09 0
1807 1.04412e-09 0
1808 -1.07416e-09 0
1809 3.86325e-10 0
1810 -9.82832e-10 -0
1811 -2.06876e-09 -0
1812 6.75042e-10 0
1813 -4.37997e-10 -0
1814 1.29819e-10 0
1815 -6.03117e-10 -0
1816 2.29783e-10 0
1817 -1.48028e-10 -0
1818 3.18515e-11 -0
1819 1.43939e-09 0
1820 -5.40917e-10 0
1821 4.84195e-10 -0
1822 7.57667e-10 -0
1823 -2.54503e-10 -0
1824 1.47594e-09 0
1825 -1.05346e-09 -0
1826 3.53215e-10 -0
1827 5.49956e-10 -0
1828 -1.62799e-10 -0
1829 9.39223e-11 -0
1830 -1.30906e-10 0
1831 5.6027e-11 -0
1832 -4.82328e-09 0
1833 1.34787e-09 0
1834 -3.13479e-09 -0
1835 1.06247e-09 -0
1836 3.35102e-09 0
1837 -1.87621e-09 -0
1838 5.46409e-10 -0
1839 -4.04544e-10 -0
1840 -2.34533e-09 0
1841 9.07517e-10 0
1842 -1.53115e-09 -0
1843 4.29787e-10 0
1844 1.13318e-09 -0
1845 -5.33523e-10 0
1846 1.73425e-10 -0
1847 -9.69277e-10 -0
1848 8.78962e-10 -0
1849 -2.52362e-10 -0
1850 -7.29393e-10 0
1851 3.69544e-10 0
1852 -5.18243e-10 0
1853 1.6144e-10 -0
1854 2.8397e-10 0
1855 -1.08254e-10 -0
1856 8.50444e-11 0
1857 -2.43338e-11 -0
1858 2.9299e-10 0
1859 -1.18055e-10 0
1860 2.28262e-10 0
1861 -7.64158e-11 -0
1862 -2.08575e-10 0
1863 1.13688e-10 -0
1864 -3.25981e-11 -0
1865 7.6477e-10 0
1866 -7.32074e-10 -0
1867 2.17542e-10 -0
1868 1.24833e-09 0
1869 -5.44635e-10 -0
1870 1.51157e-10 -0
1871 -4.44889e-10 -0
1872 2.74317e-10 -0
1873 7.59794e-10 -0
1874 -2.44806e-10 -0
1875 1.99273e-10 -0
1876 -7.48889e-11 0
1877 1.11135e-10 0
1878 -3.23094e-11 -0
1879 3.57231e-09 0
1880 -1.72715e-09 0
1881 4.75708e-10 0
1882 1.91752e-09 -0
1883 -6.49254e-09 -0
1884 1.97085e-09 -0
1885 -1.11244e-09 0
1886 1.12682e-09 -0
1887 -3.89249e-10 -0
1888 -2.15743e-09 -0
1889 5.85771e-10 -0
1890 -2.40233e-10 0
1891 -7.7873e-10 -0
1892 4.88344e-10 0
1893 -9.54745e-10 -0
1894 2.70752e-10 0
1895 4.24405e-09 -0
1896 -1.40968e-09 0
1897 6.46734e-10 -0
1898 -7.50955e-10 -0
1899 2.06144e-10 -0
1900 -1.0521e-09 0
1901 3.9763e-10 0
1902 -3.0006e-10 0
1903 -1.20471e-09 -0
1904 3.53441e-10 0
1905 -8.53585e-10 0
1906 2.75504e-10 0
1907 -1.50141e-10 -0
1908 -9.42575e-10 -0
1909 2.60466e-10 0
1910 -2.38207e-10 -0
1911 -7.11568e-10 -0
1912 2.21195e-10 -0
1913 -9.71647e-11 0
1914 1.89745e-09 0
1915 -6.74241e-10 0
1916 8.50583e-10 -0
1917 -2.37485e-10 -0
1918 1.66044e-10 0
1919 5.74661e-10 0
1920 -1.70549e-10 0
1921 1.19852e-09 0
1922 -5.92857e-10 -0
1923 1.61529e-10 -0
1924 -2.74326e-10 -0
1925 9.30723e-11 0
1926 1.01558e-09 -0
1927 -4.27953e-10 -0
1928 2.83636e-10 0
1929 -8.01204e-11 -0
1930 2.51783e-10 -0
1931 8.11485e-10 -0
1932 -3.12953e-10 -0
1933 3.06129e-10 0
1934 -9.23996e-11 -0
1935 -4.62207e-10 -0
1936 2.45753e-10 0
1937 -7.08774e-11 -0
1938 1.01463e-10 0
1939 -4.30937e-10 -0
1940 1.18382e-10 0
1941 -7.31042e-11 -0
1942 -2.75119e-10 0
1943 8.74827e-11 -0
1944 -3.56688e-11 -0
1945 3.08698e-11 0
1946 -1.35625e-09 0
1947 3.6584e-10 -0
1948 -1.31048e-10 0
1949 -4.62733e-10 -0
1950 2.10991e-10 -0
1951 -4.44936e-10 -0
1952 1.28039e-10 -0
1953 -1.32533e-10 0
1954 3.64099e-11 -0
1955 1.99996e-10 -0
1956 -1.54485e-10 -0
1957 4.98901e-11 -0
1958 -3.39924e-10 0
1959 1.86218e-10 -0
1960 -5.65028e-11 -0
1961 8.20871e-11 -0
1962 -2.99344e-11 0
1963 -2.45136e-10 0
1964 6.62268e-11 0
1965 -1.63941e-10 0
1966 7.21495e-11 0
1967 2.53989e-10 0
1968 -7.17681e-11 -0
1969 5.06351e-11 -0
1970 -1.73713e-11 -0
1971 -8.47295e-10 0
1972 4.25725e-10 -0
1973 -5.5128e-10 0
1974 1.49346e-10 0
1975 5.78362e-10 -0
1976 -1.80959e-10 -0
1977 1.06846e-10 -0
1978 -5.43828e-10 -0
1979 2.107e-10 -0
1980 -5.86375e-11 0
1981 1.06619e-10 0
1982 1.10809e-09 -0
1983 -3.69976e-10 0
1984 2.99337e-10 0
1985 -8.77193e-11 0
1986 -3.05042e-10 -0
1987 1.44538e-10 0
1988 -1.49473e-10 -0
1989 4.11514e-11 -0
1990 -8.58691e-10 -0
1991 3.66241e-10 -0
1992 -2.29804e-10 0
1993 6.92574e-11 -0
1994 3.40077e-10 0
1995 -1.15301e-09 0
1996 4.09978e-10 -0
1997 -1.15317e-10 0
1998 1.36307e-10 0
1999 -5.58354e-11 0
2000 -2.09854e-10 -0
2001 5.70403e-11 0
2002 -3.7774e-11 0
2003 -7.54373e-10 -0
2004 2.41161e-10 0
2005 -4.88715e-10 0
2006 2.61334e-10 -0
2007 -7.58723e-11 -0
2008 -4.59481e-10 -0
2009 1.73518e-10 0
2010 -1.62483e-10 -0
2011 4.40579e-11 0
2012 1.43038e-10 -0
2013 -2.28422e-10 -0
2014 7.71139e-11 0
2015 -7.62727e-10 0
2016 2.10942e-10 -0
2017 -1.02228e-10 -0
2018 7.78798e-11 0
2019 -2.31502e-11 -0
2020 7.32895e-11 0
2021 -2.91111e-11 0
2022 -1.3276e-10 0
2023 7.59836e-11 0
2024 -2.35144e-11 -0
2025 -1.97263e-10 0
2026 5.38649e-11 -0
2027 -5.9642e-11 -0
2028 2.60583e-11 0
2029 8.80785e-11 -0
2030 -2.51204e-11 -0
2031 6.06842e-11 -0
2032 -2.12922e-11 0
2033 1.82853e-11 -0
2034 -3.81686e-10 0
2035 1.05995e-10 0
2036 -5.36446e-11 0
2037 7.40195e-11 0
2038 -2.42028e-11 -0
2039 -1.00621e-10 -0
2040 2.71296e-11 0
2041 -1.81209e-11 0
2042 8.43594e-11 -0
2043 -2.54201e-11 0
2044 1.14349e-11 0
2045 2.4677e-10 0
2046 -9.13335e-11 0
2047 1.54413e-10 0
