0 0 0
1 -0 -0
2 -0 0
3 0 -0
4 -0 0
5 3.77796e-104 -0
6 -1.10515e-104 0
7 4.82654e-105 0
8 -4.66285e-105 0
9 -2.24766e-104 -0
10 6.27166e-105 0
11 -2.37804e-105 -0
12 9.39146e-105 0
13 -6.87222e-105 0
14 2.12879e-105 0
15 7.58962e-105 -0
16 -3.79329e-105 0
17 1.04064e-105 0
18 -1.37699e-105 -0
19 7.13065e-16 -0
20 -2.43568e-16 -0
21 6.74914e-17 0
22 -1.39094e-16 -0
23 7.15729e-17 0
24 -5.5093e-17 -0
25 1.70653e-17 -0
26 8.46519e-17 0
27 -3.29984e-17 -0
28 1.5032e-16 -0
29 -3.98525e-17 0
30 4.0313e-17 0
31 -1.17308e-17 -0
32 -2.08131e-16 -0
33 9.23349e-17 -0
34 -5.69476e-17 -0
35 1.53082e-17 0
36 1.05812e-16 0
37 -1.43987e-16 0
38 5.06902e-17 -0
39 -1.7789e-16 -0
40 4.98513e-17 -0
41 -1.6491e-17 -0
42 -1.99702e-10 0
43 1.49834e-10 -0
44 -6.17148e-11 0
45 -2.33499e-10 -0
46 6.48366e-11 0
47 -1.28862e-10 0
48 6.54387e-11 -0
49 -1.96463e-11 -0
50 1.94479e-11 0
51 -5.21884e-12 0
52 4.90597e-11 -0
53 -1.88347e-11 0
54 -7.78799e-11 0
55 4.71939e-11 -0
56 -1.51346e-11 -0
57 4.11855e-11 -0
58 -1.11808e-11 -0
59 1.4959e-11 0
60 -7.00971e-12 -0
61 -3.97035e-11 0
62 1.15816e-11 0
63 -9.89931e-12 0
64 3.06815e-12 0
65 3.74652e-11 -0
66 -2.07123e-11 -0
67 5.58311e-12 0
68 -8.92187e-12 0
69 3.2564e-12 0
70 1.21697e-11 0
71 -5.34404e-12 0
72 1.4929e-12 0
73 -7.53584e-12 0
74 5.0572e-12 -0
75 -1.72888e-12 -0
76 -1.29695e-11 0
77 1.48161e-11 0
78 -4.05793e-12 0
79 1.56802e-10 0
80 -6.13119e-11 0
81 1.82609e-11 -0
82 8.49947e-11 -0
83 -6.58807e-11 0
84 1.76665e-11 0
85 -3.79135e-11 0
86 1.23004e-11 0
87 -6.11915e-12 -0
88 2.2574e-11 0
89 -6.46107e-12 -0
90 4.01405e-12 0
91 1.61144e-11 0
92 -6.75256e-12 -0
93 6.44322e-12 0
94 -1.78042e-12 -0
95 0.382676 -0
96 -0.133761 -0
97 0.830835 0
98 -0.253213 -0
99 0.134984 -0
100 -0.181649 0
101 0.0484298 0
102 0.208492 0
103 -0.077933 -0
104 0.0553713 -0
105 -0.13045 0
106 0.0365976 0
107 0.230011 0
108 -0.0757338 -0
109 0.033435 -0
110 -0.0383606 0
111 0.01028 -0
112 -0.0971466 0
113 0.0564016 0
114 -0.0164151 0
115 -0.240617 -0
116 0.207347 0
117 -0.0652602 0
118 0.114609 0
119 -0.0458659 0
120 -0.221761 0
121 0.0598782 0
122 -0.0281988 -0
123 0.0779804 -0
124 -0.0224155 0
125 0.0144398 0
126 0.0600016 0
127 -0.0204914 -0
128 0.0205426 -0
129 -0.00548856 0
130 -0.0471435 0
131 0.0141442 -0
132 -0.00722725 -0
133 0.0106396 0
134 -0.00294009 -0
135 0.193153 0
136 -0.0703783 -0
137 0.0568038 -0
138 -0.203035 -0
139 0.0867559 -0
140 -0.0230748 0
141 -0.129839 -0
142 0.040198 -0
143 -0.0223468 0
144 0.124922 -0
145 -0.0340079 -0
146 0.0420574 -0
147 -0.016111 0
148 -0.424251 0
149 0.286267 0
150 -0.093625 0
151 -0.409555 -0
152 0.113908 -0
153 -0.0518762 -0
154 0.100928 -0
155 -0.0271319 -0
156 0.0289751 0
157 0.211085 0
158 -0.0743389 -0
159 0.0218667 0
160 -0.232165 -0
161 0.167692 -0
162 -0.0676579 -0
163 0.0192634 -0
164 0.0998496 0
165 -0.158963 -0
166 0.0507849 0
167 -0.0267515 -0
168 0.00712578 -0
169 -0.0187825 -0
170 -0.0793259 0
171 0.0696305 -0
172 -0.0233821 -0
173 0.00639537 -0
174 -0.00376053 0
175 -0.0409543 0
176 0.0194731 -0
177 -0.0803157 0
178 0.024366 0
179 -0.00903787 -0
180 0.207145 0
181 -0.056135 0
182 0.0550248 0
183 -0.0229829 0
184 -0.106535 0
185 0.029962 0
186 -0.0230894 0
187 0.0519001 -0
188 -0.0154996 0
189 0.00982959 -0
190 0.789191 0
191 -0.210058 0
192 0.075198 0
193 -0.10333 -0
194 0.0511927 0
195 0.312805 -0
196 -0.0901911 -0
197 0.610685 0
198 -0.238375 0
199 0.0638097 -0
200 -0.0746219 -0
201 -0.319502 -0
202 0.100975 0
203 -0.0555682 -0
204 0.174788 -0
205 -0.0480349 0
206 0.0394243 0
207 -0.0172505 -0
208 0.0311685 0
209 -0.0103268 0
210 -0.0783252 -0
211 0.0219076 0
212 -0.0146081 0
213 0.213963 0
214 -0.0741924 -0
215 0.0200031 0
216 0.0833585 0
217 -0.0761435 -0
218 0.0234812 0
219 -0.0106135 -0
220 0.0502221 -0
221 -0.0133927 0
222 0.0227182 0
223 -0.00855882 0
224 -0.040981 0
225 0.011962 -0
226 -0.00721761 0
227 -0.120011 -0
228 0.0607269 -0
229 -0.0659811 -0
230 0.0186731 0
231 -0.00603519 -0
232 0.0146846 0
233 -0.00602711 0
234 -0.0331021 -0
235 0.00889076 -0
236 -0.00663003 -0
237 0.0547825 0
238 -0.0162406 -0
239 0.0205141 -0
240 -0.00956482 0
241 0.00254407 0
242 0.025928 0
243 -0.00881479 0
244 0.00616615 0
245 0.0276384 0
246 -0.00767184 0
247 0.0160342 -0
248 -0.00635958 0
249 0.00357858 -0
250 -0.00111278 -0
251 -0.0355193 -0
252 0.0362056 -0
253 -0.00982646 -0
254 0.028324 0
255 -0.0101854 -0
256 -0.0425447 0
257 0.0121921 0
258 -0.0103348 0
259 0.00501627 0
260 -0.00134076 0
261 0.00193359 -0
262 0.0126547 0
263 -0.00544485 0
264 0.00166535 -0
265 -0.00662387 0
266 0.00409702 0
267 -0.00111937 0
268 0.0481591 -0
269 -0.0168845 0
270 -0.0840126 0
271 0.0451788 0
272 -0.0131017 0
273 0.0203886 -0
274 -0.019245 -0
275 0.00512136 0
276 -0.00195252 0
277 0.0113572 -0
278 -0.00372439 0
279 -0.0507542 0
280 0.0403093 -0
281 -0.0111158 0
282 0.00494139 0
283 0.0210252 0
284 -0.00632702 0
285 0.00830491 -0
286 -0.00540116 0
287 0.00145917 -0
288 -0.00500818 -0
289 0.00183298 -0
290 0.0106395 -0
291 -0.00548565 0
292 0.00171894 -0
293 -0.0270625 0
294 0.00725232 -0
295 -0.00814884 -0
296 0.00345387 0
297 0.0291027 -0
298 -0.0081949 -0
299 0.0150615 -0
300 -0.00864627 0
301 0.00289188 0
302 0.012815 0
303 -0.00341948 0
304 0.00233383 0
305 -0.0201079 -0
306 0.00780642 -0
307 -0.00229056 0
308 0.00523949 0
309 -0.00167775 0
310 -0.282138 -0
311 0.250212 0
312 -0.0686779 -0
313 0.0315297 -0
314 0.165693 -0
315 -0.0568479 -0
316 0.0691089 0
317 -0.0183868 0
318 0.0904098 0
319 -0.0658528 0
320 0.0187834 -0
321 -0.00761226 -0
322 -0.0348522 0
323 0.0565951 -0
324 -0.0157659 0
325 0.00793279 0
326 0.171987 -0
327 -0.0612991 -0
328 0.0644684 0
329 -0.0173497 -0
330 0.0532639 0
331 -0.0319292 -0
332 0.00955818 -0
333 0.0668935 -0
334 -0.0250982 0
335 -0.105329 -0
336 0.0333805 0
337 -0.0255338 0
338 0.00694622 0
339 -0.013793 0
340 0.00659293 -0
341 -0.180642 0
342 0.0481326 0
343 -0.0200177 -0
344 0.0299461 0
345 -0.00910421 0
346 -0.0831635 -0
347 0.045503 -0
348 -0.013098 -0
349 0.0127232 -0
350 0.0547578 -0
351 -0.0184622 0
352 0.0497517 -0
353 -0.0137654 0
354 0.00879441 -0
355 -0.0680266 0
356 0.0270889 -0
357 -0.00724765 0
358 0.00589983 -0
359 0.0300706 0
360 -0.00979928 -0
361 0.00513383 -0
362 -0.0189993 -0
363 0.005621 -0
364 0.0652901 -0
365 -0.0176801 -0
366 0.00770224 -0
367 -0.00910037 0
368 0.00330202 0
369 0.0137461 -0
370 -0.00389584 0
371 0.00274573 -0
372 -0.00584515 0
373 0.00155468 0
374 -0.0177327 0
375 0.0103552 -0
376 -0.00360261 0
377 0.00326101 0
378 -0.00100758 0
379 -0.00627386 0
380 0.00293877 0
381 -0.000823034 0
382 0.00373924 -0
383 -0.00519382 -0
384 0.00199885 0
385 0.10762 0
386 -0.0293372 0
387 -0.138799 -0
388 0.0458594 0
389 -0.0281927 0
390 0.00821702 -0
391 -0.0141865 -0
392 0.00692346 -0
393 -0.00184606 -0
394 -0.209262 0
395 0.181305 0
396 -0.0674105 -0
397 0.180965 -0
398 -0.0568896 0
399 -0.230531 -0
400 0.0622265 0
401 -0.0639384 0
402 0.0287663 -0
403 -0.168792 -0
404 0.0466427 -0
405 -0.0312343 0
406 -0.162506 0
407 0.0492554 -0
408 -0.0204339 -0
409 0.0271551 -0
410 -0.015329 0
411 -0.172432 0
412 0.0461087 -0
413 -0.0149507 -0
414 0.0113866 -0
415 -0.0390817 0
416 0.0113443 0
417 0.0473287 0
418 -0.0168408 -0
419 0.0191675 0
420 -0.0051959 0
421 0.00269145 -0
422 0.0175337 -0
423 -0.00692607 0
424 0.0137237 -0
425 -0.0038749 0
426 0.0664453 0
427 -0.0204665 -0
428 0.0161369 0
429 0.0630366 0
430 -0.0266634 -0
431 0.00717236 -0
432 -0.0517254 -0
433 0.017967 0
434 -0.0170825 -0
435 0.00922277 -0
436 -0.00263365 0
437 -0.022356 0
438 0.0353888 0
439 -0.00973364 -0
440 0.00448395 -0
441 0.0202903 -0
442 -0.00678309 -0
443 0.00465977 -0
444 -0.0116095 -0
445 0.00346582 -0
446 -0.00092708 -0
447 -0.0148791 0
448 0.00567036 0
449 -0.00726873 -0
450 0.00463546 0
451 -0.0214311 -0
452 0.00686891 -0
453 -0.00191848 -0
454 -0.00755342 0
455 0.00376084 -0
456 -0.00316492 0
457 0.000849497 -0
458 -0.0258104 0
459 0.0104351 0
460 0.0608874 0
461 -0.0178944 0
462 0.0327872 0
463 -0.0189108 -0
464 0.00650638 -0
465 -0.00712845 -0
466 0.00193581 0
467 0.0094696 0
468 -0.00419235 0
469 0.0124026 0
470 -0.0035657 -0
471 0.00258354 0
472 -0.000805798 0
473 0.00937737 -0
474 -0.00350965 -0
475 0.00510879 -0
476 -0.00137576 0
477 -0.00598963 0
478 0.00285411 -0
479 -0.000800524 0
480 -0.0108985 -0
481 0.00962067 -0
482 -0.00313528 -0
483 0.0071856 0
484 -0.00429387 0
485 0.00114728 -0
486 0.00815029 0
487 -0.00349717 0
488 0.00106448 0
489 0.00412629 -0
490 -0.00416302 0
491 0.00151675 0
492 -0.000413877 -0
493 0.00330865 -0
494 -0.00176818 0
495 0.0065852 -0
496 -0.00195001 0
497 0.00229837 -0
498 -0.000913706 -0
499 0.218764 -0
500 -0.061819 0
501 0.0457432 0
502 0.203328 -0
503 -0.0686994 -0
504 0.0183689 -0
505 -0.0307562 -0
506 0.0153194 0
507 0.0916282 0
508 -0.0288958 0
509 0.0187186 -0
510 -0.0051682 -0
511 0.0106266 -0
512 -0.00434419 0
513 -0.0482209 0
514 0.0129858 0
515 -0.0104045 -0
516 0.00368764 -0
517 -0.0193911 0
518 0.00561912 0
519 -0.00748389 0
520 0.00337168 -0
521 0.0141519 -0
522 -0.00386472 -0
523 0.00213887 -0
524 -0.0728946 0
525 0.0217128 0
526 -0.0206233 -0
527 0.0597977 -0
528 -0.0159325 0
529 0.00583774 -0
530 0.0305598 -0
531 -0.0189631 -0
532 0.00624478 0
533 0.0440193 -0
534 -0.0212188 -0
535 0.00652348 -0
536 -0.00962696 -0
537 0.00266718 0
538 0.0986363 -0
539 -0.0685052 0
540 0.0295711 0
541 -0.00786646 -0
542 0.0194573 -0
543 -0.0200067 -0
544 0.00697386 -0
545 0.0336964 -0
546 -0.00966797 -0
547 0.0389732 0
548 -0.0150983 -0
549 0.00782345 -0
550 -0.00212115 0
551 -0.01891 -0
552 0.0231595 -0
553 -0.00727218 0
554 0.00611177 -0
555 0.0265183 -0
556 -0.00727351 -0
557 0.00337526 0
558 -0.0268461 0
559 0.00806415 0
560 -0.00488974 -0
561 0.00784754 0
562 -0.00208868 0
563 0.000697509 0
564 -0.0113374 0
565 0.00430936 -0
566 0.0242608 -0
567 -0.0222774 0
568 0.00646738 0
569 -0.00365184 -0
570 0.012219 -0
571 -0.00327756 -0
572 -0.0138886 0
573 0.00581129 -0
574 -0.00389063 -0
575 0.00124742 0
576 -0.00230788 0
577 0.000647193 -0
578 0.0104348 -0
579 -0.00374113 -0
580 0.00409251 0
581 -0.00110477 -0
582 0.00655091 -0
583 -0.00332522 -0
584 0.0010142 -0
585 -0.000798812 0
586 -0.00356137 -0
587 0.000950975 -0
588 0.0817428 0
589 -0.0362513 0
590 0.0494299 -0
591 -0.016851 0
592 0.00479021 0
593 0.0363406 -0
594 -0.0196966 0
595 0.0450879 -0
596 -0.0124365 0
597 0.00496922 -0
598 -0.0233195 0
599 0.0168021 0
600 -0.0054896 -0
601 -0.0270143 0
602 0.00719032 -0
603 -0.0076327 -0
604 0.00287184 -0
605 -0.0376415 0
606 0.0111312 -0
607 -0.00643639 0
608 -0.0270977 0
609 0.00738568 -0
610 -0.0145642 -0
611 0.00661449 -0
612 -0.00206163 -0
613 0.00183991 -0
614 0.0106374 -0
615 -0.00285243 0
616 0.00186949 0
617 -0.00489553 -0
618 0.00172165 -0
619 0.0214759 0
620 -0.00599056 0
621 0.00766162 0
622 -0.00328824 0
623 0.000963315 -0
624 -0.028929 0
625 0.0220194 0
626 -0.0058661 -0
627 -0.0244237 0
628 0.00892006 -0
629 -0.014049 -0
630 0.00683588 0
631 -0.00217477 -0
632 0.00817702 -0
633 -0.00230841 0
634 -0.0153949 0
635 0.00625227 0
636 -0.00710442 -0
637 0.00191444 0
638 -0.00131508 -0
639 -0.0362384 -0
640 0.0121984 0
641 0.0552172 0
642 -0.0157719 0
643 0.00925442 0
644 -0.0296548 0
645 0.0113959 0
646 -0.00304256 0
647 0.00263657 0
648 -0.0240802 -0
649 0.00731512 -0
650 -0.0033718 0
651 0.00490983 0
652 -0.0013425 0
653 -0.0139087 -0
654 0.00731235 -0
655 -0.00253182 -0
656 -0.0136354 0
657 0.00407921 0
658 -0.00863099 0
659 0.00546108 -0
660 -0.0015106 -0
661 0.0014913 0
662 0.0063595 -0
663 -0.00205939 -0
664 0.000851196 0
665 -0.00490525 -0
666 0.00130586 -0
667 -0.00157459 -0
668 0.000790489 0
669 -0.00613944 0
670 0.00171152 0
671 -0.000604982 0
672 0.000812647 -0
673 -0.000208576 -0
674 -0.00174307 0
675 0.0012512 -0
676 -0.000401031 -0
677 0.000773866 -0
678 -0.000339068 0
679 8.75128e-05 0
680 0.00137543 0
681 -0.000802676 -0
682 0.000240167 0
683 0.011155 0
684 -0.00431631 0
685 0.00347392 0
686 -0.000964274 0
687 0.00360154 -0
688 -0.00126923 -0
689 -0.00616056 -0
690 0.0016284 0
691 -0.00164386 -0
692 0.000885758 0
693 -0.000257748 -0
694 0.00158262 -0
695 -0.000650734 -0
696 0.0010356 -0
697 -0.000278172 0
698 -0.00203216 0
699 0.00142612 0
700 -0.000443022 0
701 0.000608838 -0
702 -0.000258103 0
703 -0.00377606 0
704 0.00100007 -0
705 -0.000339101 0
706 0.000304345 -0
707 -0.0014002 -0
708 0.000394979 0
709 -0.000226312 -0
710 -0.00128579 0
711 0.000344612 0
712 -0.000700154 0
713 0.000270233 0
714 -7.86586e-05 0
715 -0.0142351 -0
716 0.00696582 0
717 -0.00485602 0
718 0.00128812 -0
719 -0.00167939 -0
720 0.000548232 0
721 0.00351994 -0
722 -0.000988319 -0
723 0.00290412 0
724 -0.00107898 -0
725 0.000578957 -0
726 0.00250983 -0
727 -0.000775782 0
728 0.000693045 0
729 -0.0102298 0
730 0.00282967 0
731 -0.00130867 0
732 0.00148146 0
733 -0.000498491 -0
734 -0.00498013 -0
735 0.00132531 0
736 -0.000840107 -0
737 0.00378307 -0
738 -0.00113221 0
739 0.001786 -0
740 -0.000712132 0
741 -0.00375669 -0
742 0.00101115 -0
743 -0.000799291 0
744 0.000285827 -0
745 -0.000953976 0
746 0.000269906 -0
747 -0.000149262 0
748 -0.00225531 0
749 0.000717586 0
750 -0.00140835 0
751 0.000373264 0
752 -0.000165629 0
753 -0.000803746 0
754 0.000764552 -0
755 -0.000221539 0
756 0.00011244 0
757 -0.0010949 0
758 0.000297332 -0
759 -0.000215552 -0
760 -0.00125988 -0
761 0.000476695 0
762 -0.000640701 -0
763 0.000198787 0
764 -0.00046672 0
765 0.000124269 0
766 -5.10677e-05 -0
767 -0.0163238 0
768 0.0107874 -0
769 -0.00377749 -0
770 -0.0157853 0
771 0.00437226 0
772 -0.00486095 0
773 0.0023414 0
774 -0.0176758 0
775 0.00470503 0
776 -0.00153101 0
777 -0.00973695 0
778 0.00558172 0
779 -0.00158103 -0
780 0.00346202 -0
781 -0.00292303 0
782 0.0008842 0
783 -0.00038261 -0
784 -0.00636564 0
785 0.00171768 0
786 -0.00216275 0
787 0.000786938 -0
788 0.00333478 -0
789 -0.0131055 -0
790 0.0037957 0
791 -0.00237055 0
792 0.000795094 -0
793 -0.00136241 0
794 0.000363508 -0
795 0.00203289 0
796 -0.00108096 -0
797 0.000421224 0
798 -0.0141795 0
799 0.00389112 0
800 -0.00393601 -0
801 0.00278186 -0
802 -0.000825755 0
803 -0.00399172 -0
804 0.00162788 0
805 -0.00429805 -0
806 0.00116599 0
807 -0.000357915 0
808 0.00330237 -0
809 -0.00150029 -0
810 0.00130113 0
811 0.0109765 -0
812 -0.00385354 0
813 0.00102931 0
814 -0.0019239 -0
815 0.000963074 0
816 -0.000267932 -0
817 0.00132117 0
818 -0.00088191 -0
819 0.000281986 0
820 0.0012737 0
821 -0.00148004 0
822 0.000391835 -0
823 -0.000146849 0
824 -0.00917732 0
825 0.00267713 0
826 -0.00160496 -0
827 0.00516122 -0
828 -0.00226654 -0
829 -0.0113628 0
830 0.00325305 0
831 -0.00244407 -0
832 0.000807021 0
833 -0.00113394 -0
834 -0.0118628 -0
835 0.00323155 0
836 -0.0011895 -0
837 0.00118039 -0
838 -0.000612026 0
839 0.000163205 -0
840 0.000723399 -0
841 -0.000220763 0
842 0.000967964 -0
843 -0.00045567 0
844 0.00726987 0
845 -0.00249815 0
846 0.00200779 0
847 -0.000562583 -0
848 0.000986759 -0
849 0.00709819 0
850 -0.00191262 0
851 0.00110683 0
852 -0.000348234 -0
853 0.000832154 -0
854 -0.000352055 0
855 -0.001983 -0
856 0.000583311 -0
857 -0.000624298 -0
858 0.000165627 -0
859 0.00249494 -0
860 -0.000981105 0
861 0.00131428 0
862 -0.000726235 0
863 0.000201299 -0
864 -0.00158505 0
865 0.000561915 -0
866 -0.000528329 -0
867 -0.00245403 -0
868 0.000655558 -0
869 -0.000451368 -0
870 0.000147904 -0
871 -0.000872611 0
872 0.000260607 -0
873 -0.000128692 0
874 -0.0011109 0
875 0.00031429 -0
876 -0.000480447 0
877 0.000193531 0
878 -0.000150109 0
879 -0.000651434 0
880 0.000174848 -0
881 -0.00049473 0
882 0.000223073 0
883 -6.94695e-05 0
884 -0.00193762 0
885 0.000532154 0
886 -0.000337908 -0
887 0.000413735 0
888 -0.000143483 -0
889 -0.0008515 0
890 0.000226771 -0
891 -0.000482971 0
892 0.000186011 -0
893 -0.00015889 -0
894 4.60708e-05 -0
895 -0.000871481 0
896 0.000414686 0
897 -0.000131711 -0
898 -0.00059136 0
899 0.000159907 -0
900 -9.36838e-05 -0
901 0.000369683 -0
902 -0.000137648 0
903 0.000225824 -0
904 -6.42876e-05 0
905 -0.000323835 -0
906 0.000214592 0
907 -7.1124e-05 -0
908 6.43747e-05 0
909 -1.70768e-05 0
910 -0.000170198 0
911 7.03046e-05 -0
912 -0.000210484 0
913 6.38284e-05 -0
914 -3.44091e-05 0
915 9.38429e-06 0
916 -0.000105627 0
917 0.000116206 0
918 -5.10017e-05 -0
919 -0.000365433 -0
920 0.000102443 -0
921 -7.32068e-05 0
922 2.47863e-05 0
923 -4.74286e-05 -0
924 1.2596e-05 0
925 0.00035082 0
926 -0.000103544 -0
927 0.00013191 -0
928 -6.7461e-05 0
929 -0.000305309 -0
930 0.000111205 -0
931 -0.000504841 0
932 0.000135528 0
933 -8.28778e-05 0
934 2.55267e-05 0
935 0.000139841 0
936 -5.8579e-05 0
937 6.14945e-05 -0
938 -1.71063e-05 -0
939 0.000110407 -0
940 -5.09617e-05 0
941 1.34995e-05 0
942 -3.07252e-05 0
943 2.39887e-05 0
944 -7.69689e-06 -0
945 -3.43727e-05 0
946 1.29465e-05 -0
947 -1.84687e-05 0
948 5.07986e-06 -0
949 6.4732e-05 0
950 -3.6445e-05 -0
951 1.06516e-05 -0
952 0.0010579 0
953 -0.000427428 -0
954 0.000379964 -0
955 -0.000102347 0
956 0.000380526 -0
957 -0.000129745 -0
958 -0.000539961 0
959 0.000356909 -0
960 -0.000103393 -0
961 0.000202995 0
962 -0.000100207 0
963 3.19813e-05 0
964 0.000197745 0
965 -5.40154e-05 -0
966 5.37872e-05 0
967 -2.35814e-05 0
968 0.000272283 0
969 -8.23017e-05 0
970 2.97396e-05 0
971 0.000134442 0
972 -0.000104667 0
973 2.80433e-05 -0
974 -4.56891e-05 0
975 2.46337e-05 -0
976 0.000425201 -0
977 -0.000120133 0
978 0.00034487 0
979 -0.000119251 0
980 8.59491e-05 -0
981 -2.34122e-05 -0
982 -8.7961e-05 -0
983 3.53554e-05 -0
984 -4.2951e-05 -0
985 1.32615e-05 0
986 0.000126232 -0
987 -3.63219e-05 0
988 2.26245e-05 -0
989 -0.000399907 0
990 0.000107166 0
991 -4.87679e-05 -0
992 -0.000228115 -0
993 0.000328503 -0
994 -0.000107651 0
995 9.23368e-05 -0
996 -3.46786e-05 -0
997 9.55155e-06 0
998 -2.26831e-05 0
999 1.20205e-05 0
1000 4.90058e-05 -0
1001 -1.32588e-05 0
1002 8.15897e-05 0
1003 -2.56002e-05 -0
1004 2.66523e-05 0
1005 -1.15712e-05 -0
1006 -7.63319e-05 0
1007 2.26732e-05 -0
1008 -1.28568e-05 0
1009 5.54942e-05 0
1010 -1.54157e-05 -0
1011 5.47473e-06 -0
1012 -0.000457676 0
1013 0.000340301 -0
1014 -0.000139471 0
1015 0.000251317 -0
1016 -6.74314e-05 0
1017 -0.00027155 0
1018 0.000132193 0
1019 -3.75064e-05 0
1020 4.8759e-05 -0
1021 0.000270456 0
1022 -9.14726e-05 0
1023 5.95433e-05 -0
1024 -1.77711e-05 0
1025 5.24375e-05 -0
1026 -4.81981e-05 0
1027 1.30481e-05 -0
1028 0.000293643 0
1029 -0.00010785 0
1030 5.48257e-05 0
1031 0.000205702 0
1032 -6.55056e-05 -0
1033 1.76296e-05 0
1034 -2.81539e-05 -0
1035 0.000248188 0
1036 -9.8674e-05 -0
1037 2.76688e-05 -0
1038 -1.92537e-05 -0
1039 -0.000152107 -0
1040 4.44992e-05 -0
1041 -5.08061e-05 0
1042 2.39651e-05 -0
1043 0.000101316 -0
1044 -3.39014e-05 -0
1045 7.71696e-05 0
1046 -2.08356e-05 -0
1047 1.23055e-05 -0
1048 -3.77712e-06 0
1049 -1.82645e-05 -0
1050 1.55858e-05 -0
1051 -6.09678e-06 0
1052 2.44704e-05 -0
1053 -6.79978e-06 0
1054 -2.33742e-05 0
1055 1.04815e-05 0
1056 -1.05235e-05 0
1057 3.1127e-06 -0
1058 -0.000261848 -0
1059 9.20136e-05 -0
1060 -5.52497e-05 0
1061 1.49321e-05 -0
1062 -3.90934e-05 -0
1063 4.83343e-05 -0
1064 -2.00247e-05 -0
1065 -0.000158709 -0
1066 4.34908e-05 -0
1067 -2.23825e-05 0
1068 0.000145238 -0
1069 -4.77428e-05 0
1070 -0.000210764 -0
1071 6.0865e-05 0
1072 -4.6238e-05 0
1073 7.93294e-05 0
1074 -2.12129e-05 -0
1075 7.63473e-06 0
1076 9.56182e-05 0
1077 -6.0998e-05 0
1078 1.8975e-05 0
1079 7.36572e-05 0
1080 -3.5565e-05 0
1081 9.9327e-06 0
1082 -1.06962e-05 -0
1083 4.84452e-05 -0
1084 -1.45633e-05 0
1085 8.05056e-06 -0
1086 4.92374e-05 -0
1087 -1.32464e-05 0
1088 1.97422e-05 -0
1089 -7.35726e-06 0
1090 7.29553e-05 -0
1091 -2.45298e-05 -0
1092 1.7364e-05 0
1093 -4.73293e-06 -0
1094 -2.13012e-05 0
1095 9.18053e-06 -0
1096 -1.75628e-05 -0
1097 5.66404e-06 -0
1098 -5.34679e-06 -0
1099 1.51059e-06 0
1100 1.71516e-05 -0
1101 -6.83219e-06 0
1102 2.43677e-05 0
1103 -6.59015e-06 0
1104 -2.1315e-05 0
1105 1.16783e-05 0
1106 -3.5978e-06 -0
1107 4.46078e-06 -0
1108 -2.09331e-06 0
1109 5.49104e-05 0
1110 -1.58797e-05 -0
1111 1.30176e-05 -0
1112 6.07312e-05 0
1113 -1.64682e-05 -0
1114 5.78302e-06 0
1115 -3.94359e-06 0
1116 2.18879e-05 -0
1117 -6.96607e-06 0
1118 9.72606e-06 -0
1119 -2.6776e-06 0
1120 -2.18883e-05 0
1121 8.4665e-06 -0
1122 -4.9502e-06 -0
1123 -1.76396e-05 0
1124 4.98442e-06 -0
1125 -1.35687e-05 -0
1126 6.51372e-06 -0
1127 -5.76192e-06 -0
1128 1.69717e-06 -0
1129 -0.000293793 -0
1130 7.8085e-05 -0
1131 -3.26238e-05 -0
1132 5.23953e-05 0
1133 -1.85575e-05 0
1134 -0.000128895 0
1135 7.98282e-05 -0
1136 -2.4525e-05 0
1137 8.89643e-05 -0
1138 -2.3934e-05 -0
1139 2.39801e-05 -0
1140 0.000102983 0
1141 -5.08298e-05 -0
1142 1.72469e-05 -0
1143 -4.87503e-06 -0
1144 7.37942e-05 0
1145 -0.000141473 -0
1146 6.27536e-05 0
1147 -1.71573e-05 0
1148 -8.58899e-05 0
1149 6.09929e-05 0
1150 -1.95626e-05 -0
1151 2.40473e-05 -0
1152 -6.42459e-06 0
1153 -5.96294e-05 -0
1154 2.23846e-05 -0
1155 -1.23039e-05 -0
1156 7.10492e-05 -0
1157 -2.12682e-05 0
1158 1.98301e-05 -0
1159 -7.92616e-06 0
1160 -5.12287e-05 0
1161 1.3607e-05 -0
1162 -3.08569e-05 0
1163 8.77547e-06 -0
1164 -6.73645e-06 0
1165 2.23061e-06 -0
1166 6.45553e-05 0
1167 -3.90108e-05 0
1168 1.0792e-05 0
1169 4.55048e-05 -0
1170 -1.65594e-05 0
1171 2.5121e-05 0
1172 -1.29815e-05 0
1173 3.50768e-06 -0
1174 -1.11845e-05 -0
1175 3.47178e-06 -0
1176 -3.87875e-06 -0
1177 -1.78036e-05 0
1178 7.66789e-06 -0
1179 -2.24692e-06 0
1180 2.16595e-05 -0
1181 -5.77088e-06 -0
1182 4.77429e-06 0
1183 -1.86173e-06 0
1184 -2.03714e-05 0
1185 1.33495e-05 0
1186 -4.0676e-06 0
1187 2.01558e-05 -0
1188 -5.47217e-06 -0
1189 7.42993e-06 0
1190 -3.41003e-06 -0
1191 -1.93631e-05 -0
1192 6.65436e-06 -0
1193 -3.56552e-06 0
1194 9.95893e-07 -0
1195 -2.55111e-06 -0
1196 -1.10885e-05 -0
1197 3.61275e-06 0
1198 -3.18506e-06 0
1199 8.50587e-07 -0
1200 -2.47952e-06 -0
1201 8.84527e-07 0
1202 -4.47171e-07 0
1203 1.10061e-07 -0
1204 3.58128e-08 0
1205 -6.84415e-06 -0
1206 2.34998e-06 0
1207 -6.21961e-07 -0
1208 5.43738e-07 0
1209 -2.5093e-07 0
1210 -2.07583e-06 -0
1211 7.08034e-07 0
1212 -6.71141e-08 -0
1213 -3.35234e-08 -0
1214 8.45634e-08 -0
1215 -3.06042e-07 0
1216 1.03738e-07 0
1217 -7.59622e-06 -0
1218 3.10577e-06 0
1219 -5.45053e-06 0
1220 1.43026e-06 0
1221 -9.98136e-07 -0
1222 3.22409e-07 -0
1223 1.9531e-06 -0
1224 -6.97814e-07 0
1225 1.95075e-06 -0
1226 -5.29765e-07 0
1227 2.2027e-07 0
1228 1.77192e-05 -0
1229 -2.01014e-05 0
1230 5.42027e-06 -0
1231 -3.54304e-06 0
1232 1.1287e-06 -0
1233 4.12254e-06 -0
1234 -7.81556e-06 -0
1235 3.08216e-06 0
1236 -8.89327e-07 0
1237 4.42155e-07 0
1238 -1.86607e-06 0
1239 5.12733e-07 0
1240 2.08722e-06 -0
1241 -1.7134e-06 -0
1242 6.11576e-07 -0
1243 9.3221e-07 -0
1244 -3.24998e-07 0
1245 2.37424e-07 -0
1246 -4.2467e-07 -0
1247 1.22474e-07 0
1248 -5.78873e-07 0
1249 2.49504e-07 0
1250 4.30728e-07 0
1251 -1.30583e-07 0
1252 1.51677e-07 0
1253 -5.39457e-08 -0
1254 8.96279e-07 0
1255 -6.42265e-07 -0
1256 1.97594e-07 -0
1257 5.92724e-07 0
1258 -2.89547e-07 0
1259 8.05909e-08 0
1260 -1.47996e-07 -0
1261 5.81071e-08 -0
1262 -9.3836e-06 0
1263 2.68421e-06 0
1264 -1.92937e-06 0
1265 -8.77947e-06 0
1266 4.11363e-06 0
1267 -1.12054e-06 -0
1268 2.3817e-06 -0
1269 -8.08451e-07 0
1270 -9.06461e-06 0
1271 5.29673e-06 -0
1272 -1.64436e-06 -0
1273 1.61045e-06 0
1274 -4.29996e-07 0
1275 3.84069e-06 -0
1276 -1.51505e-06 -0
1277 2.272e-06 0
1278 -6.28422e-07 0
1279 -4.25767e-06 0
1280 2.12091e-06 -0
1281 -6.05127e-06 0
1282 1.9154e-06 -0
1283 -1.61442e-06 -0
1284 4.33723e-07 0
1285 2.07746e-06 -0
1286 -7.29097e-07 0
1287 8.09012e-07 0
1288 -2.3476e-07 -0
1289 1.4124e-06 -0
1290 -7.33578e-07 0
1291 1.93855e-07 -0
1292 4.0237e-06 0
1293 -1.70678e-06 -0
1294 1.09224e-06 -0
1295 -3.29663e-07 -0
1296 6.31627e-07 -0
1297 3.58633e-06 -0
1298 -1.35919e-06 0
1299 3.59763e-07 0
1300 -4.44498e-07 -0
1301 1.26175e-07 0
1302 -4.57324e-07 -0
1303 2.70204e-07 0
1304 -9.03606e-08 -0
1305 -8.14569e-07 0
1306 2.24768e-07 0
1307 -1.78923e-07 -0
1308 1.43077e-06 0
1309 -6.76583e-07 -0
1310 2.13542e-07 -0
1311 1.1779e-06 0
1312 -3.15609e-07 0
1313 4.6463e-07 -0
1314 -1.87634e-07 0
1315 1.28453e-07 -0
1316 -3.73399e-08 -0
1317 1.12876e-07 -0
1318 -3.80944e-08 0
1319 -2.88369e-07 0
1320 7.56419e-08 0
1321 -6.66909e-08 0
1322 2.88995e-08 -0
1323 1.00188e-05 -0
1324 -2.81849e-06 0
1325 7.35979e-06 0
1326 -4.00585e-06 0
1327 1.22762e-06 0
1328 -1.34772e-06 -0
1329 3.59002e-07 -0
1330 2.59685e-06 0
1331 -1.0246e-06 0
1332 1.84022e-06 -0
1333 -6.07208e-07 0
1334 3.72204e-07 0
1335 2.01072e-06 0
1336 -5.52751e-07 0
1337 2.04847e-07 0
1338 -6.75283e-07 0
1339 4.64863e-07 -0
1340 -1.34149e-07 0
1341 -1.60318e-06 -0
1342 7.69623e-07 0
1343 -1.08893e-06 -0
1344 2.94134e-07 0
1345 1.33452e-06 0
1346 -4.22368e-07 -0
1347 3.49596e-07 0
1348 -1.52269e-07 0
1349 2.29452e-06 0
1350 -6.10242e-07 -0
1351 2.12288e-07 -0
1352 -9.53043e-07 0
1353 8.82511e-07 0
1354 -2.49831e-07 -0
1355 -1.10919e-06 -0
1356 5.77533e-07 -0
1357 -1.74382e-07 -0
1358 -5.69991e-06 -0
1359 2.32706e-06 -0
1360 -2.85524e-06 -0
1361 7.65258e-07 0
1362 -1.7472e-06 0
1363 1.29867e-06 0
1364 -3.82217e-07 -0
1365 -3.12235e-06 -0
1366 1.18445e-06 -0
1367 -6.63599e-07 0
1368 1.81498e-07 0
1369 7.37902e-07 0
1370 -2.47273e-07 -0
1371 4.75833e-07 -0
1372 -3.05698e-07 0
1373 8.57826e-08 -0
1374 -6.41094e-07 0
1375 2.99016e-07 -0
1376 -7.98607e-08 -0
1377 -4.29749e-07 -0
1378 4.55505e-07 -0
1379 -1.4131e-07 -0
1380 5.11734e-08 0
1381 -1.35299e-06 0
1382 1.92764e-06 0
1383 -5.17237e-07 0
1384 2.99542e-07 -0
1385 -8.09998e-07 -0
1386 2.60132e-07 0
1387 1.30366e-06 0
1388 -5.49674e-07 0
1389 4.74402e-07 -0
1390 -1.37612e-07 0
1391 -2.91616e-06 0
1392 7.7495e-07 0
1393 -3.84615e-07 0
1394 1.42913e-06 -0
1395 -5.55815e-07 0
1396 4.2212e-07 0
1397 -1.16282e-07 0
1398 -5.05646e-07 0
1399 1.73349e-07 -0
1400 -2.63944e-07 -0
1401 7.85436e-08 0
1402 5.09255e-07 0
1403 -3.57402e-07 0
1404 9.68127e-08 -0
1405 -9.6279e-07 0
1406 4.21102e-07 -0
1407 -8.51799e-07 0
1408 2.39923e-07 -0
1409 -8.76272e-08 -0
1410 -9.60847e-07 0
1411 9.39492e-07 -0
1412 -2.98536e-07 0
1413 1.52953e-07 0
1414 -7.57506e-07 -0
1415 2.0218e-07 -0
1416 -1.25634e-07 -0
1417 -5.80585e-07 0
1418 1.77262e-07 0
1419 -2.04888e-07 0
1420 8.23222e-08 0
1421 -2.25089e-08 0
1422 -1.01206e-06 0
1423 1.85486e-06 0
1424 -6.60219e-07 -0
1425 3.61935e-07 -0
1426 -1.04608e-07 -0
1427 -4.547e-07 -0
1428 3.91113e-07 0
1429 -1.04995e-07 0
1430 3.43703e-07 0
1431 -1.60585e-07 -0
1432 5.36313e-08 0
1433 3.05855e-07 0
1434 -4.20184e-07 -0
1435 1.17897e-07 0
1436 4.34915e-07 -0
1437 -1.32207e-07 -0
1438 8.91361e-08 0
1439 -3.47138e-08 0
1440 9.25472e-08 0
1441 -2.53878e-08 0
1442 -2.00164e-07 0
1443 1.97222e-07 0
1444 -9.8044e-08 -0
1445 3.14525e-08 0
1446 -3.3034e-07 -0
1447 8.92243e-08 -0
1448 -5.49147e-08 0
1449 -2.31539e-07 0
1450 8.01975e-08 0
1451 -8.95112e-08 0
1452 2.63943e-08 -0
1453 -1.1373e-08 -0
1454 2.59482e-07 0
1455 -2.07184e-07 -0
1456 5.6427e-08 0
1457 2.0259e-07 0
1458 -7.65983e-08 -0
1459 1.38046e-07 0
1460 -3.97049e-08 0
1461 1.93419e-07 0
1462 -1.12374e-07 -0
1463 3.69132e-08 0
1464 2.79375e-07 0
1465 -1.27935e-07 -0
1466 3.46073e-08 0
1467 -5.08293e-08 -0
1468 -1.91582e-07 0
1469 5.76594e-08 -0
1470 -4.24369e-08 -0
1471 1.54653e-08 -0
1472 -4.05633e-08 0
1473 1.13673e-08 -0
1474 -6.11178e-09 -0
1475 3.37581e-07 -0
1476 -1.34913e-07 0
1477 1.30348e-07 0
1478 -3.48277e-08 0
1479 -2.50623e-07 0
1480 7.76399e-08 0
1481 -2.99557e-07 -0
1482 1.4724e-07 -0
1483 5.87439e-07 -0
1484 -1.64922e-07 0
1485 1.99901e-07 0
1486 -6.95689e-08 -0
1487 5.6646e-08 -0
1488 -1.52678e-08 -0
1489 -7.16389e-08 0
1490 2.9623e-08 0
1491 -6.67394e-08 -0
1492 1.96004e-08 0
1493 -2.09719e-07 -0
1494 1.28937e-07 0
1495 -4.15457e-08 -0
1496 1.13726e-08 0
1497 -1.86076e-08 -0
1498 1.03023e-08 0
1499 8.21201e-08 0
1500 -3.10343e-08 -0
1501 8.31346e-09 0
1502 -4.36277e-08 0
1503 2.97818e-08 0
1504 1.33661e-07 -0
1505 -4.07327e-08 -0
1506 1.77675e-08 -0
1507 -2.02213e-08 -0
1508 5.70726e-09 0
1509 6.54694e-08 0
1510 -2.19711e-08 0
1511 2.08413e-08 0
1512 -1.08138e-08 0
1513 -3.2687e-08 0
1514 9.06451e-09 -0
1515 -2.06254e-08 0
1516 7.20364e-09 -0
1517 -2.8345e-08 -0
1518 7.92908e-09 0
1519 -6.19511e-09 -0
1520 -2.41417e-08 0
1521 9.07348e-09 -0
1522 -4.41679e-09 -0
1523 1.33091e-09 0
1524 -1.83886e-09 0
1525 -5.05122e-09 -0
1526 1.4519e-09 0
1527 -1.07046e-09 -0
1528 1.54568e-08 -0
1529 -5.02856e-09 0
1530 2.05165e-09 0
1531 5.48379e-09 0
1532 -1.63501e-09 0
1533 1.90398e-09 0
1534 -8.93089e-10 -0
1535 2.04641e-07 0
1536 -5.52656e-08 0
1537 8.42237e-08 -0
1538 -4.77175e-08 -0
1539 1.67748e-08 -0
1540 -4.66426e-08 -0
1541 1.28016e-08 -0
1542 7.21626e-08 -0
1543 -2.16697e-08 -0
1544 1.8644e-08 0
1545 -7.82884e-09 0
1546 -3.09508e-08 -0
1547 8.27407e-09 0
1548 -7.81068e-08 -0
1549 4.01008e-08 0
1550 -1.33993e-08 0
1551 9.40802e-09 -0
1552 -2.72108e-09 0
1553 -3.62407e-08 0
1554 5.01195e-08 0
1555 -1.55694e-08 -0
1556 2.98119e-08 0
1557 -1.16189e-08 -0
1558 -5.34868e-08 0
1559 1.5059e-08 -0
1560 -8.91531e-09 0
1561 3.18466e-08 -0
1562 -8.57181e-09 0
1563 9.51343e-09 0
1564 -3.40188e-09 -0
1565 6.0362e-08 -0
1566 -2.76983e-08 0
1567 7.68233e-09 -0
1568 5.18894e-08 -0
1569 -3.8525e-08 0
1570 1.21161e-08 -0
1571 5.32909e-08 0
1572 -1.42527e-08 -0
1573 1.33171e-08 0
1574 -7.15609e-09 -0
1575 1.87162e-08 -0
1576 -5.32936e-09 -0
1577 2.03995e-09 -0
1578 3.85301e-08 -0
1579 -2.52429e-08 0
1580 6.89193e-09 0
1581 2.57878e-08 0
1582 -8.76596e-09 -0
1583 4.46182e-08 -0
1584 -2.18086e-08 -0
1585 6.69838e-09 0
1586 -1.15362e-08 0
1587 9.61626e-09 -0
1588 -2.83788e-09 0
1589 1.18611e-09 0
1590 1.10456e-08 0
1591 -3.00764e-09 0
1592 3.89102e-09 0
1593 -1.45251e-09 -0
1594 -6.52143e-09 0
1595 1.7558e-09 -0
1596 -4.03123e-09 -0
1597 1.79358e-09 0
1598 -7.0535e-08 0
1599 2.29514e-08 -0
1600 -1.54689e-08 -0
1601 4.2658e-09 -0
1602 1.64779e-08 0
1603 -1.6128e-08 0
1604 4.70764e-09 -0
1605 -2.81157e-08 -0
1606 1.4685e-08 0
1607 -5.12648e-09 0
1608 -3.51298e-08 -0
1609 9.97186e-09 -0
1610 -7.79011e-09 -0
1611 3.13788e-09 0
1612 -9.58181e-09 0
1613 2.58624e-09 -0
1614 -3.7905e-09 -0
1615 2.20263e-09 0
1616 9.02993e-09 -0
1617 -2.88036e-09 0
1618 8.7326e-10 0
1619 -7.52259e-09 -0
1620 3.59734e-09 -0
1621 -9.63396e-10 -0
1622 1.12988e-09 -0
1623 6.60027e-09 0
1624 -2.39033e-09 -0
1625 1.49119e-09 0
1626 -4.12739e-10 -0
1627 3.07277e-09 0
1628 -4.10938e-09 -0
1629 1.61099e-09 0
1630 -4.94726e-10 -0
1631 -4.81377e-09 -0
1632 1.27301e-09 0
1633 -1.16469e-09 -0
1634 2.31559e-09 -0
1635 -6.34117e-10 0
1636 2.71555e-10 -0
1637 -1.60827e-10 0
1638 3.79641e-11 -0
1639 2.17493e-09 -0
1640 -7.96829e-10 0
1641 1.48388e-09 -0
1642 -4.11305e-10 0
1643 2.14675e-10 -0
1644 1.28223e-09 -0
1645 -3.89562e-10 0
1646 3.18829e-10 -0
1647 1.0106e-09 -0
1648 -3.11537e-10 -0
1649 1.44262e-10 -0
1650 -2.63788e-10 0
1651 1.57303e-10 0
1652 -2.10105e-11 -0
1653 -2.64676e-11 -0
1654 1.58399e-11 0
1655 -1.10345e-10 0
1656 5.73613e-11 0
1657 -5.273e-09 0
1658 1.40398e-09 -0
1659 -8.04817e-10 0
1660 2.53686e-10 0
1661 1.37164e-09 -0
1662 -4.22416e-09 -0
1663 1.19435e-09 -0
1664 -4.24591e-10 0
1665 4.23031e-10 0
1666 -2.74827e-10 -0
1667 8.08066e-11 -0
1668 7.82502e-10 0
1669 -3.55373e-10 -0
1670 1.51777e-09 -0
1671 -3.95855e-10 0
1672 5.38455e-10 -0
1673 -1.47289e-10 0
1674 5.56074e-11 -0
1675 1.09922e-08 -0
1676 -5.96541e-09 0
1677 -2.47515e-08 -0
1678 8.3474e-09 -0
1679 -2.28967e-09 -0
1680 2.1905e-09 -0
1681 -6.39477e-09 0
1682 1.96354e-09 0
1683 -8.51944e-10 0
1684 -6.26359e-09 -0
1685 1.68231e-09 0
1686 -1.11564e-09 0
1687 1.56577e-09 0
1688 -5.53865e-10 0
1689 6.35257e-09 -0
1690 -1.86018e-09 0
1691 -7.44749e-09 0
1692 3.79633e-09 0
1693 -3.30779e-09 0
1694 9.25947e-10 -0
1695 -2.32736e-09 -0
1696 8.70243e-10 0
1697 -2.34432e-10 -0
1698 -1.2535e-09 -0
1699 9.56151e-10 0
1700 -3.13116e-10 0
1701 1.60858e-09 0
1702 -6.61956e-10 -0
1703 7.59019e-10 0
1704 -2.06647e-10 0
1705 -2.19992e-09 -0
1706 1.3418e-09 -0
1707 -4.25045e-10 0
1708 -1.82908e-09 0
1709 5.21178e-10 -0
1710 -9.84439e-10 -0
1711 4.50598e-10 0
1712 -1.20768e-10 0
1713 2.80022e-09 -0
1714 -2.82603e-09 0
1715 1.08567e-09 0
1716 -3.24186e-10 -0
1717 -1.30122e-09 0
1718 6.86615e-10 0
1719 -2.31183e-09 -0
1720 7.99484e-10 0
1721 -2.2021e-10 -0
1722 1.55302e-10 0
1723 2.70371e-09 -0
1724 -1.33709e-09 -0
1725 2.30251e-09 -0
1726 -6.24054e-10 -0
1727 1.92692e-10 0
1728 9.25876e-10 -0
1729 -7.74959e-10 -0
1730 3.28808e-10 -0
1731 -2.59554e-09 -0
1732 7.66086e-10 0
1733 -9.42708e-10 -0
1734 2.53027e-10 -0
1735 -1.44169e-10 0
1736 -9.0258e-10 0
1737 3.01184e-10 0
1738 -6.88524e-10 -0
1739 2.46689e-10 -0
1740 -1.58565e-10 -0
1741 4.41907e-11 0
1742 1.73727e-10 0
1743 -7.73874e-11 -0
1744 1.15974e-10 0
1745 -3.10376e-11 -0
1746 -3.46244e-10 0
1747 1.12952e-10 0
1748 -1.07398e-10 -0
1749 3.16353e-11 -0
1750 -1.74537e-10 0
1751 7.05725e-11 0
1752 2.51922e-10 -0
1753 -6.98262e-11 -0
1754 3.95966e-11 0
1755 1.69929e-10 0
1756 -2.55726e-10 -0
1757 8.21396e-11 0
1758 -4.07309e-11 0
1759 1.64814e-10 -0
1760 -4.74731e-11 -0
1761 3.94853e-11 0
1762 -1.50096e-11 0
1763 1.01007e-09 -0
1764 -2.70373e-10 -0
1765 5.73383e-10 -0
1766 -3.60822e-10 0
1767 -1.46225e-09 0
1768 5.00365e-10 -0
1769 -1.35489e-10 0
1770 1.35582e-10 -0
1771 -4.1316e-11 -0
1772 -2.15674e-10 -0
1773 8.4776e-11 0
1774 -5.50121e-10 0
1775 1.58587e-10 -0
1776 -1.15618e-10 -0
1777 5.97814e-11 0
1778 6.25213e-10 0
1779 -1.72678e-10 -0
1780 1.9768e-10 -0
1781 -7.06379e-11 -0
1782 -2.55043e-10 -0
1783 1.07365e-10 0
1784 -3.00765e-10 -0
1785 8.13464e-11 -0
1786 -2.66713e-11 -0
1787 3.6713e-10 0
1788 -2.16146e-10 0
1789 3.53325e-10 0
1790 -1.05033e-10 -0
1791 -6.71362e-10 0
1792 3.1227e-10 -0
1793 -8.7888e-11 -0
1794 5.98896e-11 -0
1795 2.58424e-10 0
1796 -6.94536e-11 -0
1797 6.50263e-11 -0
1798 -2.46314e-11 0
1799 9.35067e-11 0
1800 -2.98451e-11 -0
1801 4.32945e-11 -0
1802 -1.23969e-11 -0
1803 -4.82631e-11 0
1804 2.40874e-11 -0
1805 -9.79173e-12 0
1806 2.15036e-10 0
1807 -5.83791e-11 0
1808 4.91681e-11 0
1809 -1.64592e-11 0
1810 2.91518e-11 -0
1811 1.47117e-10 -0
1812 -4.42186e-11 0
1813 2.48316e-11 -0
1814 -6.89001e-12 0
1815 -9.12205e-11 -0
1816 4.00638e-11 0
1817 -4.86784e-11 -0
1818 1.31072e-11 -0
1819 -7.27888e-11 0
1820 2.5495e-11 0
1821 -1.96779e-11 -0
1822 -1.31955e-10 -0
1823 3.86492e-11 -0
1824 -9.58636e-11 0
1825 5.9475e-11 -0
1826 -1.86743e-11 -0
1827 -7.08844e-11 -0
1828 1.90115e-11 -0
1829 -9.3092e-12 -0
1830 9.63237e-12 0
1831 -3.7483e-12 -0
1832 3.86727e-11 0
1833 -1.05564e-11 0
1834 2.05931e-11 -0
1835 -6.78995e-12 -0
1836 -2.93202e-11 0
1837 1.56721e-11 -0
1838 -4.4546e-12 -0
1839 3.10573e-12 -0
1840 -8.98666e-11 0
1841 3.22433e-11 0
1842 -4.1229e-11 -0
1843 1.09946e-11 0
1844 8.40477e-11 -0
1845 -3.55832e-11 0
1846 1.07569e-11 -0
1847 -2.95799e-11 -0
1848 2.30802e-11 -0
1849 -6.30586e-12 -0
1850 -8.7948e-11 0
1851 3.93987e-11 0
1852 -4.18347e-11 0
1853 1.21867e-11 -0
1854 5.36905e-11 0
1855 -1.82452e-11 -0
1856 1.17027e-11 0
1857 -3.104e-12 -0
1858 1.20447e-11 0
1859 -4.53903e-12 0
1860 6.6871e-12 0
1861 -2.12494e-12 -0
1862 -1.1791e-11 0
1863 5.84977e-12 -0
1864 -1.59564e-12 -0
1865 9.09896e-12 0
1866 -7.73315e-12 -0
1867 2.21138e-12 -0
1868 8.0369e-11 0
1869 -3.29863e-11 -0
1870 8.80565e-12 -0
1871 -1.86609e-11 -0
1872 1.06518e-11 -0
1873 4.9163e-11 -0
1874 -1.51442e-11 -0
1875 1.10756e-11 -0
1876 -3.95824e-12 0
1877 4.91334e-12 0
1878 -1.37607e-12 -0
1879 1.43295e-11 0
1880 -6.64786e-12 0
1881 1.78801e-12 0
1882 1.09405e-11 -0
1883 -2.87467e-11 -0
1884 8.50586e-12 -0
1885 -4.57998e-12 0
1886 4.26778e-12 -0
1887 -1.43169e-12 -0
1888 -1.45342e-11 -0
1889 3.86033e-12 -0
1890 -1.5316e-12 0
1891 -6.73252e-12 -0
1892 4.01781e-12 0
1893 -6.77918e-12 -0
1894 1.87918e-12 0
1895 -1.91712e-11 -0
1896 6.03984e-12 0
1897 -2.57513e-12 -0
1898 2.49099e-12 -0
1899 -6.52499e-13 -0
1900 1.58397e-12 0
1901 -5.5207e-13 0
1902 3.52916e-13 0
1903 4.1057e-12 -0
1904 -1.14897e-12 0
1905 1.9339e-12 0
1906 -5.89266e-13 0
1907 2.91258e-13 -0
1908 9.33674e-12 -0
1909 -2.49174e-12 0
1910 2.03786e-12 -0
1911 9.72434e-12 -0
1912 -2.90952e-12 -0
1913 1.21139e-12 0
1914 -6.63038e-12 0
1915 2.25014e-12 0
1916 -2.42211e-12 -0
1917 6.5126e-13 -0
1918 -4.14719e-13 0
1919 -2.5309e-12 0
1920 7.24159e-13 0
1921 -2.57283e-12 0
1922 1.18956e-12 -0
1923 -3.11998e-13 -0
1924 4.2167e-13 -0
1925 -1.36034e-13 0
1926 -1.84957e-11 -0
1927 7.52692e-12 -0
1928 -4.72548e-12 0
1929 1.30392e-12 -0
1930 -3.24881e-12 -0
1931 -1.43114e-11 -0
1932 5.34778e-12 -0
1933 -4.83853e-12 0
1934 1.42476e-12 -0
1935 1.21797e-11 -0
1936 -6.2031e-12 0
1937 1.74746e-12 -0
1938 -2.23845e-12 0
1939 7.08168e-12 -0
1940 -1.90327e-12 0
1941 1.1196e-12 -0
1942 6.05027e-12 0
1943 -1.87583e-12 -0
1944 7.40522e-13 -0
1945 -5.99306e-13 0
1946 8.1804e-12 0
1947 -2.17699e-12 -0
1948 7.66099e-13 0
1949 3.29144e-12 -0
1950 -1.46705e-12 -0
1951 2.79991e-12 -0
1952 -7.94389e-13 -0
1953 7.82245e-13 0
1954 -2.1201e-13 -0
1955 -1.59435e-12 -0
1956 1.18678e-12 -0
1957 -3.77325e-13 -0
1958 1.97387e-12 0
1959 -1.05579e-12 -0
1960 3.16129e-13 -0
1961 -4.32439e-13 -0
1962 1.55354e-13 0
1963 1.9646e-12 0
1964 -5.24674e-13 0
1965 1.17721e-12 0
1966 -5.08765e-13 0
1967 -2.10545e-12 0
1968 5.87877e-13 -0
1969 -4.02844e-13 -0
1970 1.36193e-13 -0
1971 -2.19722e-12 0
1972 1.05993e-12 -0
1973 -1.23872e-12 0
1974 3.28133e-13 0
1975 1.845e-12 -0
1976 -5.63097e-13 -0
1977 3.17366e-13 -0
1978 -1.13833e-12 -0
1979 4.27323e-13 -0
1980 -1.16215e-13 0
1981 1.83507e-13 0
1982 6.44402e-12 -0
1983 -2.10396e-12 0
1984 1.6137e-12 0
1985 -4.63665e-13 0
1986 -2.10182e-12 -0
1987 9.65285e-13 0
1988 -9.33538e-13 -0
1989 2.52311e-13 -0
1990 -2.31478e-12 -0
1991 9.62215e-13 -0
1992 -5.81365e-13 0
1993 1.71975e-13 -0
1994 1.19401e-12 0
1995 -3.36961e-12 0
1996 1.17334e-12 -0
1997 -3.24615e-13 0
1998 3.5847e-13 0
1999 -1.43098e-13 0
2000 -6.90903e-13 -0
2001 1.84826e-13 0
2002 -1.17923e-13 0
2003 4.78069e-13 -0
2004 -1.38799e-13 0
2005 1.35163e-13 0
2006 -5.27884e-14 -0
2007 1.22768e-14 -0
2008 9.6444e-13 -0
2009 -3.44025e-13 0
2010 2.79278e-13 -0
2011 -7.24376e-14 0
2012 -4.1904e-13 -0
2013 5.44302e-13 -0
2014 -1.75116e-13 0
2015 5.08814e-13 0
2016 -1.31535e-13 -0
2017 5.62564e-14 -0
2018 -3.46619e-14 0
2019 9.32201e-15 -0
2020 -6.22122e-15 0
2021 1.21074e-15 0
2022 1.09437e-13 0
2023 -5.57527e-14 0
2024 1.61614e-14 -0
2025 9.20281e-13 0
2026 -2.44464e-13 -0
2027 2.42647e-13 -0
2028 -1.01401e-13 0
2029 -5.10512e-13 -0
2030 1.41617e-13 -0
2031 -2.75165e-13 -0
2032 9.31519e-14 0
2033 -7.36275e-14 -0
2034 3.83554e-13 0
2035 -1.02293e-13 0
2036 4.80873e-14 0
2037 -5.34071e-14 0
2038 1.64602e-14 -0
2039 1.37764e-13 -0
2040 -3.59673e-14 0
2041 2.21587e-14 0
2042 -5.56487e-14 -0
2043 1.58331e-14 0
2044 -6.67452e-15 0
2045 -1.81965e-12 0
2046 6.63087e-13 0
2047 -1.04618e-12 0
