0 0 0
1 -0 -0
2 -0 0
3 0 -0
4 -0 0
5 5.72359e-60 -0
6 -1.67429e-60 0
7 7.31217e-61 0
8 -7.06419e-61 0
9 -3.40519e-60 -0
10 9.50153e-61 0
11 -3.60272e-61 -0
12 1.4228e-60 0
13 -1.04114e-60 0
14 3.22511e-61 0
15 1.14982e-60 -0
16 -5.7468e-61 0
17 1.57656e-61 0
18 -2.08613e-61 -0
19 1.72378e-41 -0
20 -5.88807e-42 -0
21 1.63155e-42 0
22 -3.36249e-42 -0
23 1.73022e-42 0
24 -1.33183e-42 -0
25 4.1254e-43 -0
26 2.04639e-42 0
27 -7.97709e-43 -0
28 3.63386e-42 -0
29 -9.63403e-43 0
30 9.74535e-43 0
31 -2.83582e-43 -0
32 -5.0314e-42 -0
33 2.23212e-42 -0
34 -1.37666e-42 -0
35 3.70064e-43 0
36 2.55793e-42 0
37 -3.48076e-42 0
38 1.22539e-42 -0
39 -4.30036e-42 -0
40 1.20511e-42 -0
41 -3.98657e-43 -0
42 -0.849511 0
43 0.637377 -0
44 -0.262528 0
45 -0.993279 -0
46 0.275808 0
47 -0.548164 0
48 0.278369 -0
49 -0.0835733 -0
50 0.0827293 0
51 -0.0222003 0
52 0.208694 -0
53 -0.0801207 0
54 -0.331292 0
55 0.200758 -0
56 -0.0643807 -0
57 0.175199 -0
58 -0.0475619 -0
59 0.0636338 0
60 -0.0298185 -0
61 -0.168894 0
62 0.0492669 0
63 -0.0421105 0
64 0.0130515 0
65 0.159373 -0
66 -0.088108 -0
67 0.02375 0
68 -0.0379527 0
69 0.0138524 0
70 0.0517686 0
71 -0.022733 0
72 0.00635062 0
73 -0.0320567 0
74 0.0215128 -0
75 -0.00735446 -0
76 -0.055171 0
77 0.0630263 0
78 -0.017262 0
79 0.667019 0
80 -0.260814 0
81 0.0776799 -0
82 0.361558 -0
83 -0.280249 0
84 0.0751512 0
85 -0.16128 0
86 0.0523245 0
87 -0.0260302 -0
88 0.0960273 0
89 -0.0274846 -0
90 0.0170753 0
91 0.0685487 0
92 -0.0287246 -0
93 0.0274087 0
94 -0.00757372 -0
95 -0.269417 -0
96 0.0951069 -0
97 -0.715711 0
98 0.220012 -0
99 -0.11907 -0
100 0.166532 0
101 -0.0447348 0
102 -0.171794 0
103 0.0648974 -0
104 -0.0470493 -0
105 0.118706 0
106 -0.0335675 0
107 -0.179291 0
108 0.0595851 -0
109 -0.0266362 -0
110 0.0315788 0
111 -0.00852681 -0
112 0.109729 0
113 -0.0647638 0
114 0.0190043 0
115 0.197278 -0
116 -0.174221 0
117 0.0553238 0
118 -0.102205 0
119 0.0413671 0
120 0.176077 0
121 -0.0479066 0
122 0.0228636 -0
123 -0.0685561 -0
124 0.0198671 0
125 -0.0130342 0
126 -0.0484958 0
127 0.0167226 -0
128 -0.0172505 -0
129 0.00464385 0
130 0.0321299 0
131 -0.00972173 -0
132 0.0050399 -0
133 -0.00773977 0
134 0.00215552 -0
135 0.123092 0
136 -0.0453917 -0
137 0.0376295 -0
138 -0.152221 -0
139 0.065961 -0
140 -0.0176972 0
141 -0.084107 -0
142 0.0263056 -0
143 -0.0148942 0
144 0.101727 -0
145 -0.0279406 -0
146 0.035998 -0
147 -0.0139633 0
148 -0.197046 0
149 0.135973 0
150 -0.0449534 0
151 -0.171817 -0
152 0.04823 -0
153 -0.0223 -0
154 0.0463522 -0
155 -0.0125717 -0
156 0.0139136 0
157 0.0816491 0
158 -0.0290942 -0
159 0.00864218 0
160 -0.139974 -0
161 0.103527 -0
162 -0.0423231 -0
163 0.0121624 -0
164 0.0539397 0
165 -0.0905582 -0
166 0.0292345 0
167 -0.0156675 -0
168 0.00420973 -0
169 -0.0121309 -0
170 -0.0450526 0
171 0.0407058 -0
172 -0.0138197 -0
173 0.00381371 -0
174 -0.00228606 0
175 -0.0183526 0
176 0.0088643 -0
177 -0.0422237 0
178 0.0129373 0
179 -0.00485727 -0
180 0.395888 0
181 -0.108203 0
182 0.109428 0
183 -0.0463129 0
184 -0.187449 0
185 0.0531869 0
186 -0.0420017 0
187 0.10157 -0
188 -0.03062 0
189 0.0198128 -0
190 0.454165 0
191 -0.121896 0
192 0.0441292 0
193 -0.0633472 -0
194 0.0318755 0
195 0.163556 -0
196 -0.0475865 -0
197 0.407941 0
198 -0.161188 0
199 0.0435092 -0
200 -0.0527959 -0
201 -0.199506 -0
202 0.0636767 0
203 -0.0356518 -0
204 0.124255 -0
205 -0.0344407 0
206 0.0290043 0
207 -0.0128655 -0
208 0.0246217 0
209 -0.00824219 0
210 -0.0506033 -0
211 0.0142777 0
212 -0.0097215 0
213 0.258623 0
214 -0.0906428 -0
215 0.0246422 0
216 0.0910435 0
217 -0.0855621 -0
218 0.0266378 0
219 -0.0122096 -0
220 0.0675798 -0
221 -0.01817 0
222 0.0325128 0
223 -0.012392 0
224 -0.0517389 0
225 0.0152386 -0
226 -0.00936789 0
227 -0.103117 -0
228 0.0530015 -0
229 -0.0595736 -0
230 0.0170074 0
231 -0.0055519 -0
232 0.0145975 0
233 -0.0060677 0
234 -0.0285174 -0
235 0.00772304 -0
236 -0.0058941 -0
237 0.0651725 0
238 -0.0194976 -0
239 0.0256175 -0
240 -0.0121171 0
241 0.00324935 0
242 0.0252418 0
243 -0.00867173 0
244 0.00619876 0
245 0.0244301 0
246 -0.00683942 0
247 0.0152714 -0
248 -0.00613146 0
249 0.00351067 -0
250 -0.00110214 -0
251 -0.0177385 -0
252 0.0186669 -0
253 -0.00510901 -0
254 0.0161565 0
255 -0.00587478 -0
256 -0.0217436 0
257 0.00628654 0
258 -0.0054715 0
259 0.00269598 0
260 -0.000726557 0
261 0.00109637 -0
262 0.00597071 0
263 -0.0026035 0
264 0.000803875 -0
265 -0.00364233 0
266 0.00229648 0
267 -0.000632741 0
268 0.319314 -0
269 -0.112792 0
270 -0.507703 0
271 0.276171 0
272 -0.080584 0
273 0.129686 -0
274 -0.124916 -0
275 0.0334307 0
276 -0.0128495 0
277 0.0853338 -0
278 -0.0281808 0
279 -0.298269 0
280 0.240926 -0
281 -0.0668278 0
282 0.0299889 0
283 0.117106 0
284 -0.0354649 0
285 0.0478764 -0
286 -0.0315698 0
287 0.00857776 -0
288 -0.0317435 -0
289 0.0117086 -0
290 0.0605605 -0
291 -0.0315673 0
292 0.00995742 -0
293 -0.234972 0
294 0.0633277 -0
295 -0.0728897 -0
296 0.0311739 0
297 0.223168 -0
298 -0.0632149 -0
299 0.120858 -0
300 -0.0702288 0
301 0.0236557 0
302 0.0959096 0
303 -0.0257362 0
304 0.0178205 0
305 -0.187667 -0
306 0.0734595 -0
307 -0.0216889 0
308 0.0521362 0
309 -0.0168086 0
310 -0.65668 -0
311 0.592696 0
312 -0.163564 -0
313 0.0757746 -0
314 0.360902 -0
315 -0.124663 -0
316 0.155261 0
317 -0.0415252 0
318 0.225956 0
319 -0.166964 0
320 0.0478914 -0
321 -0.019564 -0
322 -0.082191 0
323 0.137854 -0
324 -0.0386133 0
325 0.0196221 0
326 0.298289 -0
327 -0.107065 -0
328 0.114976 0
329 -0.0311067 -0
330 0.101615 0
331 -0.0616379 -0
332 0.0185605 -0
333 0.114195 -0
334 -0.0431635 0
335 -0.167326 -0
336 0.0533611 0
337 -0.0414411 0
338 0.0113343 0
339 -0.0234197 0
340 0.0113005 -0
341 -0.563391 0
342 0.150777 0
343 -0.0631365 -0
344 0.0968134 0
345 -0.0295798 0
346 -0.234482 -0
347 0.129476 -0
348 -0.037449 -0
349 0.0369728 -0
350 0.14841 -0
351 -0.0503221 0
352 0.14196 -0
353 -0.0394592 0
354 0.025479 -0
355 -0.224852 0
356 0.0901105 -0
357 -0.0242122 0
358 0.0199674 -0
359 0.0940332 0
360 -0.0308051 -0
361 0.016276 -0
362 -0.0639805 -0
363 0.0190177 -0
364 0.185683 -0
365 -0.0505049 -0
366 0.0221594 -0
367 -0.0266932 0
368 0.00974271 0
369 0.0379657 -0
370 -0.0108102 0
371 0.00770768 -0
372 -0.0169949 0
373 0.00453982 0
374 -0.0624452 0
375 0.0367863 -0
376 -0.0128647 0
377 0.0118031 0
378 -0.0036636 0
379 -0.0208371 0
380 0.0098303 0
381 -0.00276483 0
382 0.0134608 -0
383 -0.0190834 -0
384 0.00738562 0
385 0.213682 0
386 -0.0585046 0
387 -0.257067 -0
388 0.0853923 0
389 -0.053023 0
390 0.0155271 -0
391 -0.0275707 -0
392 0.0135613 -0
393 -0.00363147 -0
394 -0.322386 0
395 0.279931 0
396 -0.10418 -0
397 0.281822 -0
398 -0.0886759 0
399 -0.355859 -0
400 0.0961191 0
401 -0.0990232 0
402 0.0446034 -0
403 -0.266576 -0
404 0.0737273 -0
405 -0.0494771 0
406 -0.253917 0
407 0.0770247 -0
408 -0.0319903 -0
409 0.0426742 -0
410 -0.0241291 0
411 -0.267709 0
412 0.0716102 -0
413 -0.0232295 -0
414 0.0177111 -0
415 -0.0611785 0
416 0.0177681 0
417 0.0737335 0
418 -0.0262487 -0
419 0.0299262 0
420 -0.00811571 0
421 0.00420739 -0
422 0.0273247 -0
423 -0.010796 0
424 0.0214281 -0
425 -0.0060518 0
426 0.108284 0
427 -0.0333788 -0
428 0.0263702 0
429 0.102163 0
430 -0.043253 -0
431 0.0116418 -0
432 -0.0856445 -0
433 0.0297774 0
434 -0.0283878 -0
435 0.0153501 -0
436 -0.00438698 0
437 -0.0366109 0
438 0.0581536 0
439 -0.0160047 -0
440 0.00738044 -0
441 0.0331366 -0
442 -0.0110842 -0
443 0.00762418 -0
444 -0.0190944 -0
445 0.00570392 -0
446 -0.00152663 -0
447 -0.0249917 0
448 0.00952009 0
449 -0.0121897 -0
450 0.0077699 0
451 -0.0359203 -0
452 0.011513 -0
453 -0.00321565 -0
454 -0.0126932 0
455 0.00631818 -0
456 -0.00531519 0
457 0.00142651 -0
458 -0.044789 0
459 0.018116 0
460 0.1053 0
461 -0.0309531 0
462 0.056797 0
463 -0.0327746 -0
464 0.0112796 -0
465 -0.0123705 -0
466 0.00336018 0
467 0.0163926 0
468 -0.00725917 0
469 0.0215246 0
470 -0.00618963 -0
471 0.00448742 0
472 -0.00139998 0
473 0.0164784 -0
474 -0.0061696 -0
475 0.00899357 -0
476 -0.00242255 0
477 -0.0105061 0
478 0.00500843 -0
479 -0.00140513 0
480 -0.0191806 -0
481 0.0169298 -0
482 -0.00551707 -0
483 0.0126456 0
484 -0.00755697 0
485 0.0020192 -0
486 0.0144053 0
487 -0.00617965 0
488 0.00188068 0
489 0.00731785 -0
490 -0.00737655 0
491 0.00268677 0
492 -0.00073298 -0
493 0.00584783 -0
494 -0.00312478 0
495 0.0116359 -0
496 -0.0034456 0
497 0.00406125 -0
498 -0.00161456 -0
499 -0.112879 -0
500 0.032065 0
501 -0.024056 0
502 -0.0988491 -0
503 0.0336075 -0
504 -0.00903046 -0
505 0.0156019 -0
506 -0.00784326 0
507 -0.0422847 0
508 0.0134123 0
509 -0.00879277 -0
510 0.00244003 -0
511 -0.00521397 -0
512 0.00214763 0
513 0.0198535 0
514 -0.00537268 0
515 0.00436807 -0
516 -0.00155817 -0
517 0.00906068 0
518 -0.00263951 0
519 0.00360297 0
520 -0.00163668 -0
521 -0.0063834 -0
522 0.00175192 -0
523 -0.000979421 -0
524 -0.075303 0
525 0.0227165 0
526 -0.0224776 -0
527 0.0741837 -0
528 -0.0199885 0
529 0.00743788 -0
530 0.031889 -0
531 -0.0203192 -0
532 0.00678546 0
533 0.0367331 -0
534 -0.0180794 -0
535 0.00563227 -0
536 -0.00886764 -0
537 0.00248603 0
538 0.0334362 -0
539 -0.0240052 0
540 0.0105756 0
541 -0.00284865 -0
542 0.00793942 -0
543 -0.00856044 -0
544 0.00303148 -0
545 0.0119492 -0
546 -0.00347486 -0
547 0.0170905 0
548 -0.00673736 -0
549 0.00357332 -0
550 -0.000980609 0
551 -0.00614814 -0
552 0.00798659 -0
553 -0.00254502 0
554 0.00222525 -0
555 0.00798791 -0
556 -0.00222015 -0
557 0.00105358 0
558 -0.0128189 0
559 0.00390151 0
560 -0.00242942 -0
561 0.00418638 0
562 -0.00112705 0
563 0.000381807 0
564 -0.0162241 0
565 0.00625712 -0
566 0.0289982 -0
567 -0.0275926 0
568 0.0081 0
569 -0.00467412 -0
570 0.0179093 -0
571 -0.00485317 -0
572 -0.017714 0
573 0.00753154 -0
574 -0.00517372 -0
575 0.00167922 0
576 -0.00334064 0
577 0.000946852 -0
578 0.00943819 -0
579 -0.00343089 -0
580 0.00391656 0
581 -0.00106827 -0
582 0.00814791 -0
583 -0.00421612 -0
584 0.00130081 -0
585 -0.00105569 0
586 -0.00403024 -0
587 0.0010871 -0
588 0.0204966 0
589 -0.00925912 0
590 0.013367 -0
591 -0.0046208 0
592 0.00132884 0
593 0.00759503 -0
594 -0.00421446 0
595 0.0106686 -0
596 -0.00297691 0
597 0.00120955 -0
598 -0.00697335 0
599 0.00517127 0
600 -0.00171154 -0
601 -0.00701453 0
602 0.00188748 -0
603 -0.00209315 -0
604 0.000799642 -0
605 -0.0196454 0
606 0.00587118 -0
607 -0.00346594 0
608 -0.012668 0
609 0.00348699 -0
610 -0.00739643 -0
611 0.00341438 -0
612 -0.00107613 -0
613 0.000991733 -0
614 0.00474037 -0
615 -0.00128359 0
616 0.000861638 0
617 -0.00248823 -0
618 0.000886132 -0
619 0.00753994 0
620 -0.00212533 0
621 0.00285314 0
622 -0.00124422 0
623 0.000368479 -0
624 -0.0674691 0
625 0.0524666 0
626 -0.0140819 -0
627 -0.0525553 0
628 0.019391 -0
629 -0.0319389 -0
630 0.0157537 0
631 -0.00505664 -0
632 0.0212394 -0
633 -0.00604356 0
634 -0.0340184 0
635 0.013973 0
636 -0.0163941 -0
637 0.00445102 0
638 -0.00311696 -0
639 -0.0491671 -0
640 0.0167027 0
641 0.0673396 0
642 -0.0193846 0
643 0.0115581 0
644 -0.0405541 0
645 0.0157481 0
646 -0.00423514 0
647 0.00375814 0
648 -0.0455228 -0
649 0.0139431 -0
650 -0.00650769 0
651 0.00986329 0
652 -0.00271695 0
653 -0.0220301 -0
654 0.0117476 -0
655 -0.0041056 -0
656 -0.0193235 0
657 0.00582758 0
658 -0.0130707 0
659 0.00841268 -0
660 -0.00234441 -0
661 0.00237728 0
662 0.00909939 -0
663 -0.0029724 -0
664 0.0012423 0
665 -0.00846128 -0
666 0.00226867 -0
667 -0.00282656 -0
668 0.0014383 0
669 0.0567025 0
670 -0.0165385 0
671 0.00620779 0
672 -0.011527 -0
673 0.00313097 -0
674 0.012469 0
675 -0.00994833 -0
676 0.00334262 -0
677 -0.0103812 -0
678 0.00501025 0
679 -0.00137082 0
680 -0.00772076 0
681 0.00483945 -0
682 -0.00150216 0
683 -0.0164972 0
684 0.0065607 0
685 -0.00559823 0
686 0.0015851 0
687 -0.00827428 -0
688 0.002997 -0
689 0.0108078 -0
690 -0.00291187 0
691 0.00317244 -0
692 -0.00177981 0
693 0.000529273 -0
694 -0.00872177 -0
695 0.00374695 -0
696 -0.00731016 -0
697 0.00202777 0
698 0.00887717 0
699 -0.00667098 0
700 0.00213569 0
701 -0.0034156 -0
702 0.0015152 0
703 0.0104534 0
704 -0.00282622 -0
705 0.000984248 0
706 -0.000951326 -0
707 0.00825927 -0
708 -0.00240002 0
709 0.00146497 -0
710 0.00553961 0
711 -0.00152113 0
712 0.00386352 0
713 -0.00155125 0
714 0.000465322 0
715 0.00788197 -0
716 -0.00396055 0
717 0.00286762 0
718 -0.000771588 -0
719 0.0010809 -0
720 -0.00035909 0
721 -0.00171417 -0
722 0.000488665 -0
723 -0.00170132 0
724 0.000644804 -0
725 -0.000356114 -0
726 -0.00125329 -0
727 0.000393892 0
728 -0.000369454 0
729 0.0284435 0
730 -0.00798921 0
731 0.00379183 0
732 -0.00458411 0
733 0.00157237 -0
734 0.0103878 -0
735 -0.00280273 0
736 0.00183684 -0
737 -0.0109773 -0
738 0.00334027 0
739 -0.00578207 -0
740 0.0023587 0
741 0.00971677 -0
742 -0.00265345 -0
743 0.00219079 0
744 -0.000798885 -0
745 0.00329231 0
746 -0.000946812 -0
747 0.000540871 0
748 0.00464743 0
749 -0.00150277 0
750 0.00327966 0
751 -0.000881244 0
752 0.000400215 0
753 0.00156531 0
754 -0.00156334 -0
755 0.000459674 0
756 -0.000239423 0
757 0.00590805 0
758 -0.00163212 -0
759 0.00124043 -0
760 0.00542572 -0
761 -0.00209891 0
762 0.00306615 -0
763 -0.000969318 0
764 0.0026728 0
765 -0.000723931 0
766 0.00030557 -0
767 0.0080147 0
768 -0.00542159 -0
769 0.00192199 -0
770 0.00699963 0
771 -0.00195789 0
772 0.00226515 0
773 -0.00110981 0
774 0.0112904 0
775 -0.0030329 0
776 0.000997986 0
777 0.0052063 0
778 -0.00304456 0
779 0.000870859 -0
780 -0.0020613 -0
781 0.00179203 0
782 -0.000547733 0
783 0.000240564 -0
784 0.00253199 0
785 -0.000689709 0
786 0.000908095 0
787 -0.000334639 -0
788 -0.00123423 -0
789 0.00561232 -0
790 -0.00164189 0
791 0.00104796 0
792 -0.000355592 -0
793 0.000647242 0
794 -0.000174281 -0
795 -0.000816262 0
796 0.000442176 -0
797 -0.000174659 0
798 0.0124085 0
799 -0.00341979 0
800 0.00351446 -0
801 -0.0025114 -0
802 0.000748908 0
803 0.00336622 -0
804 -0.00138158 0
805 0.00380155 -0
806 -0.0010356 0
807 0.000319387 0
808 -0.00327379 -0
809 0.00149454 -0
810 -0.00130779 0
811 -0.0100267 -0
812 0.00353472 0
813 -0.000947117 0
814 0.00180771 -0
815 -0.000909879 0
816 0.000253897 -0
817 -0.00129923 0
818 0.000871285 -0
819 -0.000279186 0
820 -0.00121309 0
821 0.00142297 0
822 -0.000377521 -0
823 0.000141894 0
824 0.00539497 0
825 -0.00157849 0
826 0.000952084 -0
827 -0.00315473 -0
828 0.00139092 -0
829 0.00663861 0
830 -0.00190601 0
831 0.00144265 -0
832 -0.00047789 0
833 0.000680419 -0
834 0.00639655 -0
835 -0.0017476 0
836 0.000645809 -0
837 -0.000647599 -0
838 0.000337592 0
839 -9.02721e-05 -0
840 -0.000381568 -0
841 0.000116834 0
842 -0.000535505 -0
843 0.000253256 0
844 -0.00267276 0
845 0.000907971 0
846 -0.000708441 0
847 0.000196368 -0
848 -0.000316541 -0
849 -0.00274355 0
850 0.000734412 0
851 -0.000418613 0
852 0.000130576 -0
853 -0.00028573 -0
854 0.000118832 0
855 0.000765473 -0
856 -0.000223645 -0
857 0.000232721 -0
858 -6.12928e-05 -0
859 -0.00103074 -0
860 0.000404149 0
861 -0.000534759 0
862 0.000293857 0
863 -8.12156e-05 -0
864 0.000480983 0
865 -0.000167902 -0
866 0.000150793 -0
867 0.000813488 -0
868 -0.00021553 -0
869 0.000145029 -0
870 -4.69818e-05 -0
871 0.000171924 0
872 -4.97157e-05 -0
873 2.31661e-05 0
874 0.000318949 0
875 -8.91053e-05 -0
876 0.000125547 0
877 -4.94018e-05 0
878 3.64529e-05 0
879 0.000191067 0
880 -5.07249e-05 -0
881 0.00012201 0
882 -5.341e-05 0
883 1.62792e-05 0
884 0.000653812 0
885 -0.000179007 0
886 0.000112785 -0
887 -0.000135708 0
888 4.68202e-05 -0
889 0.0002914 0
890 -7.74377e-05 -0
891 0.000161132 0
892 -6.17821e-05 -0
893 5.21975e-05 -0
894 -1.50763e-05 -0
895 -0.00122638 0
896 0.000602184 0
897 -0.000195287 -0
898 -0.000675228 0
899 0.00018592 -0
900 -0.000113305 -0
901 0.000598512 -0
902 -0.000228292 0
903 0.000418263 -0
904 -0.00012127 0
905 -0.000461192 -0
906 0.000319193 0
907 -0.000108089 -0
908 0.000103834 0
909 -2.80183e-05 0
910 -0.000167714 0
911 7.1233e-05 -0
912 -0.000264205 0
913 8.17116e-05 -0
914 -4.56244e-05 0
915 1.26638e-05 0
916 -0.000489642 0
917 0.00057935 0
918 -0.000261638 -0
919 -0.00130884 -0
920 0.000373236 -0
921 -0.000278831 0
922 9.63958e-05 0
923 -0.000209313 -0
924 5.65231e-05 0
925 0.00061259 0
926 -0.000183863 -0
927 0.000252302 -0
928 -0.00013285 0
929 -0.000478834 -0
930 0.000178068 -0
931 -0.00108291 0
932 0.000295139 0
933 -0.000186867 0
934 5.8564e-05 0
935 0.000245722 0
936 -0.000105394 0
937 0.000117506 -0
938 -3.32015e-05 -0
939 0.000335378 -0
940 -0.000158915 0
941 4.27313e-05 0
942 -0.000111712 0
943 9.12929e-05 0
944 -2.98403e-05 -0
945 -0.000106656 0
946 4.1037e-05 -0
947 -6.36605e-05 0
948 1.77863e-05 -0
949 0.000134015 0
950 -7.78293e-05 -0
951 2.31134e-05 -0
952 -0.000287122 0
953 0.000111752 -0
954 -9.0967e-05 -0
955 2.38179e-05 0
956 -5.21162e-05 -0
957 1.6626e-05 -0
958 0.000125321 0
959 -7.69142e-05 -0
960 2.15277e-05 -0
961 -3.20571e-05 0
962 1.45514e-05 0
963 -4.38053e-06 0
964 -5.74931e-05 0
965 1.53373e-05 -0
966 -1.39321e-05 0
967 5.84874e-06 0
968 2.31609e-05 0
969 -7.72148e-06 0
970 3.10313e-06 0
971 -2.70222e-06 0
972 -1.60365e-07 0
973 2.52419e-07 -0
974 -2.531e-06 0
975 1.74561e-06 -0
976 -0.000205081 -0
977 5.68595e-05 0
978 -0.000132803 0
979 4.4659e-05 0
980 -3.03048e-05 -0
981 8.06157e-06 -0
982 4.08775e-05 -0
983 -1.59781e-05 -0
984 1.77781e-05 -0
985 -5.36155e-06 0
986 -0.000107981 -0
987 3.05816e-05 0
988 -1.84084e-05 -0
989 9.2919e-05 0
990 -2.39583e-05 0
991 1.01781e-05 -0
992 8.53589e-05 -0
993 -0.000106608 -0
994 3.37258e-05 0
995 -2.62458e-05 -0
996 9.41828e-06 -0
997 -2.50578e-06 0
998 4.1859e-06 0
999 -2.01046e-06 0
1000 -1.50968e-05 -0
1001 3.96116e-06 0
1002 -8.01113e-06 0
1003 2.25225e-06 -0
1004 -1.4457e-06 0
1005 4.65093e-07 -0
1006 2.07235e-05 0
1007 -5.92059e-06 -0
1008 3.10498e-06 0
1009 -5.44278e-06 0
1010 1.36992e-06 -0
1011 -4.2217e-07 -0
1012 -0.00125245 0
1013 0.00093986 -0
1014 -0.000387155 0
1015 0.000713537 -0
1016 -0.000192089 0
1017 -0.000737279 0
1018 0.000361065 0
1019 -0.0001028 0
1020 0.000135809 -0
1021 0.00070632 0
1022 -0.000239863 0
1023 0.000157369 -0
1024 -4.71373e-05 0
1025 0.00014425 -0
1026 -0.000134086 0
1027 3.64195e-05 -0
1028 0.00101167 0
1029 -0.000370468 0
1030 0.000187599 0
1031 0.000737836 0
1032 -0.000234077 -0
1033 6.28019e-05 0
1034 -9.87354e-05 -0
1035 0.000840021 0
1036 -0.000333463 -0
1037 9.34091e-05 -0
1038 -6.48527e-05 -0
1039 -0.000572577 -0
1040 0.000166877 -0
1041 -0.000188034 0
1042 8.82332e-05 -0
1043 0.000404267 -0
1044 -0.000134475 -0
1045 0.000296289 0
1046 -7.96922e-05 -0
1047 4.66961e-05 -0
1048 -1.42761e-05 0
1049 -7.79655e-05 -0
1050 6.5308e-05 -0
1051 -2.53372e-05 0
1052 9.57987e-05 -0
1053 -2.65103e-05 0
1054 -9.85507e-05 0
1055 4.37795e-05 0
1056 -4.31221e-05 0
1057 1.26847e-05 -0
1058 -0.000703796 -0
1059 0.000246783 -0
1060 -0.000147641 0
1061 3.98368e-05 -0
1062 -0.000102659 -0
1063 0.000125973 -0
1064 -5.20577e-05 -0
1065 -0.000436151 -0
1066 0.000119296 -0
1067 -6.11834e-05 0
1068 0.000380359 -0
1069 -0.000124755 0
1070 -0.000568181 -0
1071 0.000163752 0
1072 -0.00012375 0
1073 0.000209835 0
1074 -5.60075e-05 -0
1075 2.01078e-05 0
1076 0.000288591 0
1077 -0.000182936 0
1078 5.6732e-05 0
1079 0.000230396 0
1080 -0.000110648 0
1081 3.08066e-05 0
1082 -3.27959e-05 -0
1083 0.000142323 -0
1084 -4.26616e-05 0
1085 2.34606e-05 -0
1086 0.000154586 -0
1087 -4.14589e-05 0
1088 6.07815e-05 -0
1089 -2.25588e-05 0
1090 0.000204275 -0
1091 -6.84634e-05 -0
1092 4.81404e-05 0
1093 -1.3088e-05 -0
1094 -6.17571e-05 0
1095 2.65002e-05 -0
1096 -4.97534e-05 -0
1097 1.59947e-05 -0
1098 -1.49611e-05 -0
1099 4.21526e-06 0
1100 0.000112156 -0
1101 -4.38205e-05 0
1102 0.000136858 0
1103 -3.66251e-05 0
1104 -0.000142536 0
1105 7.60066e-05 0
1106 -2.30674e-05 -0
1107 2.70868e-05 -0
1108 -1.24558e-05 0
1109 0.000204693 0
1110 -5.88123e-05 -0
1111 4.7357e-05 -0
1112 0.000252304 0
1113 -6.79302e-05 -0
1114 2.36385e-05 0
1115 -1.58452e-05 0
1116 7.83536e-05 -0
1117 -2.47645e-05 0
1118 3.35821e-05 -0
1119 -9.19185e-06 0
1120 -0.000102446 0
1121 3.91416e-05 -0
1122 -2.24749e-05 -0
1123 -9.29026e-05 0
1124 2.59717e-05 -0
1125 -6.47622e-05 -0
1126 3.06054e-05 -0
1127 -2.63346e-05 -0
1128 7.68597e-06 -0
1129 0.000391259 -0
1130 -0.000104698 -0
1131 4.42134e-05 -0
1132 -7.40582e-05 0
1133 2.64708e-05 0
1134 0.000156693 0
1135 -9.8571e-05 -0
1136 3.05179e-05 0
1137 -0.000121896 -0
1138 3.30186e-05 -0
1139 -3.39474e-05 -0
1140 -0.000131652 0
1141 6.57934e-05 -0
1142 -2.25157e-05 -0
1143 6.40978e-06 -0
1144 -0.000158488 0
1145 0.000319778 -0
1146 -0.000143506 0
1147 3.95181e-05 0
1148 0.000175696 0
1149 -0.000127048 0
1150 4.10828e-05 -0
1151 -5.21396e-05 -0
1152 1.40259e-05 0
1153 0.000106407 -0
1154 -4.03098e-05 -0
1155 2.24552e-05 -0
1156 -0.000151501 -0
1157 4.56932e-05 0
1158 -4.36278e-05 -0
1159 1.7616e-05 0
1160 9.84892e-05 0
1161 -2.63291e-05 -0
1162 6.32202e-05 0
1163 -1.81058e-05 -0
1164 1.41672e-05 0
1165 -4.72984e-06 -0
1166 -8.51142e-05 0
1167 5.20972e-05 0
1168 -1.44966e-05 0
1169 -5.61957e-05 -0
1170 2.06059e-05 0
1171 -3.22826e-05 0
1172 1.68645e-05 0
1173 -4.5828e-06 -0
1174 1.56637e-05 -0
1175 -4.89419e-06 -0
1176 5.60006e-06 -0
1177 2.34625e-05 0
1178 -1.01966e-05 -0
1179 3.00629e-06 0
1180 -3.62834e-05 -0
1181 9.72138e-06 -0
1182 -8.18443e-06 0
1183 3.21784e-06 0
1184 2.88715e-05 0
1185 -1.91721e-05 0
1186 5.87776e-06 0
1187 -3.23695e-05 -0
1188 8.83666e-06 -0
1189 -1.23383e-05 0
1190 5.71608e-06 -0
1191 2.91563e-05 -0
1192 -1.00891e-05 -0
1193 5.46439e-06 0
1194 -1.53484e-06 -0
1195 4.14495e-06 -0
1196 1.65872e-05 -0
1197 -5.43946e-06 0
1198 4.88101e-06 0
1199 -1.31046e-06 -0
1200 -7.37099e-05 -0
1201 3.08485e-05 0
1202 -2.16483e-05 0
1203 6.33842e-06 -0
1204 -1.26429e-05 0
1205 -7.73755e-05 -0
1206 2.82756e-05 0
1207 -7.86256e-06 -0
1208 8.42742e-06 0
1209 -4.34967e-06 0
1210 5.39134e-05 -0
1211 -1.72903e-05 0
1212 -7.38871e-05 -0
1213 1.98624e-05 -0
1214 -1.17222e-05 -0
1215 1.60012e-05 0
1216 -4.78199e-06 0
1217 -4.9075e-05 -0
1218 2.10453e-05 0
1219 -4.81339e-05 0
1220 1.30966e-05 0
1221 -1.01685e-05 -0
1222 3.45146e-06 -0
1223 1.25399e-05 -0
1224 -4.66811e-06 0
1225 2.38859e-05 -0
1226 -6.796e-06 0
1227 3.0499e-06 0
1228 -0.000159115 -0
1229 0.000174694 0
1230 -4.67424e-05 -0
1231 3.00121e-05 0
1232 -9.47923e-06 -0
1233 -4.00844e-05 -0
1234 7.15387e-05 -0
1235 -2.78611e-05 0
1236 7.96704e-06 0
1237 -3.90229e-06 0
1238 1.4954e-05 0
1239 -4.08238e-06 0
1240 -1.91991e-05 -0
1241 1.53665e-05 -0
1242 -5.4258e-06 -0
1243 -7.91648e-05 -0
1244 2.35344e-05 0
1245 -1.34597e-05 -0
1246 1.66254e-05 -0
1247 -4.49354e-06 0
1248 1.31649e-05 0
1249 -5.39204e-06 0
1250 -2.1537e-05 0
1251 5.98748e-06 0
1252 -5.49779e-06 0
1253 1.81963e-06 -0
1254 -1.35893e-05 0
1255 9.28179e-06 -0
1256 -2.79831e-06 -0
1257 -1.60311e-05 0
1258 7.31039e-06 0
1259 -1.95892e-06 0
1260 2.99427e-06 -0
1261 -1.12952e-06 -0
1262 -2.66274e-05 0
1263 7.7247e-06 0
1264 -5.75643e-06 0
1265 -2.16021e-05 0
1266 1.03494e-05 0
1267 -2.85582e-06 -0
1268 6.76707e-06 -0
1269 -2.33564e-06 0
1270 -1.75508e-05 0
1271 1.05267e-05 -0
1272 -3.31347e-06 -0
1273 3.39329e-06 0
1274 -9.16962e-07 0
1275 1.53461e-05 -0
1276 -6.18199e-06 -0
1277 1.00947e-05 0
1278 -2.83509e-06 0
1279 -1.44236e-05 0
1280 7.36609e-06 -0
1281 -2.47021e-05 0
1282 7.95142e-06 -0
1283 -7.01914e-06 -0
1284 1.91346e-06 0
1285 7.40549e-06 -0
1286 -2.64535e-06 0
1287 3.11127e-06 0
1288 -9.16466e-07 -0
1289 8.85209e-06 -0
1290 -4.75519e-06 0
1291 1.27835e-06 -0
1292 1.34456e-05 0
1293 -5.81995e-06 -0
1294 3.84173e-06 -0
1295 -1.17656e-06 -0
1296 2.49157e-06 -0
1297 1.12307e-05 -0
1298 -4.33183e-06 0
1299 1.16078e-06 0
1300 -1.52274e-06 -0
1301 4.38126e-07 0
1302 -1.94726e-06 -0
1303 1.18665e-06 0
1304 -4.03849e-07 -0
1305 -2.58274e-06 0
1306 7.21754e-07 0
1307 -5.96464e-07 -0
1308 1.80024e-05 0
1309 -8.91461e-06 -0
1310 2.90308e-06 -0
1311 1.13185e-05 0
1312 -3.09602e-06 0
1313 5.20087e-06 -0
1314 -2.17608e-06 0
1315 1.58817e-06 -0
1316 -4.74415e-07 -0
1317 2.86624e-06 -0
1318 -1.02787e-06 0
1319 -4.33044e-06 0
1320 1.16895e-06 0
1321 -1.15033e-06 0
1322 5.267e-07 -0
1323 1.88275e-05 -0
1324 -5.33423e-06 0
1325 1.49136e-05 0
1326 -8.23073e-06 0
1327 2.54212e-06 0
1328 -2.87102e-06 -0
1329 7.69999e-07 -0
1330 4.72386e-06 0
1331 -1.88223e-06 0
1332 3.53874e-06 -0
1333 -1.17734e-06 0
1334 7.32889e-07 0
1335 3.49624e-06 0
1336 -9.67651e-07 0
1337 3.61899e-07 0
1338 -1.2988e-06 0
1339 9.09591e-07 -0
1340 -2.64379e-07 0
1341 -2.46169e-06 -0
1342 1.19538e-06 0
1343 -1.75022e-06 -0
1344 4.75816e-07 0
1345 1.95039e-06 0
1346 -6.21922e-07 -0
1347 5.25018e-07 0
1348 -2.3105e-07 0
1349 5.29755e-06 0
1350 -1.4175e-06 -0
1351 4.97056e-07 -0
1352 -2.48986e-06 0
1353 2.35624e-06 0
1354 -6.71447e-07 -0
1355 -2.70774e-06 -0
1356 1.42679e-06 -0
1357 -4.33796e-07 -0
1358 -8.76883e-06 -0
1359 3.60781e-06 -0
1360 -4.53184e-06 -0
1361 1.22081e-06 0
1362 -2.91336e-06 0
1363 2.19645e-06 0
1364 -6.50076e-07 -0
1365 -4.61311e-06 -0
1366 1.76235e-06 -0
1367 -9.97725e-07 0
1368 2.74274e-07 0
1369 1.03764e-06 0
1370 -3.49869e-07 -0
1371 6.97974e-07 -0
1372 -4.5378e-07 0
1373 1.27998e-07 -0
1374 -1.10821e-06 0
1375 5.21337e-07 -0
1376 -1.39923e-07 -0
1377 -6.86226e-07 -0
1378 7.41573e-07 -0
1379 -2.31356e-07 -0
1380 8.43349e-08 0
1381 -3.32857e-07 0
1382 3.117e-07 0
1383 -7.52582e-08 0
1384 3.26444e-08 -0
1385 8.36767e-08 -0
1386 -3.3592e-08 0
1387 2.12118e-07 0
1388 -7.55122e-08 0
1389 3.89213e-08 -0
1390 -8.6753e-09 0
1391 -1.68289e-06 0
1392 4.42124e-07 0
1393 -2.14536e-07 0
1394 6.15221e-07 -0
1395 -2.31661e-07 0
1396 1.6403e-07 0
1397 -4.39729e-08 0
1398 -2.54677e-07 0
1399 8.55531e-08 -0
1400 -1.16999e-07 -0
1401 3.40284e-08 0
1402 2.9598e-07 0
1403 -2.01702e-07 0
1404 5.39949e-08 -0
1405 4.30625e-08 0
1406 -3.0317e-08 -0
1407 1.8481e-07 0
1408 -5.69887e-08 -0
1409 2.32079e-08 -0
1410 -1.97987e-07 0
1411 1.51563e-07 -0
1412 -4.3733e-08 0
1413 1.86266e-08 0
1414 1.67e-07 -0
1415 -4.83658e-08 -0
1416 3.57673e-08 -0
1417 1.41056e-08 0
1418 -7.41552e-09 0
1419 2.32288e-08 0
1420 -1.14332e-08 0
1421 3.5237e-09 0
1422 -2.11852e-06 0
1423 3.72057e-06 0
1424 -1.31319e-06 -0
1425 7.10628e-07 -0
1426 -2.03987e-07 -0
1427 -9.92813e-07 -0
1428 8.36413e-07 0
1429 -2.23077e-07 0
1430 6.76591e-07 0
1431 -3.12576e-07 -0
1432 1.03554e-07 0
1433 6.91998e-07 0
1434 -9.18718e-07 -0
1435 2.55964e-07 0
1436 1.0488e-06 -0
1437 -3.16236e-07 -0
1438 2.09463e-07 0
1439 -8.07452e-08 0
1440 2.01519e-07 0
1441 -5.48967e-08 0
1442 -1.18797e-06 0
1443 1.09079e-06 0
1444 -5.23728e-07 -0
1445 1.64356e-07 0
1446 -1.17034e-06 -0
1447 3.12341e-07 -0
1448 -1.87226e-07 0
1449 -1.05914e-06 0
1450 3.59503e-07 0
1451 -3.77973e-07 0
1452 1.097e-07 -0
1453 -4.62155e-08 -0
1454 5.68603e-07 0
1455 -4.40866e-07 -0
1456 1.18864e-07 0
1457 4.9621e-07 0
1458 -1.84904e-07 -0
1459 3.11846e-07 0
1460 -8.87241e-08 0
1461 3.64242e-07 0
1462 -2.06992e-07 -0
1463 6.71422e-08 0
1464 7.54943e-07 0
1465 -3.39074e-07 -0
1466 9.06786e-08 0
1467 -1.25533e-07 -0
1468 -5.73465e-07 0
1469 1.70236e-07 -0
1470 -1.21271e-07 -0
1471 4.34879e-08 -0
1472 -1.02639e-07 0
1473 2.84267e-08 -0
1474 -1.49473e-08 -0
1475 -5.32323e-07 -0
1476 2.16694e-07 0
1477 -2.1875e-07 0
1478 5.9145e-08 0
1479 3.04552e-07 0
1480 -9.59673e-08 0
1481 4.52481e-07 -0
1482 -2.27594e-07 -0
1483 -7.49386e-07 -0
1484 2.13533e-07 0
1485 -2.75552e-07 0
1486 9.75767e-08 -0
1487 -8.26893e-08 -0
1488 2.25773e-08 -0
1489 8.36573e-08 0
1490 -3.54083e-08 0
1491 9.00655e-08 -0
1492 -2.68466e-08 0
1493 4.70444e-07 -0
1494 -2.95783e-07 0
1495 9.64186e-08 -0
1496 -2.66534e-08 0
1497 4.62384e-08 -0
1498 -2.60983e-08 0
1499 -1.58818e-07 0
1500 6.09068e-08 -0
1501 -1.6485e-08 0
1502 1.05633e-07 0
1503 -7.38294e-08 0
1504 -2.84662e-07 -0
1505 8.77208e-08 -0
1506 -3.88747e-08 -0
1507 4.60961e-08 -0
1508 -1.31405e-08 0
1509 -7.26069e-08 0
1510 2.51139e-08 0
1511 -2.57019e-08 0
1512 1.38523e-08 0
1513 2.93049e-08 0
1514 -8.43673e-09 -0
1515 2.39862e-08 0
1516 -8.62746e-09 -0
1517 4.30238e-08 -0
1518 -1.22137e-08 0
1519 9.92097e-09 -0
1520 2.88766e-08 0
1521 -1.11968e-08 -0
1522 5.65902e-09 -0
1523 -1.7433e-09 0
1524 2.63017e-09 0
1525 -8.76044e-10 -0
1526 3.89225e-11 0
1527 2.75162e-10 -0
1528 -2.41518e-08 -0
1529 8.00087e-09 0
1530 -3.33535e-09 0
1531 -6.85311e-09 0
1532 2.10808e-09 0
1533 -2.70173e-09 0
1534 1.31103e-09 -0
1535 -5.92128e-07 0
1536 1.60004e-07 0
1537 -2.44676e-07 -0
1538 1.388e-07 -0
1539 -4.88332e-08 -0
1540 1.36635e-07 -0
1541 -3.75239e-08 -0
1542 -2.09358e-07 -0
1543 6.2903e-08 -0
1544 -5.42086e-08 0
1545 2.27812e-08 0
1546 8.95335e-08 -0
1547 -2.39448e-08 0
1548 2.28469e-07 -0
1549 -1.17365e-07 0
1550 3.92305e-08 0
1551 -2.75652e-08 -0
1552 7.97505e-09 0
1553 1.07809e-07 0
1554 -1.48908e-07 0
1555 4.62449e-08 -0
1556 -8.84335e-08 0
1557 3.44577e-08 -0
1558 1.59707e-07 0
1559 -4.49467e-08 -0
1560 2.65888e-08 0
1561 -9.46539e-08 -0
1562 2.54706e-08 0
1563 -2.8242e-08 0
1564 1.0096e-08 -0
1565 -1.61058e-07 -0
1566 7.36847e-08 0
1567 -2.03995e-08 -0
1568 -1.42605e-07 -0
1569 1.05471e-07 0
1570 -3.31158e-08 -0
1571 -1.48663e-07 0
1572 3.97108e-08 -0
1573 -3.69387e-08 0
1574 1.97973e-08 -0
1575 -5.10413e-08 -0
1576 1.45107e-08 -0
1577 -5.54224e-09 -0
1578 -1.40148e-07 -0
1579 9.1039e-08 0
1580 -2.47684e-08 0
1581 -9.84199e-08 0
1582 3.32819e-08 -0
1583 -1.58978e-07 -0
1584 7.72274e-08 -0
1585 -2.3629e-08 0
1586 3.98762e-08 0
1587 -3.29198e-08 -0
1588 9.68199e-09 0
1589 -4.02738e-09 0
1590 -4.64818e-08 0
1591 1.25866e-08 0
1592 -1.58885e-08 0
1593 5.88964e-09 -0
1594 2.98708e-08 0
1595 -7.98816e-09 -0
1596 1.74465e-08 -0
1597 -7.68776e-09 0
1598 1.40858e-07 0
1599 -4.53982e-08 -0
1600 2.99864e-08 -0
1601 -8.2001e-09 -0
1602 -3.53811e-08 0
1603 3.37092e-08 0
1604 -9.75927e-09 -0
1605 4.78353e-08 -0
1606 -2.45039e-08 0
1607 8.44141e-09 0
1608 7.25034e-08 -0
1609 -2.04082e-08 -0
1610 1.55716e-08 -0
1611 -6.19499e-09 0
1612 1.70824e-08 0
1613 -4.56684e-09 -0
1614 6.33786e-09 -0
1615 -3.60035e-09 0
1616 -1.70685e-08 -0
1617 5.38707e-09 0
1618 -1.61666e-09 0
1619 9.23673e-09 -0
1620 -4.29135e-09 -0
1621 1.1303e-09 -0
1622 -1.22579e-09 -0
1623 -9.80779e-09 0
1624 3.49221e-09 -0
1625 -2.11378e-09 0
1626 5.77072e-10 -0
1627 4.80525e-08 0
1628 -8.67854e-08 -0
1629 3.70861e-08 0
1630 -1.22375e-08 -0
1631 -5.66913e-08 -0
1632 1.54677e-08 0
1633 -1.60676e-08 -0
1634 6.56243e-08 -0
1635 -1.94573e-08 0
1636 9.6688e-09 -0
1637 -7.69526e-09 0
1638 2.05284e-09 -0
1639 1.94227e-08 -0
1640 -7.36074e-09 0
1641 1.72874e-08 -0
1642 -4.94882e-09 0
1643 2.75786e-09 -0
1644 1.09362e-08 -0
1645 -3.41244e-09 0
1646 3.02203e-09 -0
1647 -3.90665e-08 -0
1648 1.0853e-08 -0
1649 -4.38957e-09 -0
1650 5.67079e-09 0
1651 2.98666e-08 0
1652 -7.99617e-09 -0
1653 5.79135e-09 -0
1654 -1.98306e-09 0
1655 3.903e-09 0
1656 -1.7428e-09 0
1657 -3.34447e-08 0
1658 9.05907e-09 -0
1659 -5.39754e-09 0
1660 1.73825e-09 0
1661 7.26688e-09 -0
1662 -2.80113e-08 -0
1663 8.0715e-09 -0
1664 -2.94032e-09 0
1665 3.15802e-09 0
1666 -2.15837e-09 -0
1667 6.49475e-10 -0
1668 4.13686e-09 0
1669 -1.92672e-09 -0
1670 1.24352e-08 -0
1671 -3.31314e-09 0
1672 5.15463e-09 -0
1673 -1.44758e-09 0
1674 5.67659e-10 -0
1675 3.48513e-08 -0
1676 -1.90303e-08 0
1677 -7.56803e-08 -0
1678 2.56138e-08 -0
1679 -7.04622e-09 -0
1680 6.81083e-09 -0
1681 -2.05483e-08 0
1682 6.33105e-09 0
1683 -2.76034e-09 0
1684 -1.90096e-08 -0
1685 5.11845e-09 0
1686 -3.41565e-09 0
1687 4.85983e-09 0
1688 -1.72505e-09 0
1689 2.24488e-08 -0
1690 -6.59354e-09 0
1691 -2.54066e-08 0
1692 1.30161e-08 0
1693 -1.144e-08 0
1694 3.21134e-09 -0
1695 -8.28393e-09 -0
1696 3.10941e-09 0
1697 -8.39955e-10 -0
1698 -4.27759e-09 -0
1699 3.28657e-09 0
1700 -1.07963e-09 0
1701 5.8429e-09 0
1702 -2.4143e-09 -0
1703 2.80044e-09 0
1704 -7.64524e-10 0
1705 -7.54512e-09 -0
1706 4.62321e-09 -0
1707 -1.46803e-09 0
1708 -6.15012e-09 0
1709 1.75561e-09 -0
1710 -3.35958e-09 -0
1711 1.54266e-09 0
1712 -4.14237e-10 0
1713 1.07096e-08 -0
1714 -1.08563e-08 0
1715 4.17761e-09 0
1716 -1.24907e-09 -0
1717 -4.92678e-09 0
1718 2.60573e-09 0
1719 -8.89566e-09 -0
1720 3.08064e-09 0
1721 -8.49473e-10 -0
1722 6.00764e-10 0
1723 1.04054e-08 -0
1724 -5.14688e-09 -0
1725 8.87334e-09 -0
1726 -2.40542e-09 -0
1727 7.42908e-10 0
1728 3.5781e-09 -0
1729 -2.99415e-09 -0
1730 1.27029e-09 -0
1731 -1.00611e-08 -0
1732 2.96995e-09 0
1733 -3.65697e-09 -0
1734 9.81685e-10 -0
1735 -5.59515e-10 0
1736 -3.5132e-09 0
1737 1.17216e-09 0
1738 -2.67861e-09 -0
1739 9.59669e-10 -0
1740 -6.16818e-10 -0
1741 1.719e-10 0
1742 6.7766e-10 0
1743 -3.01781e-10 -0
1744 4.51955e-10 0
1745 -1.20942e-10 -0
1746 -2.72914e-09 0
1747 8.77723e-10 0
1748 -8.03738e-10 -0
1749 2.34043e-10 -0
1750 -1.12277e-09 0
1751 4.49189e-10 0
1752 1.85968e-09 -0
1753 -5.10129e-10 -0
1754 2.83514e-10 0
1755 2.18212e-09 0
1756 -2.91e-09 -0
1757 9.10753e-10 0
1758 -4.35022e-10 0
1759 1.4454e-09 -0
1760 -4.10159e-10 -0
1761 3.27969e-10 0
1762 -1.22501e-10 0
1763 3.01946e-09 -0
1764 -8.02694e-10 -0
1765 1.60976e-09 -0
1766 -9.95736e-10 0
1767 -4.50318e-09 0
1768 1.52747e-09 -0
1769 -4.10732e-10 0
1770 4.00465e-10 -0
1771 -1.21057e-10 -0
1772 -7.28996e-10 -0
1773 2.83703e-10 0
1774 -1.5545e-09 0
1775 4.44463e-10 -0
1776 -3.17297e-10 -0
1777 1.61592e-10 0
1778 2.46531e-09 0
1779 -6.75308e-10 -0
1780 7.47753e-10 -0
1781 -2.64411e-10 -0
1782 -1.07776e-09 -0
1783 4.47794e-10 0
1784 -1.15659e-09 -0
1785 3.10291e-10 -0
1786 -1.00744e-10 -0
1787 9.07762e-10 0
1788 -5.22401e-10 0
1789 7.99294e-10 0
1790 -2.3465e-10 -0
1791 -1.93693e-09 0
1792 8.86235e-10 -0
1793 -2.46939e-10 -0
1794 1.64199e-10 -0
1795 8.31844e-10 0
1796 -2.21515e-10 -0
1797 2.00858e-10 -0
1798 -7.50896e-11 0
1799 2.49245e-10 0
1800 -7.85948e-11 -0
1801 1.0777e-10 -0
1802 -3.05068e-11 -0
1803 -1.38493e-10 0
1804 6.78681e-11 -0
1805 -2.71773e-11 0
1806 -9.81872e-12 0
1807 4.71328e-12 0
1808 -9.41843e-12 0
1809 3.88321e-12 0
1810 -1.40128e-11 -0
1811 2.19481e-11 -0
1812 -4.9287e-12 0
1813 9.98589e-13 -0
1814 -3.3184e-14 0
1815 -1.51789e-10 -0
1816 6.44697e-11 0
1817 -7.10197e-11 -0
1818 1.86872e-11 -0
1819 -5.35284e-11 0
1820 1.76366e-11 0
1821 -1.1711e-11 -0
1822 -1.91549e-10 -0
1823 5.46616e-11 -0
1824 -1.05619e-10 0
1825 6.08827e-11 -0
1826 -1.83784e-11 -0
1827 -1.04504e-10 -0
1828 2.73718e-11 -0
1829 -1.28183e-11 -0
1830 1.19937e-11 0
1831 -4.48171e-12 -0
1832 -7.77353e-12 0
1833 2.51337e-12 0
1834 -1.05148e-11 -0
1835 3.78145e-12 -0
1836 -5.46868e-13 0
1837 -8.30197e-13 -0
1838 4.06226e-13 -0
1839 -5.76443e-13 -0
1840 5.65326e-10 0
1841 -2.05327e-10 0
1842 2.74837e-10 -0
1843 -7.39861e-11 0
1844 -4.59384e-10 -0
1845 1.9703e-10 0
1846 -6.012e-11 -0
1847 1.81507e-10 -0
1848 -1.4537e-10 -0
1849 4.00818e-11 -0
1850 4.07453e-10 0
1851 -1.84748e-10 0
1852 2.01996e-10 0
1853 -5.93133e-11 -0
1854 -2.34585e-10 0
1855 8.0426e-11 -0
1856 -5.24654e-11 0
1857 1.40132e-11 -0
1858 -6.0837e-11 0
1859 2.31665e-11 0
1860 -3.56049e-11 0
1861 1.14159e-11 -0
1862 5.53231e-11 0
1863 -2.78101e-11 -0
1864 7.64099e-12 -0
1865 -5.20276e-11 0
1866 4.53348e-11 -0
1867 -1.3073e-11 -0
1868 -2.80574e-10 0
1869 1.16068e-10 -0
1870 -3.1143e-11 -0
1871 6.87954e-11 -0
1872 -3.97043e-11 -0
1873 -1.68627e-10 -0
1874 5.22464e-11 -0
1875 -3.87441e-11 -0
1876 1.39405e-11 0
1877 -1.77201e-11 0
1878 4.98941e-12 -0
1879 -6.27744e-11 0
1880 2.93479e-11 0
1881 -7.92868e-12 0
1882 -4.41258e-11 -0
1883 1.21041e-10 -0
1884 -3.59855e-11 -0
1885 1.95445e-11 0
1886 -1.84862e-11 -0
1887 6.23465e-12 -0
1888 5.47641e-11 -0
1889 -1.46049e-11 -0
1890 5.83013e-12 0
1891 2.40155e-11 -0
1892 -1.44635e-11 0
1893 2.50437e-11 -0
1894 -6.97137e-12 0
1895 -1.29796e-10 -0
1896 4.29555e-11 0
1897 -1.95982e-11 -0
1898 2.23769e-11 -0
1899 -6.11706e-12 -0
1900 2.81954e-11 0
1901 -1.05702e-11 0
1902 7.84405e-12 0
1903 3.313e-11 -0
1904 -9.68295e-12 0
1905 2.2466e-11 0
1906 -7.21048e-12 0
1907 3.89054e-12 -0
1908 2.07642e-11 -0
1909 -5.77894e-12 0
1910 5.37926e-12 -0
1911 1.35504e-11 -0
1912 -4.28844e-12 -0
1913 1.92672e-12 0
1914 -3.58715e-11 0
1915 1.27308e-11 0
1916 -1.59302e-11 -0
1917 4.43897e-12 -0
1918 -3.08493e-12 0
1919 -1.05244e-11 0
1920 3.12642e-12 0
1921 -2.06093e-11 0
1922 1.01429e-11 -0
1923 -2.75555e-12 -0
1924 4.57617e-12 -0
1925 -1.54544e-12 0
1926 1.09605e-11 -0
1927 -4.18588e-12 -0
1928 2.35397e-12 0
1929 -6.15905e-13 -0
1930 6.73277e-13 -0
1931 8.48363e-12 -0
1932 -2.99206e-12 -0
1933 2.30002e-12 0
1934 -6.37656e-13 -0
1935 -1.25602e-11 -0
1936 6.1767e-12 0
1937 -1.70541e-12 -0
1938 1.97118e-12 0
1939 -4.30871e-12 -0
1940 1.11355e-12 0
1941 -5.96047e-13 -0
1942 -5.59049e-12 0
1943 1.69063e-12 -0
1944 -6.45568e-13 -0
1945 4.85036e-13 0
1946 1.33843e-11 0
1947 -3.6671e-12 -0
1948 1.34012e-12 0
1949 3.61153e-12 -0
1950 -1.71124e-12 -0
1951 4.17959e-12 -0
1952 -1.22489e-12 -0
1953 1.34676e-12 0
1954 -3.75603e-13 -0
1955 -1.21275e-12 -0
1956 1.02559e-12 -0
1957 -3.42986e-13 -0
1958 3.72391e-12 0
1959 -2.10039e-12 -0
1960 6.47378e-13 -0
1961 -1.00912e-12 -0
1962 3.74259e-13 0
1963 1.48927e-12 0
1964 -4.1626e-13 0
1965 1.32072e-12 0
1966 -6.03673e-13 0
1967 -1.39922e-12 0
1968 4.11654e-13 -0
1969 -3.1839e-13 -0
1970 1.13843e-13 -0
1971 -1.74675e-11 0
1972 8.6584e-12 -0
1973 -1.08272e-11 0
1974 2.91147e-12 0
1975 1.25224e-11 -0
1976 -3.88664e-12 -0
1977 2.26007e-12 -0
1978 -1.01225e-11 -0
1979 3.88138e-12 -0
1980 -1.07209e-12 0
1981 1.85747e-12 0
1982 2.2771e-11 -0
1983 -7.56516e-12 0
1984 6.04426e-12 0
1985 -1.76298e-12 0
1986 -6.38333e-12 -0
1987 3.00765e-12 0
1988 -3.06902e-12 -0
1989 8.41816e-13 -0
1990 -1.34354e-11 -0
1991 5.69432e-12 -0
1992 -3.53951e-12 0
1993 1.06173e-12 -0
1994 5.55172e-12 0
1995 -1.80099e-11 0
1996 6.37344e-12 -0
1997 -1.78585e-12 0
1998 2.0772e-12 0
1999 -8.45836e-13 0
2000 -3.33144e-12 -0
2001 9.02449e-13 0
2002 -5.92932e-13 0
2003 1.24022e-11 -0
2004 -3.84335e-12 0
2005 6.41523e-12 0
2006 -3.24342e-12 -0
2007 9.12832e-13 -0
2008 1.13644e-11 -0
2009 -4.15737e-12 0
2010 3.59945e-12 -0
2011 -9.53424e-13 0
2012 -4.20181e-12 -0
2013 5.92272e-12 -0
2014 -1.9445e-12 0
2015 9.67154e-12 0
2016 -2.60209e-12 -0
2017 1.20112e-12 -0
2018 -8.4665e-13 0
2019 2.4388e-13 -0
2020 -5.53221e-13 0
2021 2.09029e-13 0
2022 1.71573e-12 0
2023 -9.29116e-13 0
2024 2.78855e-13 -0
2025 6.00627e-12 0
2026 -1.608e-12 -0
2027 1.64537e-12 -0
2028 -6.96205e-13 0
2029 -3.0896e-12 -0
2030 8.63709e-13 -0
2031 -1.77513e-12 -0
2032 6.0728e-13 0
2033 -4.90431e-13 -0
2034 3.28137e-12 0
2035 -8.85767e-13 0
2036 4.25254e-13 0
2037 -5.03847e-13 0
2038 1.58428e-13 -0
2039 1.04821e-12 -0
2040 -2.75929e-13 0
2041 1.73324e-13 0
2042 -5.00209e-13 -0
2043 1.44753e-13 0
2044 -6.1261e-14 0
2045 -9.2279e-12 0
2046 3.36598e-12 0
2047 -5.33372e-12 0
