0 0 0
1 -0 -0
2 -0 0
3 0 -0
4 -0 0
5 9.76171e-84 -0
6 -2.85554e-84 0
7 1.24711e-84 0
8 -1.20481e-84 0
9 -5.80763e-84 -0
10 1.62051e-84 0
11 -6.14451e-85 -0
12 2.42662e-84 0
13 -1.77568e-84 0
14 5.50049e-85 0
15 1.96105e-84 -0
16 -9.8013e-85 0
17 2.68886e-85 0
18 -3.55795e-85 -0
19 2.25098e-25 -0
20 -7.6889e-26 -0
21 2.13055e-26 0
22 -4.39089e-26 -0
23 2.25939e-26 0
24 -1.73916e-26 -0
25 5.38712e-27 -0
26 2.67227e-26 0
27 -1.04168e-26 -0
28 4.74525e-26 -0
29 -1.25805e-26 0
30 1.27259e-26 0
31 -3.70314e-27 -0
32 -6.57021e-26 -0
33 2.9148e-26 -0
34 -1.79771e-26 -0
35 4.83245e-27 0
36 3.34025e-26 0
37 -4.54533e-26 0
38 1.60017e-26 -0
39 -5.61559e-26 -0
40 1.57369e-26 -0
41 -5.20584e-27 -0
42 -8.03179e-05 0
43 6.02615e-05 -0
44 -2.4821e-05 0
45 -9.39106e-05 -0
46 2.60765e-05 0
47 -5.18268e-05 0
48 2.63187e-05 -0
49 -7.90152e-06 -0
50 7.82173e-06 0
51 -2.09895e-06 0
52 1.97312e-05 -0
53 -7.5751e-06 0
54 -3.13224e-05 0
55 1.89808e-05 -0
56 -6.08694e-06 -0
57 1.65643e-05 -0
58 -4.49679e-06 -0
59 6.01632e-06 0
60 -2.81922e-06 -0
61 -1.59683e-05 0
62 4.65799e-06 0
63 -3.98139e-06 0
64 1.23397e-06 0
65 1.50681e-05 -0
66 -8.33027e-06 -0
67 2.24547e-06 0
68 -3.58828e-06 0
69 1.30969e-06 0
70 4.89452e-06 0
71 -2.14932e-06 0
72 6.00426e-07 0
73 -3.03083e-06 0
74 2.03395e-06 -0
75 -6.95335e-07 -0
76 -5.2162e-06 0
77 5.95889e-06 0
78 -1.63206e-06 0
79 6.30641e-05 0
80 -2.46589e-05 0
81 7.34432e-06 -0
82 3.41839e-05 -0
83 -2.64964e-05 0
84 7.10525e-06 0
85 -1.52484e-05 0
86 4.94708e-06 0
87 -2.46105e-06 -0
88 9.079e-06 0
89 -2.59857e-06 -0
90 1.6144e-06 0
91 6.48101e-06 0
92 -2.7158e-06 -0
93 2.59139e-06 0
94 -7.16066e-07 -0
95 0.00155417 -0
96 -0.00054316 -0
97 0.00336193 0
98 -0.00102444 -0
99 0.000545943 -0
100 -0.000734081 0
101 0.000195683 0
102 0.000844388 0
103 -0.000315563 -0
104 0.000224118 -0
105 -0.000527261 0
106 0.000147897 0
107 0.000932508 0
108 -0.000306987 -0
109 0.000135498 -0
110 -0.000155363 0
111 4.16285e-05 -0
112 -0.000390636 0
113 0.000226697 0
114 -6.5963e-05 0
115 -0.000974587 -0
116 0.000839433 0
117 -0.000264156 0
118 0.000463431 0
119 -0.000185418 0
120 -0.000898758 0
121 0.000242641 0
122 -0.00011424 -0
123 0.000315413 -0
124 -9.06505e-05 0
125 5.83736e-05 0
126 0.000243095 0
127 -8.30052e-05 -0
128 8.31668e-05 -0
129 -2.22171e-05 0
130 -0.000191566 0
131 5.74666e-05 -0
132 -2.93568e-05 -0
133 4.31872e-05 0
134 -1.19326e-05 -0
135 -0.683909 0
136 0.250585 -0
137 -0.204776 -0
138 0.774412 -0
139 -0.333089 -0
140 0.0889565 0
141 0.461006 -0
142 -0.143404 -0
143 0.0804029 0
144 -0.491786 -0
145 0.134445 -0
146 -0.169502 -0
147 0.0653177 0
148 1.23321 0
149 -0.840629 0
150 0.276288 0
151 1.13447 -0
152 -0.316844 -0
153 0.145287 -0
154 -0.291149 -0
155 0.0785846 -0
156 -0.0852899 0
157 -0.560528 0
158 0.198445 -0
159 -0.0586296 0
160 0.74136 -0
161 -0.541394 -0
162 0.219775 -0
163 -0.0628446 -0
164 -0.302193 0
165 0.492923 -0
166 -0.158239 0
167 0.0840215 -0
168 -0.0224711 -0
169 0.0616921 -0
170 0.244968 0
171 -0.217911 -0
172 0.0735478 -0
173 -0.0201998 -0
174 0.011984 0
175 0.112264 0
176 -0.0537617 -0
177 0.236365 0
178 -0.0720356 0
179 0.0268693 -0
180 -0.961033 0
181 0.261546 0
182 -0.260382 0
183 0.109476 0
184 0.473258 0
185 -0.133685 0
186 0.104277 0
187 -0.242959 -0
188 0.0729001 0
189 -0.0466973 -0
190 -1.71919 0
191 0.459395 0
192 -0.165328 0
193 0.231871 -0
194 -0.115721 0
195 -0.648937 -0
196 0.187903 -0
197 -1.41356 0
198 0.554969 0
199 -0.149147 -0
200 0.177488 -0
201 0.714851 -0
202 -0.226977 0
203 0.125931 -0
204 -0.415432 -0
205 0.114634 0
206 -0.0952416 0
207 0.0419457 -0
208 -0.0778749 0
209 0.0259291 0
210 0.17689 -0
211 -0.0496811 0
212 0.0334568 0
213 -0.628027 0
214 0.218909 -0
215 -0.0592602 0
216 -0.232476 0
217 0.215296 -0
218 -0.066701 0
219 0.0303542 -0
220 -0.154653 -0
221 0.0414074 0
222 -0.0720857 0
223 0.0273129 0
224 0.122005 0
225 -0.0357693 -0
226 0.0217799 0
227 0.290623 -0
228 -0.148168 -0
229 0.163624 -0
230 -0.0465017 0
231 0.0151019 -0
232 -0.0381245 0
233 0.0157439 0
234 0.0799688 -0
235 -0.0215642 -0
236 0.0162605 -0
237 -0.15329 0
238 0.0456461 -0
239 -0.0587686 -0
240 0.027594 0
241 -0.00736887 0
242 -0.0652354 0
243 0.0222907 0
244 -0.0157566 0
245 -0.0662342 0
246 0.018461 0
247 -0.0398174 -0
248 0.015886 0
249 -0.00901447 -0
250 0.00281608 -0
251 0.0614012 -0
252 -0.0635294 -0
253 0.0173107 -0
254 -0.0520851 0
255 0.0188287 -0
256 0.0741447 0
257 -0.0213367 0
258 0.0183122 0
259 -0.00895158 0
260 0.00240194 0
261 -0.00353836 -0
262 -0.0211486 0
263 0.00915664 0
264 -0.00281312 -0
265 0.0118769 0
266 -0.00741292 0
267 0.00203342 0
268 -0.266321 -0
269 0.0938857 0
270 0.433773 0
271 -0.235225 0
272 0.0685222 0
273 -0.109276 -0
274 0.104685 -0
275 -0.0279741 0
276 0.0107289 0
277 -0.0687281 -0
278 0.0226556 0
279 0.255171 0
280 -0.205172 -0
281 0.056821 0
282 -0.0254337 0
283 -0.101592 0
284 0.0307133 0
285 -0.041145 -0
286 0.0270296 0
287 -0.00733282 -0
288 0.0265831 -0
289 -0.00978495 -0
290 -0.052149 -0
291 0.0271023 0
292 -0.0085337 -0
293 0.179686 0
294 -0.0483608 -0
295 0.0553393 -0
296 -0.0236167 0
297 -0.175641 -0
298 0.049679 -0
299 -0.0940478 -0
300 0.0544864 0
301 -0.0183213 0
302 -0.0758959 0
303 0.0203372 0
304 -0.0140313 0
305 0.140443 -0
306 -0.0548685 -0
307 0.0161764 0
308 -0.0384355 0
309 0.0123722 0
310 0.616586 -0
311 -0.553752 0
312 0.152585 -0
313 -0.0705086 -0
314 -0.344998 -0
315 0.11894 -0
316 -0.147115 0
317 0.0392883 0
318 -0.207633 0
319 0.152812 0
320 -0.043764 -0
321 0.0178384 -0
322 0.0767125 0
323 -0.127497 -0
324 0.0356578 0
325 -0.0180702 0
326 -0.300728 -0
327 0.107721 -0
328 -0.11498 0
329 0.0310602 -0
330 -0.0996379 0
331 0.060234 -0
332 -0.0181073 -0
333 -0.11545 -0
334 0.0435443 0
335 0.17265 -0
336 -0.0549582 0
337 0.0424923 0
338 -0.0116036 0
339 0.0236976 0
340 -0.0114033 -0
341 0.511554 0
342 -0.136823 0
343 0.057241 -0
344 -0.0874948 0
345 0.0267159 0
346 0.216148 -0
347 -0.119187 -0
348 0.0344481 -0
349 -0.0339286 -0
350 -0.137668 -0
351 0.0466379 0
352 -0.130656 -0
353 0.0362922 0
354 -0.0233976 -0
355 0.2034 0
356 -0.0814585 -0
357 0.0218777 0
358 -0.0180185 -0
359 -0.0856398 0
360 0.0280377 -0
361 -0.0147991 -0
362 0.0578204 -0
363 -0.0171788 -0
364 -0.171424 -0
365 0.0465987 -0
366 -0.0204262 -0
367 0.0245441 0
368 -0.00895163 0
369 -0.0351994 -0
370 0.010016 0
371 -0.00713004 -0
372 0.0156494 0
373 -0.00417811 0
374 0.0569409 0
375 -0.0335315 -0
376 0.0117241 0
377 -0.0107518 0
378 0.00333684 0
379 0.0190853 0
380 -0.0089999 0
381 0.00253062 0
382 -0.0122972 -0
383 0.017428 -0
384 -0.00674447 0
385 -0.208247 0
386 0.056983 0
387 0.253094 -0
388 -0.084005 0
389 0.0520848 0
390 -0.0152418 -0
391 0.026957 -0
392 -0.0132451 -0
393 0.00354472 -0
394 0.345361 0
395 -0.299619 0
396 0.111465 -0
397 -0.300694 -0
398 0.0945835 0
399 0.381081 -0
400 -0.102904 0
401 0.105904 0
402 -0.0476812 -0
403 0.283253 -0
404 -0.0783176 -0
405 0.0525217 0
406 0.270911 0
407 -0.0821553 -0
408 0.0341071 -0
409 -0.0454378 -0
410 0.0256772 0
411 0.287543 0
412 -0.0768986 -0
413 0.0249382 -0
414 -0.0190015 -0
415 0.0654362 0
416 -0.0189998 0
417 -0.0791172 0
418 0.0281569 -0
419 -0.0320707 0
420 0.00869528 0
421 -0.00450585 -0
422 -0.0294045 -0
423 0.0116143 0
424 -0.0230168 -0
425 0.00649904 0
426 -0.114785 0
427 0.0353747 -0
428 -0.027931 0
429 -0.108515 0
430 0.0459281 -0
431 -0.0123594 -0
432 0.0904792 -0
433 -0.0314511 0
434 0.0299646 -0
435 -0.0161971 -0
436 0.00462817 0
437 0.0388372 0
438 -0.061626 0
439 0.0169574 -0
440 -0.00781738 -0
441 -0.0352006 -0
442 0.0117721 -0
443 -0.00809373 -0
444 0.020238 -0
445 -0.00604437 -0
446 0.00161747 -0
447 0.0266533 0
448 -0.0101515 0
449 0.0129912 -0
450 -0.00827849 0
451 0.0381903 -0
452 -0.0122388 -0
453 0.00341793 -0
454 0.0135142 0
455 -0.00672539 -0
456 0.00565569 0
457 -0.00151772 -0
458 0.0487177 0
459 -0.0197107 0
460 -0.114209 0
461 0.0335774 0
462 -0.0616814 0
463 0.0356061 -0
464 -0.0122568 -0
465 0.0134522 -0
466 -0.00365468 0
467 -0.0177816 0
468 0.00787625 0
469 -0.0234003 0
470 0.0067303 -0
471 -0.00488186 0
472 0.00152337 0
473 -0.0182287 -0
474 0.00682852 -0
475 -0.00997592 -0
476 0.00268825 0
477 0.011594 0
478 -0.00553048 -0
479 0.00155217 0
480 0.0209414 -0
481 -0.0184985 -0
482 0.00603006 -0
483 -0.013853 0
484 0.00828353 0
485 -0.00221394 -0
486 -0.0157031 0
487 0.00673879 0
488 -0.00205137 0
489 -0.00795902 -0
490 0.0080291 0
491 -0.00292527 0
492 0.000798218 -0
493 -0.00642514 -0
494 0.00343534 0
495 -0.0128551 -0
496 0.00380814 0
497 -0.0044959 -0
498 0.00178836 -0
499 0.0646584 -0
500 -0.0184367 0
501 0.0139678 0
502 0.0541391 -0
503 -0.0184978 -0
504 0.0049897 -0
505 -0.00882969 -0
506 0.00446913 0
507 0.0221882 0
508 -0.00707329 0
509 0.00468457 -0
510 -0.00130554 -0
511 0.00287842 -0
512 -0.00119262 0
513 -0.00933878 0
514 0.00254053 0
515 -0.00209759 -0
516 0.000753241 -0
517 -0.00481611 0
518 0.00140934 0
519 -0.00196352 0
520 0.000897917 -0
521 0.00329007 -0
522 -0.000907036 -0
523 0.000511689 -0
524 -0.0958326 0
525 0.028751 0
526 -0.0279474 -0
527 0.0871676 -0
528 -0.0233762 0
529 0.00864214 -0
530 0.0401942 -0
531 -0.0253188 -0
532 0.00840432 0
533 0.0507566 -0
534 -0.0247496 -0
535 0.00766493 -0
536 -0.0117232 -0
537 0.00326951 0
538 0.0646022 -0
539 -0.0456132 0
540 0.0198913 0
541 -0.00532475 -0
542 0.0139787 -0
543 -0.0147268 -0
544 0.00517548 -0
545 0.0224558 -0
546 -0.00648661 -0
547 0.0288597 0
548 -0.0112822 -0
549 0.00591739 -0
550 -0.00161455 0
551 -0.0118911 -0
552 0.0149955 -0
553 -0.00474367 0
554 0.00406694 -0
555 0.0159999 -0
556 -0.0044172 -0
557 0.00207255 0
558 -0.0202126 0
559 0.00611411 0
560 -0.00376013 -0
561 0.00626711 0
562 -0.00167836 0
563 0.000564841 0
564 -0.0147106 0
565 0.00564114 -0
566 0.0281287 -0
567 -0.0263851 0
568 0.00771131 0
569 -0.00441147 -0
570 0.0159984 -0
571 -0.00431811 -0
572 -0.016676 0
573 0.00704527 -0
574 -0.00479053 -0
575 0.00154736 0
576 -0.00299055 0
577 0.0008441 -0
578 0.00996774 -0
579 -0.00360296 -0
580 0.00404157 0
581 -0.00109774 -0
582 0.00752478 -0
583 -0.00386422 -0
584 0.00118685 -0
585 -0.000951895 0
586 -0.00385404 -0
587 0.0010354 -0
588 0.0285591 0
589 -0.0128047 0
590 0.0180579 -0
591 -0.00620731 0
592 0.00177676 0
593 0.0112907 -0
594 -0.00620507 0
595 0.0150641 -0
596 -0.00418379 0
597 0.00168844 -0
598 -0.00892574 0
599 0.00654343 0
600 -0.0021546 -0
601 -0.00946015 0
602 0.0025345 -0
603 -0.00276168 -0
604 0.00104866 -0
605 -0.0193893 0
606 0.0057716 -0
607 -0.00338057 0
608 -0.0130002 0
609 0.00356515 -0
610 -0.0073534 -0
611 0.00337371 -0
612 -0.00105886 -0
613 0.000964023 -0
614 0.0049278 -0
615 -0.00132946 0
616 0.000884408 0
617 -0.00245947 -0
618 0.000871765 -0
619 0.00840538 0
620 -0.0023601 0
621 0.00311123 0
622 -0.00134875 0
623 0.000397833 -0
624 -0.0297185 0
625 0.0229685 0
626 -0.00615159 -0
627 -0.0236529 0
628 0.00870176 -0
629 -0.0141486 -0
630 0.00695166 0
631 -0.0022257 -0
632 0.0090464 -0
633 -0.00256829 0
634 -0.0151241 0
635 0.00619224 0
636 -0.00719876 -0
637 0.0019503 0
638 -0.00135826 -0
639 -0.0241136 -0
640 0.00817205 0
641 0.0338884 0
642 -0.00973587 0
643 0.00578114 0
644 -0.0197947 0
645 0.00766569 0
646 -0.00205763 0
647 0.00181443 0
648 -0.0201881 -0
649 0.00616953 -0
650 -0.00286968 0
651 0.00430133 0
652 -0.00118244 0
653 -0.0101703 -0
654 0.00540295 -0
655 -0.00188357 -0
656 -0.00916261 0
657 0.00275752 0
658 -0.00608947 0
659 0.00390178 -0
660 -0.00108521 -0
661 0.00109262 0
662 0.00429543 -0
663 -0.00139998 -0
664 0.000583432 0
665 -0.00379069 -0
666 0.00101444 -0
667 -0.00125277 -0
668 0.000635167 0
669 -0.0541108 0
670 0.0156136 0
671 -0.00578011 0
672 0.0100402 -0
673 -0.00269988 -0
674 -0.0126139 0
675 0.00977498 -0
676 -0.00324399 -0
677 0.00903415 -0
678 -0.00428342 0
679 0.00116017 0
680 0.00825384 0
681 -0.00505642 -0
682 0.0015517 0
683 0.0293977 0
684 -0.0115162 0
685 0.00951815 0
686 -0.00266635 0
687 0.0116609 -0
688 -0.00416773 -0
689 -0.0173888 -0
690 0.004638 0
691 -0.00485528 -0
692 0.00266809 0
693 -0.000784738 -0
694 0.00811204 -0
695 -0.00343184 -0
696 0.00625474 -0
697 -0.00171779 0
698 -0.00892685 0
699 0.00653167 0
700 -0.00206727 0
701 0.0031262 -0
702 -0.00136501 0
703 -0.0125357 0
704 0.00335649 -0
705 -0.00115444 0
706 0.00107834 -0
707 -0.00714257 -0
708 0.00205415 0
709 -0.00122702 -0
710 -0.00536383 0
711 0.00145856 0
712 -0.0033964 0
713 0.0013444 0
714 -0.000398996 0
715 -0.0188341 -0
716 0.00928789 0
717 -0.00654732 0
718 0.00174414 -0
719 -0.00232304 -0
720 0.000762406 0
721 0.00446135 -0
722 -0.00125801 -0
723 0.00387587 0
724 -0.00144853 -0
725 0.000783948 -0
726 0.00318898 -0
727 -0.00099036 0
728 0.000897052 0
729 -0.0199396 0
730 0.00555071 0
731 -0.00259498 0
732 0.00301972 0
733 -0.00102445 -0
734 -0.00855273 -0
735 0.00228811 0
736 -0.00146912 -0
737 0.00737124 -0
738 -0.00222135 0
739 0.00364233 -0
740 -0.00146655 0
741 -0.00695112 -0
742 0.00188187 -0
743 -0.00151393 0
744 0.000545719 -0
745 -0.00198494 0
746 0.000565579 -0
747 -0.000317221 0
748 -0.00373058 0
749 0.00119419 0
750 -0.00243867 0
751 0.00064977 0
752 -0.000290926 0
753 -0.0012964 0
754 0.00125551 -0
755 -0.000365793 0
756 0.000187464 0
757 -0.0025408 0
758 0.000695505 -0
759 -0.00051547 -0
760 -0.00262798 -0
761 0.00100398 0
762 -0.00139954 -0
763 0.00043789 0
764 -0.0011054 0
765 0.000296704 0
766 -0.000123485 -0
767 -0.0125979 0
768 0.00836212 -0
769 -0.00293507 -0
770 -0.0119333 0
771 0.00331143 0
772 -0.00370899 0
773 0.00179227 0
774 -0.0142408 0
775 0.00379737 0
776 -0.00123832 0
777 -0.00755943 0
778 0.00434984 0
779 -0.0012344 -0
780 0.00274246 -0
781 -0.00232841 0
782 0.000705734 0
783 -0.000306255 -0
784 -0.00460634 0
785 0.0012451 0
786 -0.00158042 0
787 0.00057639 -0
788 0.00237844 -0
789 -0.00958652 -0
790 0.00278164 0
791 -0.00174416 0
792 0.000586249 -0
793 -0.00101561 0
794 0.000271437 -0
795 0.00146612 0
796 -0.000782217 -0
797 0.000305565 0
798 3.74583e-05 0
799 -3.36887e-05 0
800 0.000125937 -0
801 -0.000136023 -0
802 4.63263e-05 0
803 -0.00015371 -0
804 4.94329e-05 0
805 0.000129191 -0
806 -4.2385e-05 0
807 1.55986e-05 0
808 -0.00153756 -0
809 0.000730559 -0
810 -0.000689502 0
811 -0.00272944 -0
812 0.0010042 0
813 -0.000277706 0
814 0.00065705 -0
815 -0.000347938 0
816 9.97869e-05 -0
817 -0.000859506 0
818 0.000608398 -0
819 -0.000199951 0
820 -0.000632883 0
821 0.000822186 0
822 -0.00022299 -0
823 8.64582e-05 0
824 -0.0014501 0
825 0.00041357 0
826 -0.000236016 -0
827 0.00052267 -0
828 -0.000215097 -0
829 -0.00176257 0
830 0.000493289 0
831 -0.000347608 -0
832 0.000111395 0
833 -0.000135068 -0
834 -0.0025815 -0
835 0.000694851 0
836 -0.000251539 -0
837 0.000237848 -0
838 -0.000120069 0
839 3.15671e-05 -0
840 0.000168174 -0
841 -5.07216e-05 0
842 0.000176879 -0
843 -8.09219e-05 0
844 -0.00212926 0
845 0.000757399 0
846 -0.00065892 0
847 0.000189597 -0
848 -0.000391953 -0
849 -0.0015046 0
850 0.000418847 0
851 -0.000259515 0
852 8.46202e-05 -0
853 -0.0002626 -0
854 0.000115709 0
855 0.000375958 -0
856 -0.000114882 -0
857 0.000140481 -0
858 -3.84361e-05 -0
859 2.71295e-05 -0
860 -4.3488e-06 0
861 -2.46178e-05 0
862 2.06978e-05 0
863 -6.73454e-06 -0
864 0.000381009 0
865 -0.000140387 -0
866 0.00014582 -0
867 0.000413252 -0
868 -0.000114497 -0
869 8.63325e-05 -0
870 -2.94751e-05 -0
871 0.00034322 0
872 -0.000105099 -0
873 5.40679e-05 0
874 0.00023098 0
875 -6.75601e-05 -0
876 0.000122822 0
877 -5.15856e-05 0
878 4.3274e-05 0
879 0.000121053 0
880 -3.36119e-05 -0
881 0.000133062 0
882 -6.27788e-05 0
883 2.01572e-05 0
884 -0.000137775 0
885 3.5927e-05 0
886 -1.99399e-05 -0
887 1.73157e-05 0
888 -5.2988e-06 -0
889 -9.03553e-05 0
890 2.33526e-05 -0
891 -3.66387e-05 0
892 1.3186e-05 -0
893 -9.45542e-06 -0
894 2.56179e-06 -0
895 0.000788631 0
896 -0.000385517 0
897 0.000124655 -0
898 0.00044414 0
899 -0.000122003 -0
900 7.39621e-05 -0
901 -0.00037312 -0
902 0.000141836 0
903 -0.000255621 -0
904 7.39193e-05 0
905 0.000290538 -0
906 -0.000199893 0
907 6.74932e-05 -0
908 -6.42972e-05 0
909 1.7309e-05 0
910 0.000108082 0
911 -4.57692e-05 -0
912 0.000165126 0
913 -5.09489e-05 -0
914 2.83259e-05 0
915 -7.84541e-06 0
916 0.000233586 0
917 -0.000273847 0
918 0.000123234 -0
919 0.000639364 -0
920 -0.000181951 -0
921 0.000135195 0
922 -4.66207e-05 0
923 9.96053e-05 -0
924 -2.68428e-05 0
925 -0.000302069 0
926 9.05677e-05 -0
927 -0.000123613 -0
928 6.49494e-05 0
929 0.000236283 -0
930 -8.77799e-05 -0
931 0.000520282 0
932 -0.000141631 0
933 8.94181e-05 0
934 -2.79832e-05 0
935 -0.000118917 0
936 5.09359e-05 0
937 -5.65674e-05 -0
938 1.59668e-05 -0
939 -0.000153065 -0
940 7.23427e-05 0
941 -1.9424e-05 0
942 5.00135e-05 0
943 -4.06728e-05 0
944 1.32682e-05 -0
945 4.83409e-05 0
946 -1.85612e-05 -0
947 2.8544e-05 0
948 -7.96233e-06 -0
949 -6.14084e-05 0
950 3.5596e-05 -0
951 -1.05606e-05 -0
952 0.00156408 0
953 -0.000627686 -0
954 0.00054981 -0
955 -0.000147433 0
956 0.000516278 -0
957 -0.00017504 -0
958 -0.000783263 0
959 0.000512054 -0
960 -0.00014762 -0
961 0.000280636 0
962 -0.000137403 0
963 4.36205e-05 0
964 0.00030179 0
965 -8.20513e-05 -0
966 8.03396e-05 0
967 -3.49616e-05 0
968 0.000336862 0
969 -0.000101295 0
970 3.63763e-05 0
971 0.000178208 0
972 -0.000136918 0
973 3.65168e-05 -0
974 -5.78761e-05 0
975 3.09179e-05 -0
976 0.000885423 -0
977 -0.000248554 0
978 0.000671537 0
979 -0.000230481 0
980 0.000163593 -0
981 -4.43049e-05 -0
982 -0.000182174 -0
983 7.25593e-05 -0
984 -8.58242e-05 -0
985 2.63189e-05 0
986 0.000360739 -0
987 -0.000102858 0
988 6.28502e-05 -0
989 -0.00079021 0
990 0.000210468 0
991 -9.47995e-05 -0
992 -0.000502699 -0
993 0.000699291 -0
994 -0.00022735 0
995 0.000191091 -0
996 -7.11335e-05 -0
997 1.94658e-05 0
998 -4.38645e-05 0
999 2.29714e-05 0
1000 0.000104028 -0
1001 -2.79613e-05 0
1002 0.000151399 0
1003 -4.71773e-05 -0
1004 4.80275e-05 0
1005 -2.06571e-05 -0
1006 -0.000162936 0
1007 4.80457e-05 -0
1008 -2.68726e-05 0
1009 0.000105616 0
1010 -2.91555e-05 -0
1011 1.02721e-05 -0
1012 7.07236e-06 0
1013 -1.10035e-05 -0
1014 5.81009e-06 0
1015 -2.08676e-05 -0
1016 6.01506e-06 0
1017 -4.57855e-07 0
1018 -1.23241e-06 0
1019 5.90604e-07 0
1020 -2.21154e-06 -0
1021 2.12594e-05 0
1022 -6.49829e-06 0
1023 3.36152e-06 -0
1024 -8.84319e-07 0
1025 -8.98545e-07 -0
1026 1.83434e-06 0
1027 -5.77098e-07 -0
1028 0.000476978 0
1029 -0.000172308 0
1030 8.56224e-05 0
1031 0.000391872 0
1032 -0.000122921 -0
1033 3.26639e-05 0
1034 -4.8557e-05 -0
1035 0.000306472 0
1036 -0.000119703 -0
1037 3.31464e-05 -0
1038 -2.23619e-05 -0
1039 -0.000289025 -0
1040 8.33607e-05 -0
1041 -9.02191e-05 0
1042 4.16177e-05 -0
1043 0.00022674 -0
1044 -7.4559e-05 -0
1045 0.000152326 0
1046 -4.05809e-05 -0
1047 2.3288e-05 -0
1048 -7.04199e-06 0
1049 -4.7197e-05 -0
1050 3.84352e-05 -0
1051 -1.47158e-05 0
1052 4.9052e-05 -0
1053 -1.34416e-05 0
1054 -5.72453e-05 0
1055 2.50482e-05 0
1056 -2.38576e-05 0
1057 6.94685e-06 -0
1058 3.65632e-05 -0
1059 -1.37566e-05 -0
1060 9.18686e-06 0
1061 -2.59534e-06 -0
1062 9.58832e-06 -0
1063 -1.34725e-05 -0
1064 5.80563e-06 -0
1065 9.09188e-06 -0
1066 -2.84002e-06 -0
1067 1.79638e-06 0
1068 -3.74654e-05 -0
1069 1.27444e-05 0
1070 2.97532e-05 -0
1071 -9.0914e-06 0
1072 7.89652e-06 0
1073 -1.73242e-05 0
1074 4.78958e-06 -0
1075 -1.79965e-06 0
1076 2.00064e-05 0
1077 -1.14012e-05 0
1078 3.3416e-06 0
1079 2.40638e-05 0
1080 -1.09621e-05 0
1081 2.95622e-06 0
1082 -2.75869e-06 -0
1083 5.17433e-06 -0
1084 -1.41033e-06 0
1085 6.33711e-07 -0
1086 1.5593e-05 -0
1087 -4.05744e-06 0
1088 4.95645e-06 -0
1089 -1.74647e-06 0
1090 -4.83975e-06 -0
1091 1.87857e-06 -0
1092 -1.70035e-06 0
1093 5.02205e-07 -0
1094 -8.66888e-07 0
1095 2.45629e-07 -0
1096 5.80705e-07 -0
1097 -2.44087e-07 -0
1098 3.85013e-07 -0
1099 -1.21789e-07 0
1100 3.33456e-05 -0
1101 -1.28193e-05 0
1102 3.49433e-05 0
1103 -9.23471e-06 0
1104 -4.27466e-05 0
1105 2.22993e-05 0
1106 -6.68238e-06 -0
1107 7.46295e-06 -0
1108 -3.36296e-06 0
1109 1.64123e-05 0
1110 -4.52026e-06 -0
1111 3.1978e-06 -0
1112 3.24941e-05 0
1113 -8.53838e-06 -0
1114 2.8766e-06 0
1115 -1.80602e-06 0
1116 4.40325e-06 -0
1117 -1.30009e-06 0
1118 1.2258e-06 -0
1119 -3.05787e-07 0
1120 -1.65974e-05 0
1121 6.16866e-06 -0
1122 -3.39305e-06 -0
1123 -1.84908e-05 0
1124 5.08489e-06 -0
1125 -1.08123e-05 -0
1126 4.94254e-06 -0
1127 -3.99111e-06 -0
1128 1.13893e-06 -0
1129 0.000335076 -0
1130 -8.92752e-05 -0
1131 3.7443e-05 -0
1132 -6.1042e-05 0
1133 2.16912e-05 0
1134 0.000141816 0
1135 -8.83222e-05 -0
1136 2.72098e-05 0
1137 -0.00010207 -0
1138 2.75272e-05 -0
1139 -2.7835e-05 -0
1140 -0.000115103 0
1141 5.70648e-05 -0
1142 -1.94218e-05 -0
1143 5.50379e-06 -0
1144 -9.58668e-05 0
1145 0.000186911 -0
1146 -8.32315e-05 0
1147 2.28107e-05 0
1148 0.000109524 0
1149 -7.82503e-05 0
1150 2.51666e-05 -0
1151 -3.12658e-05 -0
1152 8.37233e-06 0
1153 7.22183e-05 -0
1154 -2.71941e-05 -0
1155 1.50152e-05 -0
1156 -9.10297e-05 -0
1157 2.73166e-05 0
1158 -2.5667e-05 -0
1159 1.02932e-05 0
1160 6.32417e-05 0
1161 -1.68337e-05 -0
1162 3.88857e-05 0
1163 -1.10843e-05 -0
1164 8.56192e-06 0
1165 -2.84269e-06 -0
1166 -6.85154e-05 0
1167 4.15781e-05 0
1168 -1.15243e-05 0
1169 -4.72163e-05 -0
1170 1.72255e-05 0
1171 -2.64081e-05 0
1172 1.36954e-05 0
1173 -3.70751e-06 -0
1174 1.2086e-05 -0
1175 -3.75962e-06 -0
1176 4.23271e-06 -0
1177 1.88374e-05 0
1178 -8.13707e-06 -0
1179 2.38919e-06 0
1180 -2.45465e-05 -0
1181 6.55127e-06 -0
1182 -5.44866e-06 0
1183 2.12999e-06 0
1184 2.17943e-05 0
1185 -1.43414e-05 0
1186 4.37828e-06 0
1187 -2.23767e-05 -0
1188 6.08527e-06 -0
1189 -8.33133e-06 0
1190 3.83443e-06 -0
1191 2.10383e-05 -0
1192 -7.24533e-06 -0
1193 3.89496e-06 0
1194 -1.08977e-06 -0
1195 2.83543e-06 -0
1196 1.20059e-05 -0
1197 -3.91944e-06 0
1198 3.47403e-06 0
1199 -9.29262e-07 -0
1200 -3.33707e-05 -0
1201 1.40231e-05 0
1202 -9.90463e-06 0
1203 2.9076e-06 -0
1204 -5.88886e-06 0
1205 -3.32056e-05 -0
1206 1.21948e-05 0
1207 -3.40351e-06 -0
1208 3.6961e-06 0
1209 -1.9192e-06 0
1210 2.54033e-05 -0
1211 -8.15998e-06 0
1212 -3.37783e-05 -0
1213 9.09839e-06 -0
1214 -5.39203e-06 -0
1215 7.42399e-06 0
1216 -2.22275e-06 0
1217 -1.91605e-05 -0
1218 8.28047e-06 0
1219 -1.96154e-05 0
1220 5.35862e-06 0
1221 -4.20598e-06 -0
1222 1.43421e-06 -0
1223 4.88114e-06 -0
1224 -1.82934e-06 0
1225 1.00048e-05 -0
1226 -2.85656e-06 0
1227 1.28885e-06 0
1228 -7.88455e-05 -0
1229 8.6823e-05 0
1230 -2.32476e-05 -0
1231 1.49517e-05 0
1232 -4.72632e-06 -0
1233 -1.97251e-05 -0
1234 3.53875e-05 -0
1235 -1.37972e-05 0
1236 3.9486e-06 0
1237 -1.93668e-06 0
1238 7.49257e-06 0
1239 -2.0468e-06 0
1240 -9.49336e-06 -0
1241 7.61581e-06 -0
1242 -2.69179e-06 -0
1243 -3.57456e-05 -0
1244 1.06477e-05 0
1245 -6.11232e-06 -0
1246 7.60768e-06 -0
1247 -2.0596e-06 0
1248 6.13067e-06 0
1249 -2.51642e-06 0
1250 -9.80085e-06 0
1251 2.72952e-06 0
1252 -2.52031e-06 0
1253 8.35813e-07 -0
1254 -6.46359e-06 0
1255 4.42831e-06 -0
1256 -1.33685e-06 -0
1257 -7.4164e-06 0
1258 3.39063e-06 0
1259 -9.09915e-07 0
1260 1.40201e-06 -0
1261 -5.29903e-07 -0
1262 -7.05855e-06 0
1263 2.06691e-06 0
1264 -1.57603e-06 0
1265 -5.13262e-06 0
1266 2.50599e-06 0
1267 -6.98892e-07 -0
1268 1.79442e-06 -0
1269 -6.26207e-07 0
1270 -3.16941e-06 0
1271 1.97287e-06 -0
1272 -6.3274e-07 -0
1273 6.85651e-07 0
1274 -1.87942e-07 0
1275 4.8673e-06 -0
1276 -1.97722e-06 -0
1277 3.33236e-06 0
1278 -9.4086e-07 0
1279 -4.24117e-06 0
1280 2.19346e-06 -0
1281 -7.90222e-06 0
1282 2.56038e-06 -0
1283 -2.29956e-06 -0
1284 6.30162e-07 0
1285 2.23331e-06 -0
1286 -8.0447e-07 0
1287 9.71164e-07 0
1288 -2.87896e-07 -0
1289 3.23106e-06 -0
1290 -1.74893e-06 0
1291 4.71941e-07 -0
1292 3.92409e-06 0
1293 -1.71682e-06 -0
1294 1.1513e-06 -0
1295 -3.55133e-07 -0
1296 7.87009e-07 -0
1297 3.15956e-06 -0
1298 -1.23133e-06 0
1299 3.32289e-07 0
1300 -4.50325e-07 -0
1301 1.3047e-07 0
1302 -6.34605e-07 -0
1303 3.91221e-07 0
1304 -1.33989e-07 -0
1305 -7.32062e-07 0
1306 2.06088e-07 0
1307 -1.73917e-07 -0
1308 8.18041e-06 0
1309 -4.07464e-06 -0
1310 1.33201e-06 -0
1311 4.95056e-06 0
1312 -1.3588e-06 0
1313 2.33018e-06 -0
1314 -9.79916e-07 0
1315 7.21459e-07 -0
1316 -2.16281e-07 -0
1317 1.40251e-06 -0
1318 -5.05002e-07 0
1319 -2.02718e-06 0
1320 5.48952e-07 0
1321 -5.46449e-07 0
1322 2.51533e-07 -0
1323 1.77218e-06 -0
1324 -5.18207e-07 0
1325 1.86806e-06 0
1326 -1.07613e-06 0
1327 3.40127e-07 0
1328 -4.15448e-07 -0
1329 1.13406e-07 -0
1330 3.76329e-07 0
1331 -1.58142e-07 0
1332 3.67121e-07 -0
1333 -1.26221e-07 0
1334 8.32634e-08 0
1335 2.05806e-07 0
1336 -6.00146e-08 0
1337 2.39757e-08 0
1338 -1.34874e-07 0
1339 1.01032e-07 -0
1340 -3.01542e-08 0
1341 1.52271e-08 -0
1342 1.44986e-11 0
1343 -3.16182e-08 -0
1344 1.01805e-08 0
1345 -6.68869e-08 0
1346 1.86553e-08 -0
1347 -9.89688e-09 0
1348 3.02729e-09 0
1349 1.04198e-06 0
1350 -2.82267e-07 -0
1351 1.00562e-07 -0
1352 -6.11635e-07 0
1353 5.97955e-07 0
1354 -1.72036e-07 -0
1355 -5.96531e-07 -0
1356 3.20989e-07 -0
1357 -9.87569e-08 -0
1358 2.53275e-07 -0
1359 -8.55212e-08 -0
1360 3.7498e-08 -0
1361 -6.08252e-09 0
1362 -6.67929e-08 0
1363 6.94621e-08 0
1364 -2.27666e-08 -0
1365 2.72285e-07 -0
1366 -9.51681e-08 -0
1367 4.65354e-08 0
1368 -1.18178e-08 0
1369 -9.97555e-08 0
1370 3.19931e-08 -0
1371 -4.52274e-08 -0
1372 2.55159e-08 0
1373 -6.72417e-09 -0
1374 -4.99605e-08 0
1375 2.6247e-08 -0
1376 -7.46283e-09 -0
1377 4.3339e-09 -0
1378 4.8759e-09 -0
1379 -2.37739e-09 -0
1380 1.22896e-09 0
1381 -2.24099e-06 0
1382 3.37283e-06 0
1383 -9.14224e-07 0
1384 5.41234e-07 -0
1385 -1.63245e-06 -0
1386 5.308e-07 0
1387 2.24126e-06 0
1388 -9.60126e-07 0
1389 8.56364e-07 -0
1390 -2.51146e-07 0
1391 -2.96922e-06 0
1392 7.96953e-07 0
1393 -4.02972e-07 0
1394 1.73112e-06 -0
1395 -6.82906e-07 0
1396 5.33303e-07 0
1397 -1.48388e-07 0
1398 -5.56346e-07 0
1399 1.9316e-07 -0
1400 -3.11357e-07 -0
1401 9.36654e-08 0
1402 4.88122e-07 0
1403 -3.51811e-07 0
1404 9.62716e-08 -0
1405 -1.47681e-06 0
1406 6.56076e-07 -0
1407 -1.42993e-06 0
1408 4.06841e-07 -0
1409 -1.5055e-07 -0
1410 -1.19039e-06 0
1411 1.20538e-06 -0
1412 -3.87351e-07 0
1413 2.02091e-07 0
1414 -1.21088e-06 -0
1415 3.26239e-07 -0
1416 -2.07244e-07 -0
1417 -8.24858e-07 0
1418 2.54551e-07 0
1419 -3.06575e-07 0
1420 1.2493e-07 0
1421 -3.44877e-08 0
1422 5.39412e-07 0
1423 -8.40851e-07 0
1424 2.89183e-07 -0
1425 -1.50126e-07 -0
1426 4.21197e-08 -0
1427 2.80026e-07 -0
1428 -2.24857e-07 0
1429 5.90342e-08 0
1430 -1.45091e-07 0
1431 6.46196e-08 -0
1432 -2.08315e-08 0
1433 -2.10027e-07 0
1434 2.59871e-07 -0
1435 -7.12897e-08 0
1436 -3.5652e-07 -0
1437 1.06066e-07 -0
1438 -6.81577e-08 0
1439 2.5802e-08 0
1440 -5.6551e-08 0
1441 1.51713e-08 0
1442 6.91039e-07 0
1443 -6.20423e-07 0
1444 2.94355e-07 -0
1445 -9.16504e-08 0
1446 5.3614e-07 -0
1447 -1.41919e-07 -0
1448 8.34965e-08 0
1449 5.55365e-07 0
1450 -1.86816e-07 0
1451 1.90908e-07 0
1452 -5.49662e-08 -0
1453 2.28869e-08 -0
1454 -1.68499e-07 0
1455 1.25014e-07 -0
1456 -3.31738e-08 0
1457 -1.70038e-07 0
1458 6.23051e-08 -0
1459 -9.67257e-08 0
1460 2.71162e-08 0
1461 -8.41764e-08 0
1462 4.56571e-08 -0
1463 -1.44016e-08 0
1464 -2.86459e-07 0
1465 1.26409e-07 -0
1466 -3.34457e-08 0
1467 4.36552e-08 -0
1468 2.36653e-07 0
1469 -6.95308e-08 -0
1470 4.82879e-08 -0
1471 -1.70903e-08 -0
1472 3.66864e-08 0
1473 -1.00413e-08 -0
1474 5.15963e-09 -0
1475 2.64638e-07 -0
1476 -1.07349e-07 0
1477 1.07419e-07 0
1478 -2.89748e-08 0
1479 -1.53656e-07 0
1480 4.83302e-08 0
1481 -2.20716e-07 -0
1482 1.10628e-07 -0
1483 3.70372e-07 -0
1484 -1.05381e-07 0
1485 1.34992e-07 0
1486 -4.77034e-08 -0
1487 4.02149e-08 -0
1488 -1.09614e-08 -0
1489 -4.1064e-08 0
1490 1.73564e-08 0
1491 -4.36343e-08 -0
1492 1.29879e-08 0
1493 -2.04206e-07 -0
1494 1.27855e-07 0
1495 -4.15865e-08 -0
1496 1.14744e-08 0
1497 -1.96644e-08 -0
1498 1.10544e-08 0
1499 6.90537e-08 0
1500 -2.64375e-08 -0
1501 7.14681e-09 0
1502 -4.41384e-08 0
1503 3.07201e-08 0
1504 1.20511e-07 -0
1505 -3.70844e-08 -0
1506 1.64002e-08 -0
1507 -1.93303e-08 -0
1508 5.50233e-09 0
1509 -4.27105e-08 0
1510 1.33372e-08 0
1511 -1.02564e-08 0
1512 4.68011e-09 0
1513 3.36121e-08 0
1514 -8.84681e-09 -0
1515 1.34577e-08 0
1516 -4.35798e-09 -0
1517 6.5977e-09 -0
1518 -1.64132e-09 0
1519 8.66687e-10 -0
1520 1.84287e-08 0
1521 -6.40808e-09 -0
1522 2.81279e-09 -0
1523 -7.92568e-10 0
1524 7.96817e-10 0
1525 2.74639e-08 -0
1526 -7.23541e-09 0
1527 4.41395e-09 -0
1528 -1.5791e-08 -0
1529 4.80466e-09 0
1530 -1.80101e-09 0
1531 -1.17002e-08 0
1532 3.27654e-09 0
1533 -3.06751e-09 0
1534 1.31098e-09 -0
1535 3.27173e-07 0
1536 -8.8557e-08 0
1537 1.367e-07 -0
1538 -7.78163e-08 -0
1539 2.74364e-08 -0
1540 -7.80943e-08 -0
1541 2.14829e-08 -0
1542 1.15738e-07 -0
1543 -3.48409e-08 -0
1544 3.01895e-08 0
1545 -1.27208e-08 0
1546 -4.87193e-08 -0
1547 1.30526e-08 0
1548 -1.33152e-07 -0
1549 6.86405e-08 0
1550 -2.29962e-08 0
1551 1.62365e-08 -0
1552 -4.70687e-09 0
1553 -5.73818e-08 0
1554 8.01297e-08 0
1555 -2.4946e-08 -0
1556 4.84167e-08 0
1557 -1.89218e-08 -0
1558 -8.44624e-08 0
1559 2.38257e-08 -0
1560 -1.41626e-08 0
1561 5.18656e-08 -0
1562 -1.3986e-08 0
1563 1.56424e-08 0
1564 -5.60741e-09 -0
1565 1.12222e-07 -0
1566 -5.16469e-08 0
1567 1.43501e-08 -0
1568 9.30774e-08 -0
1569 -6.94212e-08 0
1570 2.18753e-08 -0
1571 9.3759e-08 0
1572 -2.51161e-08 -0
1573 2.35995e-08 0
1574 -1.27225e-08 -0
1575 3.38105e-08 -0
1576 -9.64403e-09 -0
1577 3.70011e-09 -0
1578 7.00347e-08 -0
1579 -4.58859e-08 0
1580 1.25286e-08 0
1581 4.71306e-08 0
1582 -1.60139e-08 -0
1583 8.15988e-08 -0
1584 -3.98909e-08 -0
1585 1.22539e-08 0
1586 -2.11356e-08 0
1587 1.76335e-08 -0
1588 -5.2056e-09 0
1589 2.17681e-09 0
1590 2.1238e-08 0
1591 -5.77556e-09 0
1592 7.43423e-09 0
1593 -2.77135e-09 -0
1594 -1.29095e-08 0
1595 3.46841e-09 -0
1596 -7.85579e-09 -0
1597 3.48649e-09 0
1598 -1.37494e-07 0
1599 4.4741e-08 -0
1600 -3.0159e-08 -0
1601 8.31739e-09 -0
1602 3.21827e-08 0
1603 -3.14909e-08 0
1604 9.19134e-09 -0
1605 -5.50348e-08 -0
1606 2.87523e-08 0
1607 -1.00391e-08 0
1608 -6.91238e-08 -0
1609 1.96177e-08 -0
1610 -1.53194e-08 -0
1611 6.16958e-09 0
1612 -1.88368e-08 0
1613 5.08425e-09 -0
1614 -7.45343e-09 -0
1615 4.3317e-09 0
1616 1.77875e-08 -0
1617 -5.67319e-09 0
1618 1.71982e-09 0
1619 -1.48629e-08 -0
1620 7.10891e-09 -0
1621 -1.90404e-09 -0
1622 2.23441e-09 -0
1623 1.30647e-08 0
1624 -4.73124e-09 -0
1625 2.95145e-09 0
1626 -8.16912e-10 -0
1627 -1.65515e-08 0
1628 3.19493e-08 -0
1629 -1.3862e-08 0
1630 4.62759e-09 -0
1631 1.80935e-08 -0
1632 -4.9905e-09 0
1633 5.39868e-09 -0
1634 -2.56847e-08 -0
1635 7.69402e-09 0
1636 -3.88933e-09 -0
1637 3.18078e-09 0
1638 -8.56194e-10 -0
1639 -5.7434e-09 -0
1640 2.21246e-09 0
1641 -5.72756e-09 -0
1642 1.6582e-09 0
1643 -9.44356e-10 -0
1644 -3.18723e-09 -0
1645 1.00823e-09 0
1646 -9.27522e-10 -0
1647 2.23469e-08 -0
1648 -6.27071e-09 -0
1649 2.57374e-09 -0
1650 -3.48947e-09 0
1651 -1.54606e-08 0
1652 4.17934e-09 -0
1653 -3.10766e-09 -0
1654 1.07736e-09 0
1655 -2.28362e-09 0
1656 1.03657e-09 0
1657 1.0509e-08 0
1658 -2.88256e-09 -0
1659 1.76508e-09 0
1660 -5.76764e-10 0
1661 -1.97986e-09 -0
1662 9.24695e-09 -0
1663 -2.69948e-09 -0
1664 9.99575e-10 0
1665 -1.12588e-09 0
1666 7.92547e-10 -0
1667 -2.41558e-10 -0
1668 -1.15867e-09 0
1669 5.52651e-10 -0
1670 -4.89721e-09 -0
1671 1.31951e-09 0
1672 -2.1926e-09 -0
1673 6.22888e-10 0
1674 -2.48216e-10 -0
1675 1.70185e-08 -0
1676 -9.13815e-09 0
1677 -4.12861e-08 -0
1678 1.3832e-08 -0
1679 -3.77374e-09 -0
1680 3.54367e-09 -0
1681 -9.77864e-09 0
1682 2.98435e-09 0
1683 -1.28376e-09 0
1684 -1.10974e-08 -0
1685 2.96446e-09 0
1686 -1.93991e-09 0
1687 2.64792e-09 0
1688 -9.30059e-10 0
1689 8.50515e-09 -0
1690 -2.47437e-09 0
1691 -1.08254e-08 0
1692 5.45892e-09 0
1693 -4.6689e-09 0
1694 1.29911e-09 -0
1695 -3.09111e-09 -0
1696 1.14615e-09 0
1697 -3.06884e-10 -0
1698 -1.85139e-09 -0
1699 1.38952e-09 0
1700 -4.51858e-10 0
1701 2.07379e-09 0
1702 -8.4525e-10 -0
1703 9.43234e-10 0
1704 -2.55124e-10 0
1705 -3.53411e-09 -0
1706 2.12732e-09 -0
1707 -6.69257e-10 0
1708 -3.18143e-09 0
1709 9.00872e-10 -0
1710 -1.6341e-09 -0
1711 7.40548e-10 0
1712 -1.97322e-10 0
1713 2.41045e-09 -0
1714 -2.33678e-09 0
1715 8.83647e-10 0
1716 -2.60586e-10 -0
1717 -1.21807e-09 0
1718 6.30768e-10 0
1719 -1.85979e-09 -0
1720 6.33753e-10 0
1721 -1.72491e-10 -0
1722 1.17885e-10 0
1723 3.90558e-09 -0
1724 -1.90566e-09 -0
1725 3.13096e-09 -0
1726 -8.42189e-10 -0
1727 2.57805e-10 0
1728 1.4236e-09 -0
1729 -1.16509e-09 -0
1730 4.88692e-10 -0
1731 -3.10555e-09 -0
1732 9.08337e-10 0
1733 -1.07564e-09 -0
1734 2.86246e-10 -0
1735 -1.60129e-10 0
1736 -1.2227e-09 0
1737 4.04107e-10 0
1738 -8.64501e-10 -0
1739 3.06422e-10 -0
1740 -1.93158e-10 -0
1741 5.33738e-11 0
1742 2.36654e-10 0
1743 -1.04074e-10 -0
1744 1.49323e-10 0
1745 -3.96463e-11 -0
1746 -1.60899e-09 0
1747 5.14214e-10 0
1748 -4.62512e-10 -0
1749 1.3391e-10 -0
1750 -5.86074e-10 0
1751 2.32605e-10 0
1752 1.04812e-09 -0
1753 -2.85971e-10 -0
1754 1.57215e-10 0
1755 1.41782e-09 0
1756 -1.84392e-09 -0
1757 5.73677e-10 0
1758 -2.71546e-10 0
1759 8.48349e-10 -0
1760 -2.39434e-10 -0
1761 1.88564e-10 0
1762 -6.99303e-11 0
1763 1.15556e-09 -0
1764 -3.05559e-10 -0
1765 5.87364e-10 -0
1766 -3.58419e-10 0
1767 -1.77307e-09 0
1768 5.97538e-10 -0
1769 -1.59846e-10 0
1770 1.52884e-10 -0
1771 -4.59362e-11 -0
1772 -3.08229e-10 -0
1773 1.19157e-10 0
1774 -5.89043e-10 0
1775 1.67462e-10 -0
1776 -1.17825e-10 -0
1777 5.93727e-11 0
1778 1.15279e-09 0
1779 -3.14562e-10 -0
1780 3.42883e-10 -0
1781 -1.20634e-10 -0
1782 -5.2049e-10 -0
1783 2.15038e-10 0
1784 -5.36052e-10 -0
1785 1.43273e-10 -0
1786 -4.63054e-11 -0
1787 3.66973e-10 0
1788 -2.09326e-10 0
1789 3.12523e-10 0
1790 -9.13086e-11 -0
1791 -8.44622e-10 0
1792 3.84147e-10 -0
1793 -1.06646e-10 -0
1794 7.02902e-11 -0
1795 3.79623e-10 0
1796 -1.00762e-10 -0
1797 9.03516e-11 -0
1798 -3.36214e-11 0
1799 1.07048e-10 0
1800 -3.3619e-11 -0
1801 4.52828e-11 -0
1802 -1.27707e-11 -0
1803 -6.13581e-11 0
1804 2.98894e-11 -0
1805 -1.19108e-11 0
1806 3.76234e-11 0
1807 -9.46258e-12 0
1808 6.0055e-12 0
1809 -1.7489e-12 0
1810 6.36998e-13 -0
1811 3.8626e-11 -0
1812 -1.09764e-11 0
1813 5.50026e-12 -0
1814 -1.43512e-12 0
1815 -9.47323e-11 -0
1816 4.0517e-11 0
1817 -4.56879e-11 -0
1818 1.20921e-11 -0
1819 -4.55762e-11 0
1820 1.54895e-11 0
1821 -1.11585e-11 -0
1822 -1.29829e-10 -0
1823 3.73287e-11 -0
1824 -7.88122e-11 0
1825 4.67884e-11 -0
1826 -1.43583e-11 -0
1827 -7.15033e-11 -0
1828 1.8858e-11 -0
1829 -8.95216e-12 -0
1830 8.66418e-12 0
1831 -3.28484e-12 -0
1832 1.3576e-11 0
1833 -3.55943e-12 0
1834 4.93448e-12 -0
1835 -1.51538e-12 -0
1836 -1.31492e-11 0
1837 6.59423e-12 -0
1838 -1.80897e-12 -0
1839 1.15009e-12 -0
1840 3.05559e-10 0
1841 -1.11176e-10 0
1842 1.49873e-10 -0
1843 -4.04042e-11 0
1844 -2.44534e-10 -0
1845 1.05073e-10 0
1846 -3.21031e-11 -0
1847 9.84354e-11 -0
1848 -7.9175e-11 -0
1849 2.18629e-11 -0
1850 2.1328e-10 0
1851 -9.689e-11 0
1852 1.06439e-10 0
1853 -3.12945e-11 -0
1854 -1.21815e-10 0
1855 4.18222e-11 -0
1856 -2.73563e-11 0
1857 7.31484e-12 -0
1858 -3.24454e-11 0
1859 1.23786e-11 0
1860 -1.91804e-11 0
1861 6.16015e-12 -0
1862 2.91938e-11 0
1863 -1.47105e-11 -0
1864 4.04717e-12 -0
1865 -2.89122e-11 0
1866 2.53521e-11 -0
1867 -7.3262e-12 -0
1868 -1.37804e-10 0
1869 5.71614e-11 -0
1870 -1.53643e-11 -0
1871 3.44406e-11 -0
1872 -1.99529e-11 -0
1873 -8.23821e-11 -0
1874 2.55782e-11 -0
1875 -1.90626e-11 -0
1876 6.87539e-12 0
1877 -8.81454e-12 0
1878 2.48654e-12 -0
1879 -3.64002e-11 0
1880 1.71086e-11 0
1881 -4.63645e-12 0
1882 -2.4472e-11 -0
1883 6.91763e-11 -0
1884 -2.06328e-11 -0
1885 1.12745e-11 0
1886 -1.07821e-11 -0
1887 3.65094e-12 -0
1888 2.95851e-11 -0
1889 -7.91035e-12 -0
1890 3.16982e-12 0
1891 1.25848e-11 -0
1892 -7.62168e-12 0
1893 1.34175e-11 -0
1894 -3.74489e-12 0
1895 9.83906e-11 -0
1896 -3.16119e-11 0
1897 1.38563e-11 -0
1898 -1.439e-11 -0
1899 3.84283e-12 -0
1900 -1.29012e-11 0
1901 4.69471e-12 0
1902 -3.28812e-12 0
1903 -2.1958e-11 -0
1904 6.2596e-12 0
1905 -1.21865e-11 0
1906 3.81056e-12 0
1907 -1.96963e-12 -0
1908 -3.09496e-11 -0
1909 8.33264e-12 0
1910 -7.01014e-12 -0
1911 -2.94042e-11 -0
1912 8.8752e-12 -0
1913 -3.74113e-12 0
1914 2.66893e-11 0
1915 -9.19294e-12 0
1916 1.04222e-11 -0
1917 -2.83895e-12 -0
1918 1.86767e-12 0
1919 9.289e-12 0
1920 -2.68686e-12 0
1921 1.16452e-11 0
1922 -5.51843e-12 -0
1923 1.4681e-12 -0
1924 -2.16365e-12 -0
1925 7.12498e-13 0
1926 3.5902e-11 -0
1927 -1.46851e-11 -0
1928 9.29258e-12 0
1929 -2.57316e-12 -0
1930 6.61915e-12 -0
1931 2.76513e-11 -0
1932 -1.03805e-11 -0
1933 9.49873e-12 0
1934 -2.80738e-12 -0
1935 -2.17664e-11 -0
1936 1.11537e-11 0
1937 -3.15262e-12 -0
1938 4.10165e-12 0
1939 -1.34883e-11 -0
1940 3.63691e-12 0
1941 -2.1547e-12 -0
1942 -1.09442e-11 0
1943 3.40559e-12 -0
1944 -1.35087e-12 -0
1945 1.10345e-12 0
1946 -1.78475e-11 0
1947 4.76413e-12 -0
1948 -1.68325e-12 0
1949 -6.90275e-12 -0
1950 3.09211e-12 -0
1951 -6.03043e-12 -0
1952 1.71627e-12 -0
1953 -1.70957e-12 0
1954 4.64817e-13 -0
1955 3.23433e-12 -0
1956 -2.42712e-12 -0
1957 7.74494e-13 -0
1958 -4.2961e-12 0
1959 2.31146e-12 -0
1960 -6.94423e-13 -0
1961 9.64706e-13 -0
1962 -3.48029e-13 0
1963 -3.90812e-12 0
1964 1.04659e-12 0
1965 -2.40219e-12 0
1966 1.04274e-12 0
1967 4.14631e-12 0
1968 -1.16085e-12 -0
1969 8.00932e-13 -0
1970 -2.71738e-13 -0
1971 5.00162e-12 0
1972 -2.42175e-12 -0
1973 2.85556e-12 0
1974 -7.58029e-13 0
1975 -4.0911e-12 -0
1976 1.25131e-12 -0
1977 -7.08315e-13 -0
1978 2.60912e-12 -0
1979 -9.82216e-13 -0
1980 2.67716e-13 0
1981 -4.27336e-13 0
1982 -1.28461e-11 -0
1983 4.20089e-12 0
1984 -3.23356e-12 0
1985 9.30243e-13 0
1986 4.12872e-12 -0
1987 -1.90041e-12 0
1988 1.84604e-12 -0
1989 -4.99614e-13 -0
1990 4.74455e-12 -0
1991 -1.97531e-12 -0
1992 1.19604e-12 0
1993 -3.54262e-13 -0
1994 -2.3957e-12 0
1995 6.82982e-12 0
1996 -2.38123e-12 -0
1997 6.59485e-13 0
1998 -7.30984e-13 0
1999 2.92347e-13 0
2000 1.38678e-12 -0
2001 -3.71321e-13 0
2002 2.37415e-13 0
2003 3.55227e-12 -0
2004 -1.14122e-12 0
2005 2.34924e-12 0
2006 -1.26043e-12 -0
2007 3.66704e-13 -0
2008 1.5457e-12 -0
2009 -5.98736e-13 0
2010 5.90696e-13 -0
2011 -1.62464e-13 0
2012 -3.71683e-13 -0
2013 6.93003e-13 -0
2014 -2.40762e-13 0
2015 2.98467e-12 0
2016 -8.29779e-13 -0
2017 4.05566e-13 -0
2018 -3.12153e-13 0
2019 9.32819e-14 -0
2020 -2.98977e-13 0
2021 1.19073e-13 0
2022 4.8418e-13 0
2023 -2.80814e-13 0
2024 8.74761e-14 -0
2025 -7.10026e-14 0
2026 1.23988e-14 -0
2027 1.41581e-14 -0
2028 -1.06545e-14 0
2029 1.43108e-13 -0
2030 -3.65572e-14 -0
2031 1.97734e-14 -0
2032 -3.42683e-15 0
2033 -3.29002e-15 -0
2034 1.31165e-12 0
2035 -3.6888e-13 0
2036 1.90674e-13 0
2037 -2.77391e-13 0
2038 9.17083e-14 -0
2039 3.06254e-13 -0
2040 -8.37369e-14 0
2041 5.81476e-14 0
2042 -3.29946e-13 -0
2043 1.00689e-13 0
2044 -4.56997e-14 0
2045 2.75493e-12 0
2046 -9.96455e-13 0
2047 1.5196e-12 0
