0 0 0
1 -0 -0
2 -0 0
3 0 -0
4 -0 0
5 2.82877e-57 -0
6 -8.27485e-58 0
7 3.6139e-58 0
8 -3.49133e-58 0
9 -1.68295e-57 -0
10 4.69594e-58 0
11 -1.78057e-58 -0
12 7.03191e-58 0
13 -5.14561e-58 0
14 1.59394e-58 0
15 5.68276e-58 -0
16 -2.84024e-58 0
17 7.79184e-59 0
18 -1.03103e-58 -0
19 8.80859e-44 -0
20 -3.00883e-44 -0
21 8.3373e-45 0
22 -1.71825e-44 -0
23 8.8415e-45 0
24 -6.80571e-45 -0
25 2.1081e-45 -0
26 1.04572e-44 0
27 -4.07633e-45 -0
28 1.85692e-44 -0
29 -4.92304e-45 0
30 4.97992e-45 0
31 -1.44912e-45 -0
32 -2.57107e-44 -0
33 1.14063e-44 -0
34 -7.03481e-45 -0
35 1.89104e-45 0
36 1.30711e-44 0
37 -1.77868e-44 0
38 6.26183e-45 -0
39 -2.1975e-44 -0
40 6.15819e-45 -0
41 -2.03716e-45 -0
42 -1.4293 0
43 1.07239 -0
44 -0.441704 0
45 -1.6712 -0
46 0.464047 0
47 -0.922288 0
48 0.468356 -0
49 -0.140612 -0
50 0.139192 0
51 -0.0373521 0
52 0.351128 -0
53 -0.134803 0
54 -0.5574 0
55 0.337775 -0
56 -0.108321 -0
57 0.294772 -0
58 -0.0800231 -0
59 0.107064 0
60 -0.0501697 -0
61 -0.284165 0
62 0.0828917 0
63 -0.0708511 0
64 0.0219593 0
65 0.268145 -0
66 -0.148242 -0
67 0.0399594 0
68 -0.0638555 0
69 0.0233067 0
70 0.0871008 0
71 -0.0382484 0
72 0.0106849 0
73 -0.0539354 0
74 0.0361953 -0
75 -0.0123739 -0
76 -0.0928253 0
77 0.106042 0
78 -0.0290434 0
79 1.12226 0
80 -0.43882 0
81 0.130697 -0
82 0.608323 -0
83 -0.47152 0
84 0.126442 0
85 -0.271354 0
86 0.0880362 0
87 -0.0437959 -0
88 0.161566 0
89 -0.046243 -0
90 0.0287293 0
91 0.115333 0
92 -0.0483292 -0
93 0.0461153 0
94 -0.0127428 -0
95 -0.453295 -0
96 0.160018 -0
97 -1.20419 0
98 0.370171 -0
99 -0.200335 -0
100 0.28019 0
101 -0.0752664 0
102 -0.289044 0
103 0.10919 -0
104 -0.0791607 -0
105 0.199723 0
106 -0.0564775 0
107 -0.301657 0
108 0.100252 -0
109 -0.0448156 -0
110 0.0531314 0
111 -0.0143464 -0
112 0.18462 0
113 -0.108965 0
114 0.0319749 0
115 0.331922 -0
116 -0.293128 0
117 0.0930824 0
118 -0.17196 0
119 0.0696002 0
120 0.29625 0
121 -0.080603 0
122 0.0384681 -0
123 -0.115346 -0
124 0.0334264 0
125 -0.02193 0
126 -0.0815943 0
127 0.0281358 -0
128 -0.029024 -0
129 0.0078133 0
130 0.0540586 0
131 -0.0163568 -0
132 0.00847965 -0
133 -0.0130222 0
134 0.00362667 -0
135 0.243836 0
136 -0.0898309 -0
137 0.0743104 -0
138 -0.297703 -0
139 0.128869 -0
140 -0.0345531 0
141 -0.166272 -0
142 0.0519616 -0
143 -0.029378 0
144 0.197568 -0
145 -0.0542304 -0
146 0.0696696 -0
147 -0.027001 0
148 -0.397785 0
149 0.273937 0
150 -0.0904775 0
151 -0.350037 -0
152 0.0981706 -0
153 -0.0453258 -0
154 0.0936298 -0
155 -0.0253739 -0
156 0.0279917 0
157 0.167493 0
158 -0.0596138 -0
159 0.0176907 0
160 -0.275332 -0
161 0.203268 -0
162 -0.0830144 -0
163 0.023839 -0
164 0.106988 0
165 -0.178844 -0
166 0.0576877 0
167 -0.0308742 -0
168 0.00829002 -0
169 -0.0237242 -0
170 -0.088961 0
171 0.0801937 -0
172 -0.0272026 -0
173 0.0075017 -0
174 -0.00449007 0
175 -0.0369103 0
176 0.0178028 -0
177 -0.0837399 0
178 0.0256371 0
179 -0.00961587 -0
180 0.717686 0
181 -0.196096 0
182 0.198094 0
183 -0.0837998 0
184 -0.340797 0
185 0.0966658 0
186 -0.0762673 0
187 0.183938 -0
188 -0.0554326 0
189 0.0358424 -0
190 0.856541 0
191 -0.229783 0
192 0.0831338 0
193 -0.119044 -0
194 0.0598501 0
195 0.310066 -0
196 -0.090165 -0
197 0.762333 0
198 -0.301026 0
199 0.08122 -0
200 -0.0983676 -0
201 -0.374091 -0
202 0.119336 0
203 -0.0667525 -0
204 0.231385 -0
205 -0.0641071 0
206 0.053918 0
207 -0.0239003 -0
208 0.0456109 0
209 -0.0152608 0
210 -0.0946473 -0
211 0.0266924 0
212 -0.0181546 0
213 0.468874 0
214 -0.164267 -0
215 0.0446441 0
216 0.165671 0
217 -0.155525 -0
218 0.0484017 0
219 -0.0221735 -0
220 0.122011 -0
221 -0.0327954 0
222 0.0585751 0
223 -0.0223166 0
224 -0.0936052 0
225 0.0275605 -0
226 -0.0169315 0
227 -0.189112 -0
228 0.0971374 -0
229 -0.109025 -0
230 0.0311138 0
231 -0.0101526 -0
232 0.0266088 0
233 -0.0110549 0
234 -0.052278 -0
235 0.0141529 -0
236 -0.0107906 -0
237 0.117889 0
238 -0.0352571 -0
239 0.0462588 -0
240 -0.0218695 0
241 0.00586292 0
242 0.0459748 0
243 -0.015788 0
244 0.0112761 0
245 0.0446631 0
246 -0.0124994 0
247 0.0278338 -0
248 -0.0111698 0
249 0.0063911 -0
250 -0.00200568 -0
251 -0.033147 -0
252 0.0348234 -0
253 -0.00952679 -0
254 0.0299839 0
255 -0.0108967 -0
256 -0.0405708 0
257 0.0117245 0
258 -0.0101905 0
259 0.00501733 0
260 -0.00135159 0
261 0.00203489 -0
262 0.0111831 0
263 -0.00487283 0
264 0.00150381 -0
265 -0.00676686 0
266 0.00426242 0
267 -0.00117392 0
268 0.157661 -0
269 -0.0555831 0
270 -0.256093 0
271 0.138915 0
272 -0.0404726 0
273 0.0645803 -0
274 -0.0618823 -0
275 0.0165373 0
276 -0.00634298 0
277 0.0404707 -0
278 -0.0133379 0
279 -0.14944 0
280 0.120196 -0
281 -0.0332907 0
282 0.0149033 0
283 0.0593658 0
284 -0.0179511 0
285 0.0240651 -0
286 -0.015814 0
287 0.00429067 -0
288 -0.0155564 -0
289 0.00572613 -0
290 0.0304329 -0
291 -0.0158201 0
292 0.00498197 -0
293 -0.0974067 0
294 0.02619 -0
295 -0.029834 -0
296 0.01271 0
297 0.0964506 -0
298 -0.0272593 -0
299 0.0513042 -0
300 -0.0296678 0
301 0.00996494 0
302 0.0417182 0
303 -0.0111711 0
304 0.00769296 0
305 -0.0732175 -0
306 0.028546 -0
307 -0.00840271 0
308 0.0196837 0
309 -0.00632364 0
310 -0.319094 -0
311 0.286485 0
312 -0.0789319 -0
313 0.0364665 -0
314 0.178354 -0
315 -0.06149 -0
316 0.0760473 0
317 -0.0203084 0
318 0.106875 0
319 -0.0786048 0
320 0.0225056 -0
321 -0.0091697 -0
322 -0.039513 0
323 0.0655973 -0
324 -0.0183423 0
325 0.00929161 0
326 0.152713 -0
327 -0.0547159 -0
328 0.0584417 0
329 -0.0157897 -0
330 0.0506938 0
331 -0.0306494 -0
332 0.00921415 -0
333 0.0584671 -0
334 -0.0220581 0
335 -0.087092 -0
336 0.0277324 0
337 -0.021458 0
338 0.00586116 0
339 -0.0119883 0
340 0.00577076 -0
341 -0.0244219 0
342 0.00615579 0
343 -0.00232671 -0
344 0.00211721 0
345 -0.000558065 0
346 -0.0203889 -0
347 0.0106382 -0
348 -0.00298251 -0
349 0.00262063 -0
350 0.0154567 -0
351 -0.00509872 0
352 0.0108702 -0
353 -0.00292477 0
354 0.00174179 -0
355 0.00582702 0
356 -0.00272402 -0
357 0.000802347 0
358 -0.000842852 -0
359 0.000496286 0
360 -6.01807e-05 -0
361 -5.63502e-05 -0
362 0.00301284 -0
363 -0.000958653 -0
364 0.00769854 -0
365 -0.00196405 -0
366 0.000769052 -0
367 -0.000612832 0
368 0.000188761 0
369 0.00209086 -0
370 -0.000566999 0
371 0.000352998 -0
372 -0.000413882 0
373 9.8706e-05 0
374 0.0102626 0
375 -0.00634263 -0
376 0.00228024 0
377 -0.00224469 0
378 0.000712875 0
379 0.00255647 0
380 -0.00126528 0
381 0.000365853 0
382 -0.00272233 -0
383 0.00426074 -0
384 -0.00169175 0
385 0.0091139 0
386 -0.00234413 0
387 -0.0201774 -0
388 0.00645297 0
389 -0.00371401 0
390 0.00104694 -0
391 -0.00140672 -0
392 0.000629749 -0
393 -0.000159525 -0
394 -0.128284 0
395 0.110411 0
396 -0.0409338 -0
397 0.107537 -0
398 -0.0337194 0
399 -0.14104 -0
400 0.0379911 0
401 -0.0387234 0
402 0.0173601 -0
403 -0.0966928 -0
404 0.0266518 -0
405 -0.0177365 0
406 -0.0965112 0
407 0.0291775 -0
408 -0.0120617 -0
409 0.0158439 -0
410 -0.00889915 0
411 -0.110106 0
412 0.0293789 -0
413 -0.00950113 -0
414 0.00719147 -0
415 -0.0239824 0
416 0.00694417 0
417 0.0300043 0
418 -0.0106449 -0
419 0.0120014 0
420 -0.00324595 0
421 0.00167408 -0
422 0.0115292 -0
423 -0.00453934 0
424 0.00884774 -0
425 -0.00249227 0
426 0.03497 0
427 -0.0107283 -0
428 0.00837061 0
429 0.0343258 0
430 -0.0144443 -0
431 0.0038726 -0
432 -0.0250983 -0
433 0.00867034 0
434 -0.00811734 -0
435 0.00434342 -0
436 -0.00123437 0
437 -0.0118198 0
438 0.0183056 0
439 -0.00501552 -0
440 0.00229539 -0
441 0.0110255 -0
442 -0.00367001 -0
443 0.00249867 -0
444 -0.00601497 -0
445 0.00178812 -0
446 -0.000476491 -0
447 -0.009524 0
448 0.00361263 0
449 -0.00455853 -0
450 0.00288419 0
451 -0.0125674 -0
452 0.00401096 -0
453 -0.00111611 -0
454 -0.00462729 0
455 0.00228928 -0
456 -0.00190574 0
457 0.00050974 -0
458 -0.0037617 0
459 0.00145726 0
460 0.0133493 0
461 -0.00385118 0
462 0.0062049 0
463 -0.00342258 -0
464 0.00114529 -0
465 -0.00113987 -0
466 0.000301768 0
467 0.00210728 0
468 -0.000907453 0
469 0.00215285 0
470 -0.000604 -0
471 0.000409988 0
472 -0.000124141 0
473 -0.000677373 -0
474 0.000279269 -0
475 -0.000557031 -0
476 0.000157547 0
477 0.00020032 0
478 -0.000121036 -0
479 3.81968e-05 0
480 -0.00173041 -0
481 0.00139681 -0
482 -0.000439397 -0
483 0.000741689 0
484 -0.000401422 0
485 0.00010224 -0
486 0.00157893 0
487 -0.00065526 0
488 0.000194627 0
489 0.000980931 -0
490 -0.0009294 0
491 0.00033065 0
492 -8.85902e-05 -0
493 0.000268798 -0
494 -0.000127803 0
495 3.47266e-05 -0
496 1.63951e-07 0
497 -5.03285e-05 -0
498 2.67823e-05 -0
499 -0.0373049 -0
500 0.0105517 0
501 -0.00782532 0
502 -0.0340949 -0
503 0.0115371 -0
504 -0.00308837 -0
505 0.00520302 -0
506 -0.00259606 0
507 -0.0150523 0
508 0.00475466 0
509 -0.00308999 -0
510 0.000854295 -0
511 -0.00177154 -0
512 0.000725385 0
513 0.00750567 0
514 -0.0020248 0
515 0.00163051 -0
516 -0.000579163 -0
517 0.00311529 0
518 -0.00090383 0
519 0.00120965 0
520 -0.00054583 -0
521 -0.00224563 -0
522 0.000614048 -0
523 -0.000340691 -0
524 -0.164987 0
525 0.0496085 0
526 -0.0485735 -0
527 0.155145 -0
528 -0.0416905 0
529 0.015456 -0
530 0.0694967 -0
531 -0.043982 -0
532 0.0146355 0
533 0.084718 -0
534 -0.041455 -0
535 0.0128673 -0
536 -0.019901 -0
537 0.00556151 0
538 0.0989473 -0
539 -0.0701428 0
540 0.0306644 0
541 -0.00822117 -0
542 0.0219213 -0
543 -0.0232403 -0
544 0.00818462 -0
545 0.0346638 -0
546 -0.0100294 -0
547 0.045837 0
548 -0.0179611 -0
549 0.00945026 -0
550 -0.00258274 0
551 -0.0182937 -0
552 0.0232309 -0
553 -0.00736172 0
554 0.00634193 -0
555 0.0244456 -0
556 -0.0067587 -0
557 0.00317911 0
558 -0.0329058 0
559 0.0099716 0
560 -0.00615511 -0
561 0.010364 0
562 -0.00278008 0
563 0.000937548 0
564 -0.0296228 0
565 0.0113891 -0
566 0.0549908 -0
567 -0.0519033 0
568 0.0151986 0
569 -0.00872786 -0
570 0.0324454 -0
571 -0.00877329 -0
572 -0.0330384 0
573 0.0139972 -0
574 -0.00956081 -0
575 0.00309484 0
576 -0.00606001 0
577 0.00171373 -0
578 0.0188739 -0
579 -0.00683735 -0
580 0.00772329 0
581 -0.00210127 -0
582 0.0150699 -0
583 -0.00776467 -0
584 0.00238958 -0
585 -0.00192658 0
586 -0.00760528 -0
587 0.00204667 -0
588 0.054762 0
589 -0.0245663 0
590 0.0347156 -0
591 -0.0119395 0
592 0.00341906 0
593 0.021708 -0
594 -0.0119318 0
595 0.0290194 -0
596 -0.00806144 0
597 0.00325449 -0
598 -0.0173646 0
599 0.0127473 0
600 -0.00420004 -0
601 -0.0183531 0
602 0.00491854 -0
603 -0.00536722 -0
604 0.00203911 -0
605 -0.0401689 0
606 0.011969 -0
607 -0.00702457 0
608 -0.0267097 0
609 0.00733084 -0
610 -0.0152214 -0
611 0.00699398 -0
612 -0.00219738 -0
613 0.00200677 -0
614 0.0101155 -0
615 -0.0027311 0
616 0.00182031 0
617 -0.00510723 -0
618 0.00181233 -0
619 0.0171952 0
620 -0.0048305 0
621 0.00638405 0
622 -0.00276994 0
623 0.00081752 -0
624 -0.0687704 0
625 0.0532122 0
626 -0.0142574 -0
627 -0.054512 0
628 0.0200655 -0
629 -0.0327041 -0
630 0.0160802 0
631 -0.0051508 -0
632 0.0210602 -0
633 -0.0059815 0
634 -0.0349321 0
635 0.0143105 0
636 -0.0166642 -0
637 0.00451644 0
638 -0.00314853 -0
639 -0.0552751 -0
640 0.0187367 0
641 0.0775628 0
642 -0.022286 0
643 0.0132371 0
644 -0.0454196 0
645 0.0175935 0
646 -0.00472326 0
647 0.00416751 0
648 -0.0467995 -0
649 0.0143056 -0
650 -0.00665669 0
651 0.00999033 0
652 -0.002747 0
653 -0.0235059 -0
654 0.0124916 -0
655 -0.00435575 -0
656 -0.021144 0
657 0.00636421 0
658 -0.0140702 0
659 0.0090185 -0
660 -0.00250871 -0
661 0.0025273 0
662 0.00991913 -0
663 -0.00323334 -0
664 0.00134772 0
665 -0.00878979 -0
666 0.00235264 -0
667 -0.00290756 -0
668 0.00147462 0
669 0.105554 0
670 -0.0306856 0
671 0.0114694 0
672 -0.0208713 -0
673 0.00565231 -0
674 0.0236064 0
675 -0.0186628 -0
676 0.00624661 -0
677 -0.0187613 -0
678 0.00900743 0
679 -0.00245716 0
680 -0.0148341 0
681 0.00922997 -0
682 -0.00285457 0
683 -0.0376119 0
684 0.0148689 0
685 -0.0125297 0
686 0.00353299 0
687 -0.01724 -0
688 0.00621457 -0
689 0.0236293 -0
690 -0.00634198 0
691 0.00680624 -0
692 -0.00378917 0
693 0.00112224 -0
694 -0.0156628 -0
695 0.00669753 -0
696 -0.0128015 -0
697 0.00354061 0
698 0.0163069 0
699 -0.0121521 0
700 0.00387665 0
701 -0.00609389 -0
702 0.00269041 0
703 0.0202602 0
704 -0.00545974 -0
705 0.00189345 0
706 -0.0018094 -0
707 0.0143877 -0
708 -0.00416808 0
709 0.00252807 -0
710 0.00997605 0
711 -0.00273108 0
712 0.00675433 0
713 -0.00270048 0
714 0.000807502 0
715 0.0190865 -0
716 -0.00951157 0
717 0.00680667 0
718 -0.00182353 -0
719 0.00249963 -0
720 -0.000826135 0
721 -0.0043058 -0
722 0.00122138 -0
723 -0.00402524 0
724 0.00151634 -0
725 -0.000830175 -0
726 -0.00311153 -0
727 0.00097265 0
728 -0.000898123 0
729 0.0406106 0
730 -0.0113776 0
731 0.00537687 0
732 -0.00643041 0
733 0.00219889 -0
734 0.0155007 -0
735 -0.00417156 0
736 0.00271715 -0
737 -0.0154079 -0
738 0.00467565 0
739 -0.00797095 -0
740 0.00323989 0
741 0.0138696 -0
742 -0.00377809 -0
743 0.00309614 0
744 -0.00112531 -0
745 0.00447515 0
746 -0.00128373 -0
747 0.000729686 0
748 0.0068207 0
749 -0.00219885 0
750 0.00470421 0
751 -0.0012609 0
752 0.000570265 0
753 0.00231624 0
754 -0.00229182 -0
755 0.000672021 0
756 -0.000348332 0
757 0.00712214 0
758 -0.00196298 -0
759 0.00148247 -0
760 0.00673435 -0
761 -0.00259664 0
762 0.00374709 -0
763 -0.00118144 0
764 0.00318432 0
765 -0.000860531 0
766 0.000361954 -0
767 0.0134641 0
768 -0.00903967 -0
769 0.00319207 -0
770 0.0121406 0
771 -0.0033849 0
772 0.00386493 0
773 -0.00188313 0
774 0.0173454 0
775 -0.00464665 0
776 0.00152388 0
777 0.00842589 0
778 -0.00489651 0
779 0.0013963 -0
780 -0.00322512 -0
781 0.00277877 0
782 -0.000846654 0
783 0.000370176 -0
784 0.00445545 0
785 -0.00120974 0
786 0.00156868 0
787 -0.000575602 -0
788 -0.00222355 -0
789 0.00960589 -0
790 -0.00280077 0
791 0.00177469 0
792 -0.00059987 -0
793 0.00107019 0
794 -0.000287309 -0
795 -0.00142457 0
796 0.000766822 -0
797 -0.000301502 0
798 -0.0146481 0
799 0.00407599 0
800 -0.00434459 -0
801 0.0031843 -0
802 -0.000959611 0
803 -0.0037353 -0
804 0.00155506 0
805 -0.00473378 -0
806 0.00130195 0
807 -0.00040592 0
808 0.00733428 -0
809 -0.00341464 -0
810 0.00310603 0
811 0.018361 -0
812 -0.00656291 0
813 0.00177712 0
814 -0.00367529 -0
815 0.00188864 0
816 -0.00053311 -0
817 0.00359492 0
818 -0.00249103 -0
819 0.000810789 0
820 0.00295742 0
821 -0.00366375 0
822 0.000983906 -0
823 -0.000376318 0
824 -0.00619153 0
825 0.00183003 0
826 -0.00112734 -0
827 0.00423069 -0
828 -0.00189492 -0
829 -0.00776382 0
830 0.00225143 0
831 -0.00175008 -0
832 0.000586488 0
833 -0.000878932 -0
834 -0.00625535 -0
835 0.00172512 0
836 -0.000645647 -0
837 0.000670424 -0
838 -0.000355839 0
839 9.60308e-05 -0
840 0.000354719 -0
841 -0.000109761 0
842 0.000597145 -0
843 -0.000287081 0
844 0.0145671 0
845 -0.00508087 0
846 0.00423061 0
847 -0.00119998 -0
848 0.00227994 -0
849 0.0125827 0
850 -0.00342945 0
851 0.00203448 0
852 -0.000648751 -0
853 0.00172763 -0
854 -0.000744464 0
855 -0.00339272 -0
856 0.00101045 -0
857 -0.00113255 -0
858 0.000303867 -0
859 0.00285133 -0
860 -0.00113926 0
861 0.00161327 0
862 -0.000911783 0
863 0.000255591 -0
864 -0.00298574 0
865 0.00107426 -0
866 -0.00105123 -0
867 -0.00410481 -0
868 0.00110864 -0
869 -0.000785479 -0
870 0.000260891 -0
871 -0.0020517 0
872 0.000620604 -0
873 -0.000313044 0
874 -0.00199949 0
875 0.000572287 -0
876 -0.000933422 0
877 0.000382333 0
878 -0.000306362 0
879 -0.00113083 0
880 0.000306858 -0
881 -0.000982388 0
882 0.000451332 0
883 -0.000142382 0
884 -0.00192932 0
885 0.000535456 0
886 -0.000348405 -0
887 0.000447416 0
888 -0.000157237 -0
889 -0.000762198 0
890 0.000205052 -0
891 -0.000474967 0
892 0.000185633 -0
893 -0.000163865 -0
894 4.80407e-05 -0
895 -0.00354962 0
896 0.00172142 0
897 -0.000553722 -0
898 -0.00212274 0
899 0.000579994 -0
900 -0.00034762 -0
901 0.00162868 -0
902 -0.000615622 0
903 0.00108261 -0
904 -0.000311838 0
905 -0.00131256 -0
906 0.000893045 0
907 -0.000299911 -0
908 0.000281598 0
909 -7.54994e-05 0
910 -0.000550107 0
911 0.000230765 -0
912 -0.000779466 0
913 0.00023913 -0
914 -0.000131625 0
915 3.62771e-05 0
916 -0.000865401 0
917 0.00100513 0
918 -0.000450718 -0
919 -0.00246321 -0
920 0.000699062 -0
921 -0.000515819 0
922 0.000177308 0
923 -0.00037197 -0
924 0.000100013 0
925 0.0013885 0
926 -0.000414244 -0
927 0.000553554 -0
928 -0.000288528 0
929 -0.00112513 -0
930 0.000415194 -0
931 -0.0022667 0
932 0.000614649 0
933 -0.000384673 0
934 0.000119867 0
935 0.000548948 0
936 -0.000233468 0
937 0.00025479 -0
938 -7.16009e-05 -0
939 0.0006185 -0
940 -0.000290773 0
941 7.78397e-05 0
942 -0.000195291 0
943 0.000157546 0
944 -5.12306e-05 -0
945 -0.000194687 0
946 7.44336e-05 -0
947 -0.000112633 0
948 3.13273e-05 -0
949 0.000274065 0
950 -0.000157496 -0
951 4.65215e-05 -0
952 0.00221923 0
953 -0.000900636 -0
954 0.000808614 -0
955 -0.000218464 0
956 0.000849098 -0
957 -0.000290671 -0
958 -0.00115682 0
959 0.000770297 -0
960 -0.00022387 -0
961 0.000449621 0
962 -0.00022322 0
963 7.15048e-05 0
964 0.000415712 0
965 -0.000113876 -0
966 0.000114594 0
967 -5.04749e-05 0
968 0.000674724 0
969 -0.000204678 0
970 7.42789e-05 0
971 0.000319626 0
972 -0.000251046 0
973 6.74671e-05 -0
974 -0.000112027 0
975 6.07811e-05 -0
976 0.000999494 -0
977 -0.000282631 0
978 0.00082132 0
979 -0.00028443 0
980 0.000205691 -0
981 -5.61022e-05 -0
982 -0.000208506 -0
983 8.39121e-05 -0
984 -0.000102393 -0
985 3.16517e-05 0
986 0.000321501 -0
987 -9.23409e-05 0
988 5.73163e-05 -0
989 -0.00106039 0
990 0.00028436 0
991 -0.000129572 -0
992 -0.000606102 -0
993 0.000873842 -0
994 -0.000286453 0
995 0.000246005 -0
996 -9.24479e-05 -0
997 2.54754e-05 0
998 -6.09086e-05 0
999 3.233e-05 0
1000 0.000131391 -0
1001 -3.55573e-05 0
1002 0.000223524 0
1003 -7.0213e-05 -0
1004 7.34009e-05 0
1005 -3.19243e-05 -0
1006 -0.00021016 0
1007 6.24337e-05 -0
1008 -3.54187e-05 0
1009 0.000154676 0
1010 -4.30008e-05 -0
1011 1.52874e-05 -0
1012 -0.000280272 0
1013 0.000201643 -0
1014 -8.10978e-05 0
1015 0.000133173 -0
1016 -3.52098e-05 0
1017 -0.000169865 0
1018 8.10152e-05 0
1019 -2.27063e-05 0
1020 2.77841e-05 -0
1021 0.000189356 0
1022 -6.33092e-05 0
1023 4.02734e-05 -0
1024 -1.18905e-05 0
1025 3.0951e-05 -0
1026 -2.72312e-05 0
1027 7.27411e-06 -0
1028 0.000579912 0
1029 -0.000210542 0
1030 0.000105346 0
1031 0.000454393 0
1032 -0.000143133 -0
1033 3.81706e-05 0
1034 -5.79064e-05 -0
1035 0.00040069 0
1036 -0.000157362 -0
1037 4.37443e-05 -0
1038 -2.97954e-05 -0
1039 -0.000331564 -0
1040 9.5976e-05 -0
1041 -0.000105304 0
1042 4.88597e-05 -0
1043 0.000249584 -0
1044 -8.24021e-05 -0
1045 0.000172684 0
1046 -4.61558e-05 -0
1047 2.66758e-05 -0
1048 -8.09663e-06 0
1049 -5.0245e-05 -0
1050 4.13197e-05 -0
1051 -1.58931e-05 0
1052 5.51818e-05 -0
1053 -1.51712e-05 0
1054 -6.15169e-05 0
1055 2.70572e-05 0
1056 -2.6065e-05 0
1057 7.61586e-06 -0
1058 0.000506926 -0
1059 -0.000179828 -0
1060 0.000109735 0
1061 -2.98723e-05 -0
1062 8.39076e-05 -0
1063 -0.000107144 -0
1064 4.48652e-05 -0
1065 0.000292978 -0
1066 -8.08803e-05 -0
1067 4.22058e-05 0
1068 -0.000326864 -0
1069 0.000108335 0
1070 0.000429625 -0
1071 -0.000124991 0
1072 9.68226e-05 0
1073 -0.000173578 0
1074 4.67277e-05 -0
1075 -1.69701e-05 0
1076 -0.000159802 0
1077 0.000103672 0
1078 -3.25131e-05 0
1079 -0.000114139 0
1080 5.58409e-05 0
1081 -1.57136e-05 0
1082 1.74192e-05 -0
1083 -8.89737e-05 -0
1084 2.69487e-05 0
1085 -1.51044e-05 -0
1086 -7.96702e-05 -0
1087 2.15848e-05 0
1088 -3.34401e-05 -0
1089 1.25811e-05 0
1090 -0.00016087 -0
1091 5.45036e-05 -0
1092 -3.92065e-05 0
1093 1.07525e-05 -0
1094 4.38793e-05 0
1095 -1.9099e-05 -0
1096 3.81822e-05 -0
1097 -1.24038e-05 -0
1098 1.19615e-05 -0
1099 -3.40085e-06 0
1100 -4.0075e-05 -0
1101 1.59486e-05 0
1102 -5.74355e-05 0
1103 1.55461e-05 0
1104 5.11201e-05 0
1105 -2.79504e-05 0
1106 8.60259e-06 -0
1107 -1.06559e-05 -0
1108 5.00065e-06 0
1109 -0.000171485 0
1110 4.9723e-05 -0
1111 -4.10801e-05 -0
1112 -0.000186458 0
1113 5.06455e-05 -0
1114 -1.7825e-05 0
1115 1.22124e-05 0
1116 -7.14408e-05 -0
1117 2.28048e-05 0
1118 -3.22873e-05 -0
1119 8.91336e-06 0
1120 7.26258e-05 0
1121 -2.81011e-05 -0
1122 1.64442e-05 -0
1123 5.9561e-05 0
1124 -1.68108e-05 -0
1125 4.56842e-05 -0
1126 -2.19304e-05 -0
1127 1.94152e-05 -0
1128 -5.72081e-06 -0
1129 -1.37126e-05 -0
1130 4.06029e-06 -0
1131 -1.97576e-06 -0
1132 5.06145e-06 0
1133 -1.94306e-06 0
1134 1.24091e-06 0
1135 7.35105e-08 -0
1136 -1.53083e-07 0
1137 7.47009e-06 -0
1138 -2.14966e-06 -0
1139 2.70578e-06 -0
1140 3.39902e-06 0
1141 -2.15671e-06 -0
1142 8.45596e-07 -0
1143 -2.66229e-07 -0
1144 8.31786e-05 0
1145 -0.000180915 -0
1146 8.25061e-05 0
1147 -2.2944e-05 0
1148 -8.71292e-05 0
1149 6.4776e-05 0
1150 -2.12038e-05 -0
1151 2.82232e-05 -0
1152 -7.66742e-06 0
1153 -4.38596e-05 -0
1154 1.68874e-05 -0
1155 -9.63224e-06 -0
1156 8.57133e-05 -0
1157 -2.61324e-05 0
1158 2.58161e-05 -0
1159 -1.05729e-05 0
1160 -4.86448e-05 0
1161 1.31386e-05 -0
1162 -3.45732e-05 0
1163 1.00054e-05 -0
1164 -8.05418e-06 0
1165 2.72127e-06 -0
1166 2.43327e-05 0
1167 -1.54103e-05 0
1168 4.35364e-06 0
1169 1.34807e-05 -0
1170 -5.06135e-06 0
1171 8.73433e-06 0
1172 -4.70385e-06 0
1173 1.29823e-06 -0
1174 -5.33383e-06 -0
1175 1.69229e-06 -0
1176 -2.04574e-06 -0
1177 -6.97669e-06 0
1178 3.10426e-06 -0
1179 -9.29735e-07 0
1180 1.99639e-05 -0
1181 -5.40118e-06 -0
1182 4.68765e-06 0
1183 -1.869e-06 0
1184 -1.21467e-05 0
1185 8.29544e-06 0
1186 -2.57583e-06 0
1187 1.77361e-05 -0
1188 -4.89012e-06 -0
1189 7.18177e-06 0
1190 -3.38206e-06 -0
1191 -1.44252e-05 -0
1192 5.05835e-06 -0
1193 -2.79676e-06 0
1194 7.9391e-07 -0
1195 -2.37189e-06 -0
1196 -8.22914e-06 -0
1197 2.7327e-06 0
1198 -2.53722e-06 0
1199 6.88058e-07 -0
1200 -5.11417e-05 -0
1201 2.1126e-05 0
1202 -1.45033e-05 0
1203 4.20729e-06 -0
1204 -7.87891e-06 0
1205 -5.92086e-05 -0
1206 2.1399e-05 0
1207 -5.90036e-06 -0
1208 6.12218e-06 0
1209 -3.11017e-06 0
1210 2.62925e-05 -0
1211 -8.33084e-06 0
1212 -4.17527e-05 -0
1213 1.11204e-05 -0
1214 -6.42993e-06 -0
1215 8.36545e-06 0
1216 -2.47322e-06 0
1217 -3.70565e-05 -0
1218 1.5684e-05 0
1219 -3.34591e-05 0
1220 9.0261e-06 0
1221 -6.83861e-06 -0
1222 2.29621e-06 -0
1223 9.39346e-06 -0
1224 -3.45705e-06 0
1225 1.51504e-05 -0
1226 -4.27063e-06 0
1227 1.88851e-06 0
1228 3.85252e-05 -0
1229 -4.54892e-05 0
1230 1.238e-05 -0
1231 -8.27183e-06 0
1232 2.66294e-06 -0
1233 8.49559e-06 -0
1234 -1.72696e-05 -0
1235 6.90532e-06 0
1236 -2.01241e-06 0
1237 1.0175e-06 0
1238 -4.88493e-06 0
1239 1.35278e-06 0
1240 4.86369e-06 -0
1241 -4.09809e-06 -0
1242 1.47908e-06 -0
1243 3.41387e-06 -0
1244 -1.12497e-06 0
1245 7.64606e-07 -0
1246 -1.26857e-06 -0
1247 3.62055e-07 0
1248 -1.67529e-06 0
1249 7.214e-07 0
1250 1.52425e-06 0
1251 -4.50031e-07 0
1252 4.93087e-07 0
1253 -1.72735e-07 -0
1254 2.95254e-06 0
1255 -2.12095e-06 -0
1256 6.53337e-07 -0
1257 2.27321e-06 0
1258 -1.09006e-06 0
1259 3.00522e-07 0
1260 -5.3335e-07 -0
1261 2.08096e-07 -0
1262 -5.56298e-06 0
1263 1.57655e-06 0
1264 -1.10379e-06 0
1265 -5.52412e-06 0
1266 2.56239e-06 0
1267 -6.93714e-07 -0
1268 1.37687e-06 -0
1269 -4.61834e-07 0
1270 -5.82052e-06 0
1271 3.37927e-06 -0
1272 -1.04529e-06 -0
1273 1.00978e-06 0
1274 -2.68556e-07 0
1275 3.88091e-07 -0
1276 -1.16542e-07 -0
1277 -7.27265e-08 0
1278 3.31291e-08 0
1279 -1.01252e-06 0
1280 4.56628e-07 -0
1281 -2.07757e-07 0
1282 2.59933e-08 -0
1283 7.5969e-08 -0
1284 -2.90359e-08 0
1285 3.47429e-07 -0
1286 -1.08958e-07 0
1287 6.96054e-08 0
1288 -1.61859e-08 -0
1289 -1.22581e-06 -0
1290 6.9985e-07 0
1291 -1.93714e-07 -0
1292 2.30935e-07 0
1293 -5.95753e-08 -0
1294 -1.30033e-09 -0
1295 6.16933e-09 -0
1296 -9.75369e-08 -0
1297 3.74031e-07 -0
1298 -1.17431e-07 0
1299 2.64736e-08 0
1300 -2.71084e-09 -0
1301 -1.24003e-09 0
1302 1.44379e-07 -0
1303 -9.95977e-08 0
1304 3.61042e-08 -0
1305 -3.4312e-08 0
1306 6.35124e-09 0
1307 2.65643e-09 -0
1308 -1.15394e-05 0
1309 5.80806e-06 -0
1310 -1.91164e-06 -0
1311 -6.56488e-06 0
1312 1.81284e-06 0
1313 -3.22663e-06 -0
1314 1.36907e-06 0
1315 -1.0237e-06 -0
1316 3.0881e-07 -0
1317 -2.2807e-06 -0
1318 8.26789e-07 0
1319 3.0765e-06 0
1320 -8.37537e-07 0
1321 8.50041e-07 0
1322 -3.94761e-07 -0
1323 -2.98609e-06 -0
1324 8.71024e-07 0
1325 -3.13137e-06 0
1326 1.8042e-06 0
1327 -5.70396e-07 0
1328 6.98815e-07 -0
1329 -1.90903e-07 -0
1330 -6.92671e-07 0
1331 2.8839e-07 0
1332 -6.52707e-07 -0
1333 2.23668e-07 0
1334 -1.46836e-07 0
1335 -4.25705e-07 0
1336 1.22236e-07 0
1337 -4.79477e-08 0
1338 2.49643e-07 0
1339 -1.8546e-07 -0
1340 5.51885e-08 0
1341 1.36091e-07 -0
1342 -7.56488e-08 0
1343 1.5297e-07 -0
1344 -4.37171e-08 0
1345 -4.70627e-08 0
1346 1.82828e-08 -0
1347 -2.27465e-08 0
1348 1.16871e-08 0
1349 -2.54694e-06 0
1350 6.88639e-07 -0
1351 -2.44769e-07 -0
1352 1.47828e-06 0
1353 -1.44467e-06 0
1354 4.15622e-07 -0
1355 1.4633e-06 -0
1356 -7.85806e-07 -0
1357 2.41512e-07 -0
1358 1.89842e-06 -0
1359 -8.06097e-07 -0
1360 1.10899e-06 -0
1361 -3.04324e-07 0
1362 8.45605e-07 0
1363 -6.66075e-07 0
1364 2.0046e-07 -0
1365 8.73899e-07 -0
1366 -3.45151e-07 -0
1367 2.04893e-07 0
1368 -5.7593e-08 0
1369 -1.52411e-07 0
1370 5.3358e-08 -0
1371 -1.29774e-07 -0
1372 8.93222e-08 0
1373 -2.58015e-08 -0
1374 3.92165e-07 0
1375 -1.88817e-07 -0
1376 5.13413e-08 -0
1377 1.94112e-07 -0
1378 -2.23587e-07 -0
1379 7.10014e-08 -0
1380 -2.64141e-08 0
1381 5.20724e-06 0
1382 -7.78672e-06 0
1383 2.10819e-06 0
1384 -1.24499e-06 -0
1385 3.71144e-06 -0
1386 -1.20528e-06 0
1387 -5.18681e-06 0
1388 2.21779e-06 0
1389 -1.97058e-06 -0
1390 5.77193e-07 0
1391 7.59245e-06 0
1392 -2.03323e-06 0
1393 1.02381e-06 0
1394 -4.26955e-06 -0
1395 1.67971e-06 0
1396 -1.30492e-06 0
1397 3.62416e-07 0
1398 1.40011e-06 0
1399 -4.84804e-07 -0
1400 7.7241e-07 -0
1401 -2.31863e-07 0
1402 -1.27046e-06 0
1403 9.0972e-07 0
1404 -2.48332e-07 -0
1405 3.47613e-06 0
1406 -1.54005e-06 -0
1407 3.31375e-06 0
1408 -9.41242e-07 -0
1409 3.4755e-07 -0
1410 2.92552e-06 0
1411 -2.94022e-06 -0
1412 9.42614e-07 0
1413 -4.89932e-07 0
1414 2.82639e-06 -0
1415 -7.60179e-07 -0
1416 4.80967e-07 -0
1417 1.96919e-06 0
1418 -6.06389e-07 0
1419 7.24418e-07 0
1420 -2.94397e-07 0
1421 8.11209e-08 0
1422 3.03739e-06 0
1423 -5.62069e-06 0
1424 2.00446e-06 -0
1425 -1.10223e-06 -0
1426 3.19099e-07 -0
1427 1.36719e-06 -0
1428 -1.17983e-06 0
1429 3.17059e-07 0
1430 -1.05597e-06 0
1431 4.94622e-07 -0
1432 -1.65498e-07 0
1433 -9.33101e-07 0
1434 1.28681e-06 -0
1435 -3.61355e-07 0
1436 -1.33206e-06 -0
1437 4.04977e-07 -0
1438 -2.73204e-07 0
1439 1.06446e-07 0
1440 -2.85792e-07 0
1441 7.8459e-08 0
1442 1.07773e-06 0
1443 -1.01425e-06 0
1444 4.93246e-07 -0
1445 -1.56085e-07 0
1446 1.37173e-06 -0
1447 -3.68711e-07 -0
1448 2.24619e-07 0
1449 1.10591e-06 0
1450 -3.78764e-07 0
1451 4.09586e-07 0
1452 -1.19793e-07 -0
1453 5.10358e-08 -0
1454 -1.03483e-06 0
1455 8.23092e-07 -0
1456 -2.2389e-07 0
1457 -8.29507e-07 0
1458 3.12662e-07 -0
1459 -5.56979e-07 0
1460 1.59913e-07 0
1461 -7.68138e-07 0
1462 4.45626e-07 -0
1463 -1.4627e-07 0
1464 -1.23065e-06 0
1465 5.6032e-07 -0
1466 -1.5107e-07 0
1467 2.18535e-07 -0
1468 8.81445e-07 0
1469 -2.63945e-07 -0
1470 1.92058e-07 -0
1471 -6.96115e-08 -0
1472 1.77223e-07 0
1473 -4.95093e-08 -0
1474 2.64698e-08 -0
1475 -9.32756e-07 -0
1476 3.71234e-07 0
1477 -3.55018e-07 0
1478 9.45866e-08 0
1479 7.33647e-07 0
1480 -2.26569e-07 0
1481 8.39499e-07 -0
1482 -4.10456e-07 -0
1483 -1.70857e-06 -0
1484 4.78276e-07 0
1485 -5.72377e-07 0
1486 1.98463e-07 -0
1487 -1.60195e-07 -0
1488 4.3052e-08 -0
1489 2.12593e-07 0
1490 -8.75238e-08 0
1491 1.92496e-07 -0
1492 -5.63539e-08 0
1493 5.15026e-07 -0
1494 -3.1349e-07 0
1495 1.00474e-07 -0
1496 -2.73778e-08 0
1497 4.3508e-08 -0
1498 -2.38437e-08 0
1499 -2.1494e-07 0
1500 8.07806e-08 -0
1501 -2.15541e-08 0
1502 1.03204e-07 0
1503 -6.95559e-08 0
1504 -3.36558e-07 -0
1505 1.02057e-07 -0
1506 -4.41979e-08 -0
1507 4.93325e-08 -0
1508 -1.38553e-08 0
1509 -5.40481e-07 0
1510 1.77803e-07 0
1511 -1.60136e-07 0
1512 8.08181e-08 0
1513 3.16669e-07 0
1514 -8.60572e-08 -0
1515 1.71506e-07 0
1516 -5.86577e-08 -0
1517 1.93716e-07 -0
1518 -5.34732e-08 0
1519 4.03355e-08 -0
1520 2.13553e-07 0
1521 -7.83286e-08 -0
1522 3.69903e-08 -0
1523 -1.09426e-08 0
1524 1.40291e-08 0
1525 1.45176e-07 -0
1526 -3.89519e-08 0
1527 2.4846e-08 -0
1528 -1.61623e-07 -0
1529 5.12168e-08 0
1530 -2.02455e-08 0
1531 -8.34252e-08 0
1532 2.39731e-08 0
1533 -2.47585e-08 0
1534 1.10751e-08 -0
1535 4.69483e-07 0
1536 -1.27751e-07 0
1537 2.03223e-07 -0
1538 -1.16956e-07 -0
1539 4.15144e-08 -0
1540 -1.24738e-07 -0
1541 3.44893e-08 -0
1542 1.68347e-07 -0
1543 -5.09724e-08 -0
1544 4.49074e-08 0
1545 -1.90746e-08 0
1546 -6.79363e-08 -0
1547 1.82972e-08 0
1548 -2.26937e-07 -0
1549 1.18042e-07 0
1550 -3.97777e-08 0
1551 2.84312e-08 -0
1552 -8.28335e-09 0
1553 -8.27658e-08 0
1554 1.1852e-07 0
1555 -3.71023e-08 -0
1556 7.4526e-08 0
1557 -2.93243e-08 -0
1558 -1.21169e-07 0
1559 3.43539e-08 -0
1560 -2.06395e-08 0
1561 8.06471e-08 -0
1562 -2.1848e-08 0
1563 2.49076e-08 0
1564 -8.98316e-09 -0
1565 2.4911e-07 -0
1566 -1.15384e-07 0
1567 3.21838e-08 -0
1568 1.91608e-07 -0
1569 -1.44394e-07 0
1570 4.56981e-08 -0
1571 1.84952e-07 0
1572 -4.97282e-08 -0
1573 4.73364e-08 0
1574 -2.57093e-08 -0
1575 7.08962e-08 -0
1576 -2.03014e-08 -0
1577 7.82998e-09 -0
1578 1.22294e-07 -0
1579 -8.07182e-08 0
1580 2.21068e-08 0
1581 7.98617e-08 0
1582 -2.7237e-08 -0
1583 1.47013e-07 -0
1584 -7.22579e-08 -0
1585 2.22719e-08 0
1586 -3.91599e-08 0
1587 3.29753e-08 -0
1588 -9.76652e-09 0
1589 4.10303e-09 0
1590 3.66012e-08 0
1591 -9.97964e-09 0
1592 1.30085e-08 0
1593 -4.86701e-09 -0
1594 -2.17579e-08 0
1595 5.85997e-09 -0
1596 -1.35568e-08 -0
1597 6.04157e-09 0
1598 -3.12952e-07 0
1599 1.02037e-07 -0
1600 -6.90641e-08 -0
1601 1.90788e-08 -0
1602 7.21792e-08 0
1603 -7.10391e-08 0
1604 2.07703e-08 -0
1605 -1.28935e-07 -0
1606 6.75696e-08 0
1607 -2.36414e-08 0
1608 -1.56785e-07 -0
1609 4.45669e-08 -0
1610 -3.49547e-08 -0
1611 1.41092e-08 0
1612 -4.38326e-08 0
1613 1.18489e-08 -0
1614 -1.75156e-08 -0
1615 1.02131e-08 0
1616 4.10099e-08 -0
1617 -1.31029e-08 0
1618 3.97881e-09 0
1619 -3.60006e-08 -0
1620 1.72618e-08 -0
1621 -4.62979e-09 -0
1622 5.46605e-09 -0
1623 3.10386e-08 0
1624 -1.1261e-08 -0
1625 7.04716e-09 0
1626 -1.95328e-09 -0
1627 -5.60246e-08 0
1628 1.05581e-07 -0
1629 -4.55684e-08 0
1630 1.51523e-08 -0
1631 6.35099e-08 -0
1632 -1.74363e-08 0
1633 1.85521e-08 -0
1634 -8.37696e-08 -0
1635 2.50111e-08 0
1636 -1.25756e-08 -0
1637 1.02012e-08 0
1638 -2.73871e-09 -0
1639 -2.13395e-08 -0
1640 8.1572e-09 0
1641 -2.02433e-08 -0
1642 5.83315e-09 0
1643 -3.29273e-09 -0
1644 -1.19817e-08 -0
1645 3.76529e-09 0
1646 -3.40288e-09 -0
1647 6.94046e-08 -0
1648 -1.94351e-08 -0
1649 7.95328e-09 -0
1650 -1.06857e-08 0
1651 -4.93272e-08 0
1652 1.33022e-08 -0
1653 -9.82871e-09 -0
1654 3.39753e-09 0
1655 -7.0894e-09 0
1656 3.20739e-09 0
1657 4.26312e-08 0
1658 -1.16203e-08 -0
1659 7.02104e-09 0
1660 -2.27824e-09 0
1661 -8.69862e-09 -0
1662 3.68523e-08 -0
1663 -1.06913e-08 -0
1664 3.92835e-09 0
1665 -4.32991e-09 0
1666 3.00866e-09 -0
1667 -9.11945e-10 -0
1668 -5.07145e-09 0
1669 2.38745e-09 -0
1670 -1.83318e-08 -0
1671 4.91669e-09 0
1672 -7.96461e-09 -0
1673 2.25288e-09 0
1674 -8.92457e-10 -0
1675 -1.45174e-08 -0
1676 8.12191e-09 0
1677 2.64455e-08 -0
1678 -9.11843e-09 -0
1679 2.54589e-09 -0
1680 -2.58685e-09 -0
1681 8.9628e-09 0
1682 -2.79787e-09 0
1683 1.24225e-09 0
1684 5.94982e-09 -0
1685 -1.62936e-09 0
1686 1.13215e-09 0
1687 -1.74474e-09 0
1688 6.31126e-10 0
1689 -1.35152e-08 -0
1690 4.00477e-09 0
1691 1.36482e-08 0
1692 -7.11341e-09 0
1693 6.43474e-09 0
1694 -1.82268e-09 -0
1695 5.08973e-09 -0
1696 -1.93165e-09 0
1697 5.25927e-10 -0
1698 2.28132e-09 -0
1699 -1.79872e-09 0
1700 5.97323e-10 0
1701 -3.80869e-09 0
1702 1.59195e-09 -0
1703 -1.90603e-09 0
1704 5.24174e-10 0
1705 3.80799e-09 -0
1706 -2.38513e-09 -0
1707 7.65877e-10 0
1708 2.72731e-09 0
1709 -7.8788e-10 -0
1710 1.6262e-09 -0
1711 -7.59746e-10 0
1712 2.06051e-10 0
1713 -1.16849e-08 -0
1714 1.21033e-08 0
1715 -4.69554e-09 0
1716 1.41282e-09 -0
1717 5.14473e-09 0
1718 -2.75167e-09 0
1719 1.01219e-08 -0
1720 -3.53107e-09 0
1721 9.79373e-10 -0
1722 -7.03143e-10 0
1723 -8.75337e-09 -0
1724 4.37837e-09 -0
1725 -7.84629e-09 -0
1726 2.13975e-09 -0
1727 -6.65353e-10 0
1728 -2.88277e-09 -0
1729 2.45943e-09 -0
1730 -1.0536e-09 -0
1731 1.002e-08 -0
1732 -2.97634e-09 0
1733 3.76204e-09 -0
1734 -1.01561e-09 -0
1735 5.85841e-10 0
1736 3.2395e-09 0
1737 -1.08866e-09 0
1738 2.6144e-09 -0
1739 -9.43814e-10 -0
1740 6.14961e-10 -0
1741 -1.72395e-10 0
1742 -6.26385e-10 0
1743 2.81641e-10 -0
1744 -4.3566e-10 0
1745 1.17247e-10 -0
1746 1.5355e-09 0
1747 -4.98919e-10 0
1748 4.70084e-10 -0
1749 -1.38108e-10 -0
1750 7.59104e-10 0
1751 -3.06922e-10 0
1752 -1.13277e-09 -0
1753 3.13237e-10 -0
1754 -1.76908e-10 0
1755 -1.05113e-09 0
1756 1.47282e-09 -0
1757 -4.66163e-10 0
1758 2.26451e-10 0
1759 -8.38712e-10 -0
1760 2.40089e-10 -0
1761 -1.9668e-10 0
1762 7.42826e-11 0
1763 -5.36678e-09 -0
1764 1.43699e-09 -0
1765 -3.05788e-09 -0
1766 1.9264e-09 0
1767 7.79515e-09 0
1768 -2.66785e-09 -0
1769 7.22514e-10 0
1770 -7.23636e-10 -0
1771 2.20578e-10 -0
1772 1.16052e-09 -0
1773 -4.55933e-10 0
1774 2.96728e-09 0
1775 -8.55528e-10 -0
1776 6.24048e-10 -0
1777 -3.22808e-10 0
1778 -3.66244e-09 0
1779 1.00951e-09 -0
1780 -1.14727e-09 -0
1781 4.09059e-10 -0
1782 1.53098e-09 -0
1783 -6.41964e-10 0
1784 1.7631e-09 -0
1785 -4.75965e-10 -0
1786 1.55714e-10 -0
1787 -2.06355e-09 0
1788 1.21301e-09 0
1789 -1.97531e-09 0
1790 5.868e-10 -0
1791 3.87267e-09 0
1792 -1.79733e-09 -0
1793 5.05201e-10 -0
1794 -3.43238e-10 -0
1795 -1.52598e-09 0
1796 4.09387e-10 -0
1797 -3.81088e-10 -0
1798 1.44026e-10 0
1799 -5.37399e-10 0
1800 1.7128e-10 -0
1801 -2.47019e-10 -0
1802 7.06513e-11 -0
1803 2.81242e-10 0
1804 -1.39984e-10 -0
1805 5.67834e-11 0
1806 -1.02309e-09 0
1807 2.76996e-10 0
1808 -2.3126e-10 0
1809 7.71417e-11 0
1810 -1.33895e-10 -0
1811 -7.10795e-10 -0
1812 2.13009e-10 0
1813 -1.18946e-10 -0
1814 3.2911e-11 0
1815 5.24634e-10 -0
1816 -2.29143e-10 0
1817 2.74292e-10 -0
1818 -7.36124e-11 -0
1819 3.8284e-10 0
1820 -1.33522e-10 0
1821 1.02089e-10 -0
1822 7.53817e-10 -0
1823 -2.19913e-10 -0
1824 5.28127e-10 0
1825 -3.25003e-10 -0
1826 1.01627e-10 -0
1827 4.07612e-10 -0
1828 -1.08913e-10 -0
1829 5.29693e-11 -0
1830 -5.40418e-11 0
1831 2.09183e-11 -0
1832 -1.85289e-10 0
1833 5.0357e-11 0
1834 -9.50768e-11 -0
1835 3.11726e-11 -0
1836 1.44444e-10 0
1837 -7.65556e-11 -0
1838 2.16613e-11 -0
1839 -1.4933e-11 -0
1840 -7.85164e-10 0
1841 2.87274e-10 0
1842 -3.95411e-10 -0
1843 1.0704e-10 0
1844 5.93915e-10 -0
1845 -2.56852e-10 0
1846 7.8838e-11 -0
1847 -2.53387e-10 -0
1848 2.06299e-10 -0
1849 -5.72032e-11 -0
1850 -4.89201e-10 0
1851 2.23702e-10 0
1852 -2.49704e-10 0
1853 7.37289e-11 -0
1854 2.71825e-10 0
1855 -9.37858e-11 -0
1856 6.19265e-11 0
1857 -1.66222e-11 -0
1858 7.86939e-11 0
1859 -3.01868e-11 0
1860 4.78298e-11 0
1861 -1.54328e-11 -0
1862 -6.8564e-11 0
1863 3.47949e-11 -0
1864 -9.60982e-12 -0
1865 7.62034e-11 0
1866 -6.76435e-11 -0
1867 1.9626e-11 -0
1868 3.0343e-10 0
1869 -1.26469e-10 -0
1870 3.40993e-11 -0
1871 -7.84696e-11 -0
1872 4.57676e-11 -0
1873 1.80513e-10 -0
1874 -5.62444e-11 -0
1875 4.22753e-11 -0
1876 -1.53105e-11 0
1877 1.992e-11 0
1878 -5.63756e-12 -0
1879 9.74416e-11 0
1880 -4.60253e-11 0
1881 1.25085e-11 0
1882 6.26524e-11 -0
1883 -1.82369e-10 -0
1884 5.4561e-11 -0
1885 -2.9981e-11 0
1886 2.89557e-11 -0
1887 -9.83871e-12 -0
1888 -7.39362e-11 -0
1889 1.98199e-11 -0
1890 -7.97375e-12 0
1891 -3.05124e-11 -0
1892 1.85849e-11 0
1893 -3.32763e-11 -0
1894 9.31262e-12 0
1895 -1.15981e-10 -0
1896 3.6744e-11 0
1897 -1.57833e-11 -0
1898 1.55233e-11 -0
1899 -4.08451e-12 -0
1900 1.0114e-11 0
1901 -3.53372e-12 0
1902 2.26396e-12 0
1903 2.3511e-11 -0
1904 -6.59779e-12 0
1905 1.1186e-11 0
1906 -3.41215e-12 0
1907 1.68702e-12 -0
1908 4.20703e-11 -0
1909 -1.12532e-11 0
1910 9.26258e-12 -0
1911 4.21089e-11 -0
1912 -1.26376e-11 -0
1913 5.28314e-12 0
1914 -2.72665e-11 0
1915 9.21383e-12 0
1916 -9.71922e-12 -0
1917 2.59888e-12 -0
1918 -1.62852e-12 0
1919 -1.03034e-11 0
1920 2.94226e-12 0
1921 -9.14524e-12 0
1922 4.13968e-12 -0
1923 -1.07171e-12 -0
1924 1.30571e-12 -0
1925 -4.09262e-13 0
1926 -6.23221e-11 -0
1927 2.53519e-11 -0
1928 -1.59027e-11 0
1929 4.38622e-12 -0
1930 -1.08363e-11 -0
1931 -4.79597e-11 -0
1932 1.79127e-11 -0
1933 -1.61808e-11 0
1934 4.76191e-12 -0
1935 4.05101e-11 -0
1936 -2.06361e-11 0
1937 5.81379e-12 -0
1938 -7.44578e-12 0
1939 2.34212e-11 -0
1940 -6.29135e-12 0
1941 3.69625e-12 -0
1942 2.0012e-11 0
1943 -6.20358e-12 -0
1944 2.44843e-12 -0
1945 -1.97969e-12 0
1946 1.79419e-11 0
1947 -4.72664e-12 -0
1948 1.64004e-12 0
1949 7.93974e-12 -0
1950 -3.49621e-12 -0
1951 6.26205e-12 -0
1952 -1.75884e-12 -0
1953 1.6667e-12 0
1954 -4.47012e-13 -0
1955 -4.00268e-12 -0
1956 2.92905e-12 -0
1957 -9.24333e-13 -0
1958 3.87205e-12 0
1959 -2.01634e-12 -0
1960 5.94351e-13 -0
1961 -7.47475e-13 -0
1962 2.62099e-13 0
1963 4.74605e-12 0
1964 -1.2593e-12 0
1965 2.64301e-12 0
1966 -1.12671e-12 0
1967 -5.14271e-12 0
1968 1.4267e-12 -0
1969 -9.61345e-13 -0
1970 3.2227e-13 -0
1971 9.59115e-12 0
1972 -4.84756e-12 -0
1973 6.3468e-12 0
1974 -1.723e-12 0
1975 -6.12714e-12 -0
1976 1.93018e-12 -0
1977 -1.15302e-12 -0
1978 6.10035e-12 -0
1979 -2.36954e-12 -0
1980 6.60515e-13 0
1981 -1.20769e-12 0
1982 -4.22058e-12 -0
1983 1.49575e-12 0
1984 -1.36703e-12 0
1985 4.16696e-13 0
1986 4.73596e-13 -0
1987 -2.84747e-13 0
1988 4.18758e-13 -0
1989 -1.24132e-13 -0
1990 6.97022e-12 -0
1991 -3.00956e-12 -0
1992 1.92075e-12 0
1993 -5.83433e-13 -0
1994 -2.25463e-12 0
1995 8.73996e-12 0
1996 -3.14729e-12 -0
1997 8.93771e-13 0
1998 -1.09536e-12 0
1999 4.541e-13 0
2000 1.44174e-12 -0
2001 -3.96944e-13 0
2002 2.70414e-13 0
2003 -2.79171e-11 -0
2004 8.75707e-12 0
2005 -1.58038e-11 0
2006 8.1841e-12 -0
2007 -2.33459e-12 -0
2008 -2.16027e-11 -0
2009 7.98564e-12 0
2010 -7.09686e-12 -0
2011 1.89482e-12 0
2012 7.52624e-12 -0
2013 -1.10235e-11 -0
2014 3.65171e-12 0
2015 -2.30089e-11 0
2016 6.26338e-12 -0
2017 -2.95259e-12 -0
2018 2.15352e-12 0
2019 -6.29178e-13 -0
2020 1.67469e-12 0
2021 -6.49747e-13 0
2022 -3.99575e-12 0
2023 2.2148e-12 0
2024 -6.73529e-13 -0
2025 -9.92463e-12 0
2026 2.67253e-12 -0
2027 -2.79934e-12 -0
2028 1.19602e-12 0
2029 4.879e-12 -0
2030 -1.37171e-12 -0
2031 2.9502e-12 -0
2032 -1.01699e-12 0
2033 8.36475e-13 -0
2034 -9.53546e-12 0
2035 2.61911e-12 0
2036 -1.29932e-12 0
2037 1.6998e-12 0
2038 -5.48666e-13 -0
2039 -2.72163e-12 -0
2040 7.26174e-13 0
2041 -4.72813e-13 0
2042 1.87735e-12 -0
2043 -5.59431e-13 0
2044 2.47603e-13 0
2045 1.19821e-11 0
2046 -4.39312e-12 0
2047 7.12534e-12 0
