0 0 0
1 -0 -0
2 -0 0
3 0 -0
4 -0 0
5 0.144132 -0
6 -0.042162 0
7 0.0184135 0
8 -0.0177891 0
9 -0.0857497 -0
10 0.0239268 0
11 -0.00907237 -0
12 0.035829 0
13 -0.0262179 0
14 0.00812148 0
15 0.0289549 -0
16 -0.0144716 0
17 0.0039701 0
18 -0.00525331 -0
19 -0.0499073 -0
20 0.0176831 -0
21 -0.0050471 0
22 0.0132833 -0
23 -0.00722651 0
24 0.00605302 -0
25 -0.00193814 -0
26 -0.00631615 0
27 0.00256746 -0
28 -0.0224704 -0
29 0.00612834 0
30 -0.00693788 0
31 0.00208266 -0
32 0.0128859 -0
33 -0.0059967 -0
34 0.00395524 -0
35 -0.00109418 0
36 -0.00437786 0
37 0.00695323 0
38 -0.00254207 -0
39 0.0141469 -0
40 -0.00408498 -0
41 0.00140008 -0
42 0.0268691 0
43 -0.0209798 -0
44 0.00883085 0
45 0.0279094 -0
46 -0.00786348 0
47 0.0174341 0
48 -0.00909402 -0
49 0.00277364 -0
50 -0.00289496 0
51 0.000787877 0
52 -0.0145177 -0
53 0.00568734 0
54 0.019348 0
55 -0.0121068 -0
56 0.00394851 -0
57 -0.0125204 -0
58 0.00344775 -0
59 -0.00495847 0
60 0.00238167 -0
61 0.0104158 0
62 -0.00308522 0
63 0.00276 0
64 -0.000869463 0
65 -0.0064885 -0
66 0.00369351 -0
67 -0.00100979 0
68 0.00176022 0
69 -0.000654922 0
70 -0.00204861 0
71 0.000920668 0
72 -0.000260994 0
73 0.00178765 0
74 -0.00124314 -0
75 0.000432692 -0
76 0.0023337 0
77 -0.00283472 0
78 0.00078763 0
79 0.0299608 0
80 -0.011959 0
81 0.00361805 -0
82 0.0135497 -0
83 -0.0109452 0
84 0.00297668 0
85 -0.00719353 0
86 0.002374 0
87 -0.00121247 -0
88 0.00553868 0
89 -0.00160929 -0
90 0.00103328 0
91 0.00342985 0
92 -0.00146936 -0
93 0.00147549 0
94 -0.000413677 -0
95 -0.0051517 -0
96 0.00185273 -0
97 -0.0229534 0
98 0.00717094 -0
99 -0.00399364 -0
100 0.00602511 0
101 -0.0016415 0
102 -0.00525169 0
103 0.00202378 -0
104 -0.00152487 -0
105 0.00443032 0
106 -0.00127156 0
107 -0.00531158 0
108 0.00179639 -0
109 -0.000822211 -0
110 0.00103904 0
111 -0.000284566 -0
112 0.0111281 0
113 -0.0067765 0
114 0.00201939 0
115 0.013601 -0
116 -0.0125912 0
117 0.00406562 0
118 -0.00831134 0
119 0.00343652 0
120 0.0119706 0
121 -0.00330381 0
122 0.00161699 -0
123 -0.00574698 -0
124 0.00169098 0
125 -0.00114869 0
126 -0.0035795 0
127 0.0012569 -0
128 -0.00137028 -0
129 0.000374132 0
130 0.00190227 0
131 -0.000584807 -0
132 0.000311596 -0
133 -0.000520169 0
134 0.000147001 -0
135 0.00221181 0
136 -0.000830632 -0
137 0.000717755 -0
138 -0.00362522 -0
139 0.00160514 -0
140 -0.000436421 0
141 -0.00168241 -0
142 0.000534386 -0
143 -0.00031121 0
144 0.00320634 -0
145 -0.000892765 -0
146 0.00122844 -0
147 -0.000485817 0
148 -0.00406883 0
149 0.00290511 0
150 -0.000976131 0
151 -0.00314906 -0
152 0.000896121 -0
153 -0.000423821 -0
154 0.000979757 -0
155 -0.000269277 -0
156 0.000314962 0
157 0.00144084 0
158 -0.000522392 -0
159 0.000157428 0
160 -0.0124163 -0
161 0.00952938 -0
162 -0.00397555 -0
163 0.00115881 -0
164 0.00422359 0
165 -0.0077262 -0
166 0.0025343 0
167 -0.00139484 -0
168 0.000379787 -0
169 -0.00127513 -0
170 -0.00400679 0
171 0.003788 -0
172 -0.00130781 -0
173 0.00036586 -0
174 -0.000225958 0
175 -0.00130497 0
176 0.000645456 -0
177 -0.00400778 0
178 0.00124666 0
179 -0.000476813 -0
180 -0.0123903 0
181 0.00343412 0
182 -0.003661 0
183 0.00158347 0
184 0.00531782 0
185 -0.00153091 0
186 0.0012594 0
187 -0.00347177 -0
188 0.00106289 0
189 -0.000711118 -0
190 -0.00759714 0
191 0.00206677 0
192 -0.000762013 0
193 0.00117853 -0
194 -0.000608348 0
195 -0.00248542 -0
196 0.000733783 -0
197 -0.0110341 0
198 0.00444801 0
199 -0.00121712 -0
200 0.00157272 -0
201 0.00499729 -0
202 -0.00162091 0
203 0.000933723 -0
204 -0.0039446 -0
205 0.00110879 0
206 -0.000975029 0
207 0.000442356 -0
208 -0.000936782 0
209 0.000318964 0
210 0.00149744 -0
211 -0.000428562 0
212 0.000302122 0
213 -1.28065 0
214 0.454799 -0
215 -0.124911 0
216 -0.405617 0
217 0.395047 -0
218 -0.124434 0
219 0.058028 -0
220 -0.405063 -0
221 0.110015 0
222 -0.210995 0
223 0.0815834 0
224 0.294647 0
225 -0.0877481 -0
226 0.0552121 0
227 0.431419 -0
228 -0.226063 -0
229 0.265173 -0
230 -0.0765149 0
231 0.0252844 -0
232 -0.073694 0
233 0.0311139 0
234 0.124503 -0
235 -0.0340603 -0
236 0.0267529 -0
237 -0.503539 0
238 0.152344 -0
239 -0.210487 -0
240 0.101351 0
241 -0.0274534 0
242 -0.165464 0
243 0.0575804 0
244 -0.0422845 0
245 -0.145378 0
246 0.0411274 0
247 -0.100143 -0
248 0.0408168 0
249 -0.0238788 -0
250 0.00758513 -0
251 0.0767393 -0
252 -0.0840034 -0
253 0.0232248 -0
254 -0.083126 0
255 0.0306364 -0
256 0.0998203 0
257 -0.02917 0
258 0.0262274 0
259 -0.0131615 0
260 0.0035825 0
261 -0.00572402 -0
262 -0.025985 0
263 0.0115147 0
264 -0.0035961 -0
265 0.0195538 0
266 -0.0126215 0
267 0.00351321 0
268 0.0763673 -0
269 -0.0274406 0
270 -0.101605 0
271 0.0567487 0
272 -0.0167935 0
273 0.0292864 -0
274 -0.0295757 -0
275 0.00801819 0
276 -0.0031398 0
277 0.0306392 -0
278 -0.0102817 0
279 -0.0722085 0
280 0.060675 -0
281 -0.0170567 0
282 0.00782246 0
283 0.0257361 0
284 -0.00790871 0
285 0.0114145 -0
286 -0.00777225 0
287 0.00213963 -0
288 -0.00962737 -0
289 0.00361505 -0
290 0.0149862 -0
291 -0.0080116 0
292 0.00256591 -0
293 0.37912 0
294 -0.103549 -0
295 0.126336 -0
296 -0.0551933 0
297 -0.292487 -0
298 0.0840169 -0
299 -0.177257 -0
300 0.106025 0
301 -0.0363139 0
302 -0.122832 0
303 0.0333996 0
304 -0.0239394 0
305 0.523907 -0
306 -0.20911 -0
307 0.0626512 0
308 -0.170873 0
309 0.0559802 0
310 0.755324 -0
311 -0.712961 0
312 0.199425 -0
313 -0.0945134 -0
314 -0.36574 -0
315 0.128485 -0
316 -0.170305 0
317 0.0461474 0
318 -0.341375 0
319 0.261649 0
320 -0.0761116 -0
321 0.0317222 -0
322 0.110696 0
323 -0.202131 -0
324 0.0573985 0
325 -0.0299067 0
326 -0.262137 -0
327 0.0957497 -0
328 -0.108453 0
329 0.0297308 -0
330 -0.115355 0
331 0.0720889 -0
332 -0.0220287 -0
333 -0.104485 -0
334 0.0402278 0
335 0.131378 -0
336 -0.0425517 0
337 0.034333 0
338 -0.00951578 0
339 0.0218419 0
340 -0.0107907 -0
341 -0.336129 0
342 0.09123 0
343 -0.0390557 -0
344 0.0651119 0
345 -0.0202172 0
346 -0.113596 -0
347 0.0645748 -0
348 -0.0189618 -0
349 0.0197327 -0
350 0.0655962 -0
351 -0.0226391 0
352 0.0748197 -0
353 -0.0211013 0
354 0.0140983 -0
355 -0.23237 0
356 0.0951315 -0
357 -0.0259285 0
358 0.0223557 -0
359 0.0844412 0
360 -0.0281462 -0
361 0.0152951 -0
362 -0.0758714 -0
363 0.0229119 -0
364 0.148263 -0
365 -0.0409068 -0
366 0.0183686 -0
367 -0.0236131 0
368 0.00878619 0
369 0.0284684 -0
370 -0.00822788 0
371 0.00609272 -0
372 -0.0151829 0
373 0.00411321 0
374 -0.213155 0
375 0.129653 -0
376 -0.0462059 0
377 0.0445854 0
378 -0.0140733 0
379 -0.0614804 0
380 0.0297503 0
381 -0.00849443 0
382 0.055984 -0
383 -0.0859257 -0
384 0.0339628 0
385 0.393372 0
386 -0.109252 0
387 -0.391453 -0
388 0.132297 0
389 -0.0848653 0
390 0.0252329 -0
391 -0.0493342 -0
392 0.0249 -0
393 -0.00676146 -0
394 -0.112312 0
395 0.101852 0
396 -0.0386091 -0
397 0.12042 -0
398 -0.0384844 0
399 -0.129086 -0
400 0.0353338 0
401 -0.0383357 0
402 0.0176573 -0
403 -0.149428 -0
404 0.0418972 -0
405 -0.0290761 0
406 -0.11922 0
407 0.0367111 -0
408 -0.0155641 -0
409 0.022217 -0
410 -0.0129208 0
411 -0.0930024 0
412 0.0252066 -0
413 -0.00830827 -0
414 0.00657951 -0
415 -0.0273489 0
416 0.00805747 0
417 0.027804 0
418 -0.0100732 -0
419 0.0121619 0
420 -0.00334248 0
421 0.00177788 -0
422 0.00877157 -0
423 -0.00353367 0
424 0.00776535 -0
425 -0.00222375 0
426 0.00444666 0
427 -0.00117639 -0
428 0.000499284 0
429 0.0075196 0
430 -0.00291164 -0
431 0.000735646 -0
432 0.0226737 -0
433 -0.00835956 0
434 0.00932819 -0
435 -0.0054814 -0
436 0.0016343 0
437 0.00442042 0
438 -0.0102839 0
439 0.00298987 -0
440 -0.00150744 -0
441 -0.0028435 -0
442 0.00105219 -0
443 -0.000876592 -0
444 0.00399584 -0
445 -0.00125957 -0
446 0.000353314 -0
447 -0.000143454 0
448 -7.08672e-08 0
449 0.000270576 -0
450 -0.000264117 0
451 0.00645416 -0
452 -0.00218837 -0
453 0.0006411 -0
454 0.00131271 0
455 -0.000733547 -0
456 0.000740484 0
457 -0.000209562 -0
458 0.0477557 0
459 -0.0195306 0
460 -0.0967771 0
461 0.0286977 0
462 -0.0555565 0
463 0.0325865 -0
464 -0.0113234 -0
465 0.0127983 -0
466 -0.00350196 0
467 -0.0149525 0
468 0.00670749 0
469 -0.0215981 0
470 0.00625843 -0
471 -0.00462423 0
472 0.00145432 0
473 -0.000811278 -0
474 0.000101059 -0
475 0.00121679 -0
476 -0.000397672 0
477 0.00151117 0
478 -0.000540984 -0
479 0.00012117 0
480 0.00803924 -0
481 -0.00667583 -0
482 0.00212243 -0
483 -0.00364764 0
484 0.00197466 0
485 -0.000502266 -0
486 -0.00581695 0
487 0.00243357 0
488 -0.000726619 0
489 -0.00321857 -0
490 0.00311944 0
491 -0.00111863 0
492 0.000301409 -0
493 0.00180248 -0
494 -0.00112211 0
495 0.0104447 -0
496 -0.00324456 0
497 0.00462062 -0
498 -0.00194767 -0
499 0.00906075 -0
500 -0.00240053 0
501 0.00142575 0
502 0.011394 -0
503 -0.00371116 -0
504 0.000961461 -0
505 -0.0011646 -0
506 0.000508415 0
507 0.00532031 0
508 -0.0016373 0
509 0.000999029 -0
510 -0.000268183 -0
511 0.000375144 -0
512 -0.00013803 0
513 -0.00270091 0
514 0.000719149 0
515 -0.000552219 -0
516 0.000191641 -0
517 0.000145236 0
518 -6.12572e-05 0
519 0.000223747 0
520 -0.000123811 -0
521 4.28088e-05 -0
522 -1.29564e-06 -0
523 -1.19096e-05 -0
524 0.0102378 0
525 -0.0030747 0
526 0.00299213 -0
527 -0.00904921 -0
528 0.0024196 0
529 -0.000890394 -0
530 -0.00415077 -0
531 0.00261093 -0
532 -0.000865754 0
533 -0.0050105 -0
534 0.00245069 -0
535 -0.000760315 -0
536 0.00116675 -0
537 -0.000325535 0
538 -0.00493876 -0
539 0.00352336 0
540 -0.00154601 0
541 0.000415395 -0
542 -0.00112037 -0
543 0.00119105 -0
544 -0.000419756 -0
545 -0.00172642 -0
546 0.000500476 -0
547 -0.00226256 0
548 0.000885464 -0
549 -0.000464823 -0
550 0.000126863 0
551 0.000870406 -0
552 -0.00110896 -0
553 0.000351655 0
554 -0.000303099 -0
555 -0.00114387 -0
556 0.000316709 -0
557 -0.000149288 0
558 0.000804565 0
559 -0.000237023 0
560 0.000137191 -0
561 -0.000180914 0
562 4.63315e-05 0
563 -1.46619e-05 0
564 -0.0209994 0
565 0.00817519 -0
566 0.0340911 -0
567 -0.0331983 0
568 0.00981487 0
569 -0.00574343 -0
570 0.0242279 -0
571 -0.00660828 -0
572 -0.0221888 0
573 0.00953075 -0
574 -0.0066561 -0
575 0.00217721 0
576 -0.00454651 0
577 0.00129738 -0
578 0.0105254 -0
579 -0.00385832 -0
580 0.00452329 0
581 -0.00124155 -0
582 0.0114247 -0
583 -0.00598108 -0
584 0.00185819 -0
585 -0.00153592 0
586 -0.00540232 -0
587 0.00146604 -0
588 0.0212708 0
589 -0.0096789 0
590 0.014312 -0
591 -0.00497586 0
592 0.0014378 0
593 0.00760109 -0
594 -0.00425183 0
595 0.0111949 -0
596 -0.00313718 0
597 0.00128273 -0
598 -0.00817337 0
599 0.00613696 0
600 -0.00204246 -0
601 -0.00786824 0
602 0.00212615 -0
603 -0.00240018 -0
604 0.000922577 -0
605 0.0671064 0
606 -0.0203866 -0
607 0.0124329 0
608 0.0378479 0
609 -0.0105777 -0
610 0.0253525 -0
611 -0.0120032 -0
612 0.00384866 -0
613 -0.00373195 -0
614 -0.0141495 -0
615 0.00388874 0
616 -0.00270915 0
617 0.00925322 -0
618 -0.00335927 -0
619 -0.0195706 0
620 0.00560183 0
621 -0.00810429 0
622 0.00361875 0
623 -0.00108896 -0
624 -0.0120028 0
625 0.0100703 0
626 -0.00277234 -0
627 -0.00747689 0
628 0.00286608 -0
629 -0.00560866 -0
630 0.0029021 0
631 -0.000960472 -0
632 0.00621785 -0
633 -0.00181214 0
634 -0.00672971 0
635 0.00287115 0
636 -0.00375691 -0
637 0.00104484 0
638 -0.000778686 -0
639 -0.00436825 -0
640 0.00154325 0
641 0.00401959 0
642 -0.0012033 0
643 0.000777044 0
644 -0.00434035 0
645 0.00175669 0
646 -0.000485942 0
647 0.000473285 0
648 -0.0291661 -0
649 0.00911803 -0
650 -0.00439081 0
651 0.00738451 0
652 -0.00207127 0
653 -0.010827 -0
654 0.00598964 -0
655 -0.00214382 -0
656 -0.0075931 0
657 0.00233907 0
658 -0.00619108 0
659 0.00416617 -0
660 -0.00118326 -0
661 0.00128717 0
662 0.00389988 -0
663 -0.00130312 -0
664 0.000560645 0
665 -0.00672552 -0
666 0.00183443 -0
667 -0.00247982 -0
668 0.00130345 0
669 0.0146369 0
670 -0.00434972 0
671 0.00167238 0
672 -0.00350935 -0
673 0.000969502 -0
674 0.00307802 0
675 -0.00258643 -0
676 0.000887855 -0
677 -0.00340154 -0
678 0.00169125 0
679 -0.00047053 0
680 -0.00195651 0
681 0.00127639 -0
682 -0.000404005 0
683 -0.00254771 0
684 0.00104096 0
685 -0.000941395 0
686 0.000271615 0
687 -0.00207574 -0
688 0.000768693 -0
689 0.00226309 -0
690 -0.000620116 0
691 0.000724043 -0
692 -0.000420608 0
693 0.000127385 -0
694 -0.0100515 -0
695 0.00440918 -0
696 -0.00949084 -0
697 0.00266819 0
698 0.0096608 0
699 -0.00753017 0
700 0.0024482 0
701 -0.0042393 -0
702 0.00192132 0
703 0.0100016 0
704 -0.00273898 -0
705 0.0009698 0
706 -0.000982163 -0
707 0.0143273 -0
708 -0.0042205 0
709 0.00265173 -0
710 0.00853112 0
711 -0.00237279 0
712 0.00683294 0
713 -0.00279568 0
714 0.000850469 0
715 0.00852109 -0
716 -0.00437152 0
717 0.00326217 0
718 -0.000887569 -0
719 0.00131996 -0
720 -0.000444636 0
721 -0.0017827 -0
722 0.000514065 -0
723 -0.00208572 0
724 0.000802925 -0
725 -0.000453709 -0
726 -0.00140026 -0
727 0.000445678 0
728 -0.000434411 0
729 -0.00800047 0
730 0.00229032 0
731 -0.00112259 0
732 0.00147457 0
733 -0.000517433 -0
734 -0.00234402 -0
735 0.000644464 0
736 -0.000442237 -0
737 0.00424672 -0
738 -0.0013175 0
739 0.00255552 -0
740 -0.00106951 0
741 -0.0034914 -0
742 0.000970236 -0
743 -0.000845012 0
744 0.000315362 -0
745 -0.0017322 0
746 0.000506969 -0
747 -0.000299936 0
748 -0.00167571 0
749 0.000553016 0
750 -0.00139339 0
751 0.000380663 0
752 -0.000177804 0
753 -0.000558896 0
754 0.000595007 -0
755 -0.000178191 0
756 9.58863e-05 0
757 -0.0314028 0
758 0.0087659 -0
759 -0.00685761 -0
760 -0.0257874 -0
761 0.0101218 0
762 -0.0156397 -0
763 0.00500334 0
764 -0.015382 0
765 0.00420888 0
766 -0.00180506 -0
767 -0.0254038 0
768 0.0175771 -0
769 -0.00630511 -0
770 -0.0205335 0
771 0.00579622 0
772 -0.00696937 0
773 0.00347032 0
774 -0.0533085 0
775 0.014449 0
776 -0.00480709 0
777 -0.0214325 0
778 0.0127774 0
779 -0.00368933 -0
780 0.00947008 -0
781 -0.00847604 0
782 0.0026171 0
783 -0.00116636 -0
784 -0.00924089 0
785 0.00253881 0
786 -0.003487 0
787 0.00130007 -0
788 0.00430537 -0
789 -0.0228375 -0
790 0.00674313 0
791 -0.00439224 0
792 0.0015065 -0
793 -0.00291038 0
794 0.000790438 -0
795 0.00323203 0
796 -0.00178085 -0
797 0.000712205 0
798 0.0140927 0
799 -0.00395449 0
800 0.00435544 -0
801 -0.00326495 -0
802 0.000993027 0
803 0.0034674 -0
804 -0.00146153 0
805 0.00489927 -0
806 -0.00135877 0
807 0.000427675 0
808 -0.0159121 -0
809 0.00750781 -0
810 -0.00701117 0
811 -0.035572 -0
812 0.0128431 0
813 -0.00350425 0
814 0.00769415 -0
815 -0.00401181 0
816 0.00114148 -0
817 -0.00948044 0
818 0.00669872 -0
819 -0.0022003 0
820 -0.00728794 0
821 0.00935012 0
822 -0.00252986 -0
823 0.00097799 0
824 0.0114839 0
825 -0.003419 0
826 0.00213848 -0
827 -0.00885243 -0
828 0.00400979 -0
829 0.0149438 0
830 -0.00436431 0
831 0.00345807 -0
832 -0.00116845 0
833 0.00181819 -0
834 0.0111232 -0
835 -0.00308718 0
836 0.00116549 -0
837 -0.0012402 -0
838 0.000666528 0
839 -0.000181021 -0
840 -0.000617315 -0
841 0.00019236 0
842 -0.00119869 -0
843 0.000582839 0
844 0.0354253 0
845 -0.012514 0
846 0.0107438 0
847 -0.00307905 -0
848 0.00628353 -0
849 0.0289446 0
850 -0.0079669 0
851 0.00482924 0
852 -0.0015578 -0
853 0.00458914 -0
854 -0.00200876 0
855 -0.00787201 -0
856 0.00236977 -0
857 -0.00276721 -0
858 0.000749665 -0
859 0.00530254 -0
860 -0.00214857 0
861 0.00320093 0
862 -0.0018456 0
863 0.000522486 -0
864 -0.0102346 0
865 0.00372874 -0
866 -0.00377662 -0
867 -0.0130015 -0
868 0.00354439 -0
869 -0.002574 -0
870 0.000864824 -0
871 -0.00929513 0
872 0.00284094 -0
873 -0.00145812 0
874 -0.00765826 0
875 0.00221336 -0
876 -0.00382109 0
877 0.00158715 0
878 -0.00130726 0
879 -0.00429101 0
880 0.00117516 -0
881 -0.00421761 0
882 0.00196817 0
883 -0.000627579 0
884 -0.00590655 0
885 0.00165419 0
886 -0.00109958 -0
887 0.00147369 0
888 -0.000523904 -0
889 -0.00219705 0
890 0.00059623 -0
891 -0.00149273 0
892 0.000590873 -0
893 -0.000536925 -0
894 0.00015892 -0
895 0.00536988 0
896 -0.00265981 0
897 0.00086761 -0
898 0.00285506 0
899 -0.000789367 -0
900 0.000485636 -0
901 -0.00284912 -0
902 0.00109473 0
903 -0.0020826 -0
904 0.000607403 0
905 0.00216569 -0
906 -0.00151779 0
907 0.000517168 -0
908 -0.000505971 0
909 0.000137235 0
910 0.000762875 0
911 -0.00032585 -0
912 0.00128582 0
913 -0.000399701 -0
914 0.000225297 0
915 -6.28324e-05 0
916 -0.00370405 0
917 0.0046171 0
918 -0.00212635 -0
919 -0.00878412 -0
920 0.00253544 -0
921 -0.0019559 0
922 0.00068622 0
923 -0.00164142 -0
924 0.000448396 0
925 0.00341757 0
926 -0.0010379 -0
927 0.00150541 -0
928 -0.000809475 0
929 -0.00256389 -0
930 0.000967259 -0
931 -0.00772488 0
932 0.00212814 0
933 -0.00138191 0
934 0.000438512 0
935 0.00158558 0
936 -0.000691446 0
937 0.000805574 -0
938 -0.000230129 -0
939 0.00385063 -0
940 -0.00185921 0
941 0.000505276 0
942 -0.0014739 0
943 0.00124499 0
944 -0.000412314 -0
945 -0.00129272 0
946 0.000505009 -0
947 -0.000834502 0
948 0.000235756 -0
949 0.00138609 0
950 -0.000822894 -0
951 0.000247136 -0
952 0.00337488 0
953 -0.00139929 -0
954 0.00131798 -0
955 -0.000361162 0
956 0.00175531 -0
957 -0.000611678 -0
958 -0.0020188 0
959 0.00139215 -0
960 -0.00041076 -0
961 0.000919961 0
962 -0.000468677 0
963 0.000152644 0
964 0.00068273 0
965 -0.000189698 -0
966 0.000201317 0
967 -9.07273e-05 0
968 0.00336937 0
969 -0.00103716 0
970 0.000383048 0
971 0.00136697 0
972 -0.00111556 0
973 0.000303701 -0
974 -0.000547729 0
975 0.000305079 -0
976 0.00283875 -0
977 -0.000813457 0
978 0.00273399 0
979 -0.000962325 0
980 0.000720182 -0
981 -0.000198957 -0
982 -0.000630489 -0
983 0.000258575 -0
984 -0.000334495 -0
985 0.000104906 0
986 0.000727088 -0
987 -0.000211619 0
988 0.000135199 -0
989 -0.00957281 0
990 0.00259489 0
991 -0.00120431 -0
992 -0.00475084 -0
993 0.00726582 -0
994 -0.00241325 0
995 0.00214578 -0
996 -0.000818612 -0
997 0.000228081 0
998 -0.000602659 0
999 0.000326793 0
1000 0.00114386 -0
1001 -0.000312911 0
1002 0.0026158 0
1003 -0.000831982 -0
1004 0.000907179 0
1005 -0.000401451 -0
1006 -0.00210115 0
1007 0.000631551 -0
1008 -0.000366422 0
1009 0.00192967 0
1010 -0.000542355 -0
1011 0.000195533 -0
1012 0.00412713 0
1013 -0.00321043 -0
1014 0.00134861 0
1015 -0.00272171 -0
1016 0.000742108 0
1017 0.00241362 0
1018 -0.00120982 0
1019 0.000349118 0
1020 -0.000491732 -0
1021 -0.00205747 0
1022 0.000709974 0
1023 -0.000480536 -0
1024 0.000145981 0
1025 -0.000521322 -0
1026 0.000506612 0
1027 -0.000139373 -0
1028 -0.00175179 0
1029 0.000651901 0
1030 -0.000337565 0
1031 -0.0011344 0
1032 0.000364901 -0
1033 -9.90536e-05 0
1034 0.000167137 -0
1035 -0.00224612 0
1036 0.000907177 -0
1037 -0.000257226 -0
1038 0.000184107 -0
1039 0.00118247 -0
1040 -0.000348946 -0
1041 0.000412959 0
1042 -0.000197722 -0
1043 -0.00075924 -0
1044 0.000256147 -0
1045 -0.000622328 0
1046 0.000169312 -0
1047 -0.000101731 -0
1048 3.15092e-05 0
1049 0.000140056 -0
1050 -0.000121587 -0
1051 4.79517e-05 0
1052 -0.000215565 -0
1053 6.03555e-05 0
1054 0.000194208 0
1055 -8.79061e-05 0
1056 9.03085e-05 0
1057 -2.68961e-05 -0
1058 -0.000629469 -0
1059 0.000225529 -0
1060 -0.000140027 0
1061 3.8414e-05 -0
1062 -0.000117582 -0
1063 0.000156077 -0
1064 -6.61843e-05 -0
1065 -0.000368776 -0
1066 0.000102555 -0
1067 -5.42738e-05 0
1068 0.000543399 -0
1069 -0.000181872 0
1070 -0.000650174 -0
1071 0.000190692 0
1072 -0.000150993 0
1073 0.000285368 0
1074 -7.74222e-05 -0
1075 2.84158e-05 0
1076 0.000222094 0
1077 -0.000146191 0
1078 4.61724e-05 0
1079 0.00015183 0
1080 -7.50023e-05 0
1081 2.12246e-05 0
1082 -2.40835e-05 -0
1083 0.000140026 -0
1084 -4.27218e-05 0
1085 2.42754e-05 -0
1086 0.000115938 -0
1087 -3.15819e-05 0
1088 5.05877e-05 -0
1089 -1.91873e-05 0
1090 0.000367084 -0
1091 -0.000125478 -0
1092 9.20054e-05 0
1093 -2.54171e-05 -0
1094 -9.43253e-05 0
1095 4.15011e-05 -0
1096 -8.74195e-05 -0
1097 2.86371e-05 -0
1098 -2.83262e-05 -0
1099 8.11381e-06 0
1100 8.85715e-05 -0
1101 -3.53526e-05 0
1102 0.000132939 0
1103 -3.61007e-05 0
1104 -0.000116141 0
1105 6.37652e-05 0
1106 -1.96744e-05 -0
1107 2.46679e-05 -0
1108 -1.16328e-05 0
1109 9.1758e-05 0
1110 -2.58394e-05 -0
1111 1.94493e-05 -0
1112 0.000125852 0
1113 -3.35638e-05 -0
1114 1.15246e-05 0
1115 -7.49583e-06 0
1116 1.38458e-05 -0
1117 -3.88697e-06 0
1118 1.8485e-06 -0
1119 -3.10248e-07 0
1120 -3.55226e-05 0
1121 1.31262e-05 -0
1122 -7.11647e-06 -0
1123 -3.65627e-05 0
1124 1.00793e-05 -0
1125 -2.01347e-05 -0
1126 9.03475e-06 -0
1127 -6.91885e-06 -0
1128 1.93113e-06 -0
1129 0.000112572 -0
1130 -3.00976e-05 -0
1131 1.26865e-05 -0
1132 -2.08929e-05 0
1133 7.43717e-06 0
1134 4.36841e-05 0
1135 -2.74776e-05 -0
1136 8.50477e-06 0
1137 -3.17659e-05 -0
1138 8.56145e-06 -0
1139 -8.59021e-06 -0
1140 -3.46691e-05 0
1141 1.72235e-05 -0
1142 -5.86766e-06 -0
1143 1.66361e-06 -0
1144 0.000352684 0
1145 -0.000782807 -0
1146 0.000358551 0
1147 -9.99774e-05 0
1148 -0.000370479 0
1149 0.000276893 0
1150 -9.08567e-05 -0
1151 0.000122274 -0
1152 -3.32942e-05 0
1153 -0.000188809 -0
1154 7.27525e-05 -0
1155 -4.15583e-05 -0
1156 0.000396099 -0
1157 -0.000121045 0
1158 0.000120547 -0
1159 -4.95381e-05 0
1160 -0.000223131 0
1161 6.03454e-05 -0
1162 -0.000161541 0
1163 4.68395e-05 -0
1164 -3.79211e-05 0
1165 1.28439e-05 -0
1166 0.000131955 0
1167 -8.28843e-05 0
1168 2.33343e-05 0
1169 7.78523e-05 -0
1170 -2.89907e-05 0
1171 4.85874e-05 0
1172 -2.59459e-05 0
1173 7.13118e-06 -0
1174 -2.83645e-05 -0
1175 8.978e-06 -0
1176 -1.07789e-05 -0
1177 -3.85201e-05 0
1178 1.70451e-05 -0
1179 -5.08705e-06 0
1180 8.98825e-05 -0
1181 -2.42514e-05 -0
1182 2.08622e-05 0
1183 -8.28372e-06 0
1184 -5.914e-05 0
1185 4.00216e-05 0
1186 -1.23761e-05 0
1187 7.7094e-05 -0
1188 -2.1166e-05 -0
1189 3.0355e-05 0
1190 -1.41831e-05 -0
1191 -6.48827e-05 -0
1192 2.26255e-05 -0
1193 -1.23996e-05 0
1194 3.50382e-06 -0
1195 -9.92937e-06 -0
1196 -3.66278e-05 -0
1197 1.2094e-05 0
1198 -1.10485e-05 0
1199 2.98189e-06 -0
1200 8.54043e-05 -0
1201 -3.59994e-05 0
1202 2.55652e-05 0
1203 -7.52217e-06 -0
1204 1.55e-05 0
1205 8.60134e-05 -0
1206 -3.16257e-05 0
1207 8.83509e-06 -0
1208 -9.63959e-06 0
1209 5.01753e-06 0
1210 -5.59309e-05 -0
1211 1.78811e-05 0
1212 7.73386e-05 -0
1213 -2.0772e-05 -0
1214 1.22282e-05 -0
1215 -1.65324e-05 0
1216 4.92941e-06 0
1217 4.95812e-05 -0
1218 -2.12765e-05 0
1219 4.85049e-05 0
1220 -1.31911e-05 0
1221 1.02188e-05 -0
1222 -3.46451e-06 -0
1223 -1.25648e-05 -0
1224 4.6775e-06 0
1225 -2.27201e-05 -0
1226 6.44399e-06 0
1227 -2.87626e-06 0
1228 -0.000212435 -0
1229 0.000241843 0
1230 -6.52742e-05 -0
1231 4.27951e-05 0
1232 -1.36551e-05 -0
1233 -5.0715e-05 -0
1234 9.60464e-05 -0
1235 -3.78807e-05 0
1236 1.09326e-05 0
1237 -5.44008e-06 0
1238 2.35913e-05 0
1239 -6.49395e-06 0
1240 -2.66245e-05 -0
1241 2.18522e-05 -0
1242 -7.80103e-06 -0
1243 -7.78704e-05 -0
1244 2.33691e-05 0
1245 -1.36102e-05 -0
1246 1.74851e-05 -0
1247 -4.76605e-06 0
1248 1.53215e-05 0
1249 -6.35377e-06 0
1250 -2.25978e-05 0
1251 6.33655e-06 0
1252 -5.98606e-06 0
1253 2.0014e-06 -0
1254 -1.84349e-05 0
1255 1.28098e-05 -0
1256 -3.89101e-06 -0
1257 -1.93386e-05 0
1258 8.92638e-06 0
1259 -2.40894e-06 0
1260 3.83189e-06 -0
1261 -1.45946e-06 -0
1262 -2.12937e-05 0
1263 6.22444e-06 0
1264 -4.72968e-06 0
1265 -1.61512e-05 0
1266 7.83662e-06 0
1267 -2.17819e-06 -0
1268 5.4951e-06 -0
1269 -1.91349e-06 0
1270 -1.20286e-05 0
1271 7.32849e-06 -0
1272 -2.32572e-06 -0
1273 2.44612e-06 0
1274 -6.65626e-07 0
1275 -3.09055e-06 -0
1276 1.38776e-06 -0
1277 -3.35555e-06 0
1278 9.9626e-07 0
1279 1.61831e-06 0
1280 -1.0113e-06 -0
1281 8.94633e-06 0
1282 -3.05593e-06 -0
1283 3.15624e-06 -0
1284 -8.9987e-07 0
1285 -1.83997e-06 -0
1286 7.13045e-07 0
1287 -1.0771e-06 0
1288 3.35291e-07 -0
1289 -1.96915e-05 -0
1290 1.10885e-05 0
1291 -3.05098e-06 -0
1292 -1.57911e-05 0
1293 7.13463e-06 -0
1294 -5.0256e-06 -0
1295 1.58501e-06 -0
1296 -4.14331e-06 -0
1297 -1.29629e-05 -0
1298 5.19374e-06 0
1299 -1.42851e-06 0
1300 2.13368e-06 -0
1301 -6.3063e-07 0
1302 4.43639e-06 -0
1303 -2.84588e-06 0
1304 9.96219e-07 -0
1305 4.07006e-06 0
1306 -1.16604e-06 0
1307 1.03778e-06 -0
1308 -3.13415e-05 0
1309 1.55086e-05 -0
1310 -5.04631e-06 -0
1311 -1.92375e-05 0
1312 5.26965e-06 0
1313 -8.86017e-06 -0
1314 3.70609e-06 0
1315 -2.69885e-06 -0
1316 8.05228e-07 -0
1317 -3.35894e-06 -0
1318 1.17066e-06 0
1319 5.86266e-06 0
1320 -1.56562e-06 0
1321 1.46765e-06 0
1322 -6.55157e-07 -0
1323 -2.09516e-05 -0
1324 5.94065e-06 0
1325 -1.63882e-05 0
1326 9.01258e-06 0
1327 -2.77728e-06 0
1328 3.09707e-06 -0
1329 -8.27898e-07 -0
1330 -5.05987e-06 0
1331 2.01591e-06 0
1332 -3.75194e-06 -0
1333 1.24563e-06 0
1334 -7.71425e-07 0
1335 -3.6579e-06 0
1336 1.01259e-06 0
1337 -3.78689e-07 0
1338 1.30153e-06 0
1339 -9.02006e-07 -0
1340 2.60945e-07 0
1341 2.39929e-06 -0
1342 -1.1653e-06 0
1343 1.69852e-06 -0
1344 -4.61289e-07 0
1345 -1.86652e-06 0
1346 5.95677e-07 -0
1347 -5.0328e-07 0
1348 2.21493e-07 0
1349 4.17546e-05 0
1350 -1.13208e-05 -0
1351 4.03901e-06 -0
1352 -2.67732e-05 0
1353 2.65631e-05 0
1354 -7.67635e-06 -0
1355 -2.58918e-05 -0
1356 1.40011e-05 -0
1357 -4.32061e-06 -0
1358 -4.53084e-05 -0
1359 1.90003e-05 -0
1360 -2.53271e-05 -0
1361 6.90818e-06 0
1362 -1.85136e-05 0
1363 1.44581e-05 0
1364 -4.33808e-06 -0
1365 -2.32879e-05 -0
1366 9.05361e-06 -0
1367 -5.2607e-06 0
1368 1.46443e-06 0
1369 4.73174e-06 0
1370 -1.62011e-06 -0
1371 3.55218e-06 -0
1372 -2.3793e-06 0
1373 6.79796e-07 -0
1374 -9.48457e-06 0
1375 4.55578e-06 -0
1376 -1.23729e-06 -0
1377 -4.99927e-06 -0
1378 5.66949e-06 -0
1379 -1.79314e-06 -0
1380 6.64196e-07 0
1381 1.51925e-05 0
1382 -2.45086e-05 0
1383 6.72447e-06 0
1384 -4.0892e-06 -0
1385 1.42744e-05 -0
1386 -4.71053e-06 0
1387 -1.67661e-05 0
1388 7.32102e-06 0
1389 -6.79887e-06 -0
1390 2.02022e-06 0
1391 1.64283e-05 0
1392 -4.45548e-06 0
1393 2.29785e-06 0
1394 -1.19156e-05 -0
1395 4.77603e-06 0
1396 -3.85095e-06 0
1397 1.08368e-06 0
1398 3.54669e-06 0
1399 -1.24827e-06 -0
1400 2.14889e-06 -0
1401 -6.5424e-07 0
1402 -2.85968e-06 0
1403 2.11791e-06 0
1404 -5.85541e-07 -0
1405 1.81164e-05 0
1406 -8.16764e-06 -0
1407 1.91761e-05 0
1408 -5.50747e-06 -0
1409 2.06313e-06 -0
1410 1.31108e-05 0
1411 -1.37068e-05 -0
1412 4.44914e-06 0
1413 -2.35959e-06 0
1414 1.72904e-05 -0
1415 -4.69691e-06 -0
1416 3.04244e-06 -0
1417 1.08174e-05 0
1418 -3.36946e-06 0
1419 4.21028e-06 0
1420 -1.73694e-06 0
1421 4.83498e-07 0
1422 8.60714e-06 0
1423 -1.68453e-05 0
1424 6.07114e-06 -0
1425 -3.39338e-06 -0
1426 9.90834e-07 -0
1427 3.77433e-06 -0
1428 -3.3411e-06 0
1429 9.04952e-07 0
1430 -3.33575e-06 0
1431 1.58396e-06 -0
1432 -5.35167e-07 0
1433 -2.59973e-06 0
1434 3.73188e-06 -0
1435 -1.05642e-06 0
1436 -3.52784e-06 -0
1437 1.08181e-06 -0
1438 -7.43973e-07 0
1439 2.93091e-07 0
1440 -8.5131e-07 0
1441 2.35534e-07 0
1442 2.42789e-06 0
1443 -2.33857e-06 0
1444 1.15098e-06 -0
1445 -3.67073e-07 0
1446 4.07663e-06 -0
1447 -1.10281e-06 -0
1448 6.81688e-07 0
1449 3.01278e-06 0
1450 -1.04011e-06 0
1451 1.15373e-06 0
1452 -3.39743e-07 -0
1453 1.46191e-07 -0
1454 1.83133e-06 0
1455 -1.615e-06 -0
1456 4.54316e-07 0
1457 1.08448e-06 0
1458 -4.32354e-07 -0
1459 9.96622e-07 0
1460 -2.96828e-07 0
1461 2.68297e-06 0
1462 -1.64814e-06 -0
1463 5.5838e-07 0
1464 2.34096e-06 0
1465 -1.12576e-06 -0
1466 3.13261e-07 0
1467 -5.36835e-07 -0
1468 -1.42911e-06 0
1469 4.44644e-07 -0
1470 -3.54593e-07 -0
1471 1.34268e-07 -0
1472 -4.65197e-07 0
1473 1.33811e-07 -0
1474 -7.56281e-08 -0
1475 1.11582e-06 -0
1476 -4.36471e-07 0
1477 3.95773e-07 0
1478 -1.03751e-07 0
1479 -9.01581e-07 0
1480 2.77096e-07 0
1481 -8.34755e-07 -0
1482 3.94539e-07 -0
1483 1.88201e-06 -0
1484 -5.22e-07 0
1485 5.92025e-07 0
1486 -2.0175e-07 -0
1487 1.55048e-07 -0
1488 -4.09347e-08 -0
1489 -2.31229e-07 0
1490 9.40858e-08 0
1491 -1.8454e-07 -0
1492 5.31018e-08 0
1493 2.82205e-06 -0
1494 -1.86144e-06 0
1495 6.21738e-07 -0
1496 -1.75419e-07 0
1497 3.4631e-07 -0
1498 -2.03391e-07 0
1499 -8.37945e-07 0
1500 3.3117e-07 -0
1501 -9.1531e-08 0
1502 9.78238e-07 0
1503 -7.14591e-07 0
1504 -2.20383e-06 -0
1505 6.92901e-07 -0
1506 -3.16025e-07 -0
1507 4.04762e-07 -0
1508 -1.1747e-07 0
1509 -6.82264e-07 0
1510 2.35604e-07 0
1511 -2.42181e-07 0
1512 1.31115e-07 0
1513 3.16425e-07 0
1514 -8.98063e-08 -0
1515 2.4703e-07 0
1516 -8.86111e-08 -0
1517 4.78108e-07 -0
1518 -1.36364e-07 0
1519 1.12558e-07 -0
1520 3.5377e-07 0
1521 -1.36121e-07 -0
1522 6.83215e-08 -0
1523 -2.09799e-08 0
1524 3.17158e-08 0
1525 1.2429e-07 -0
1526 -3.48016e-08 0
1527 2.45362e-08 -0
1528 -4.90459e-07 -0
1529 1.6067e-07 0
1530 -6.6188e-08 0
1531 -1.87897e-07 0
1532 5.57367e-08 0
1533 -6.4643e-08 0
1534 3.03418e-08 -0
1535 2.90817e-08 0
1536 -1.01429e-08 0
1537 3.88846e-08 -0
1538 -2.72747e-08 -0
1539 1.07756e-08 -0
1540 -6.59427e-08 -0
1541 1.91008e-08 -0
1542 3.50354e-08 -0
1543 -1.17197e-08 -0
1544 1.33216e-08 0
1545 -6.28697e-09 0
1546 -6.71566e-09 -0
1547 2.13261e-09 0
1548 -4.96112e-07 -0
1549 2.68602e-07 0
1550 -9.28592e-08 0
1551 7.00736e-08 -0
1552 -2.08627e-08 0
1553 -1.11415e-07 0
1554 1.81012e-07 0
1555 -5.81586e-08 -0
1556 1.38263e-07 0
1557 -5.6091e-08 -0
1558 -1.71777e-07 0
1559 4.98862e-08 -0
1560 -3.15255e-08 0
1561 1.72207e-07 -0
1562 -4.75865e-08 0
1563 5.90124e-08 0
1564 -2.18371e-08 -0
1565 2.3312e-06 -0
1566 -1.09326e-06 0
1567 3.07217e-07 -0
1568 1.57941e-06 -0
1569 -1.21447e-06 0
1570 3.87605e-07 -0
1571 1.41763e-06 0
1572 -3.83876e-07 -0
1573 3.74793e-07 0
1574 -2.06503e-07 -0
1575 6.13263e-07 -0
1576 -1.76921e-07 -0
1577 6.89227e-08 -0
1578 8.10547e-07 -0
1579 -5.42557e-07 0
1580 1.4946e-07 0
1581 5.03488e-07 0
1582 -1.72903e-07 -0
1583 1.04976e-06 -0
1584 -5.21249e-07 -0
1585 1.61693e-07 0
1586 -2.95059e-07 0
1587 2.52883e-07 -0
1588 -7.53619e-08 0
1589 3.19395e-08 0
1590 2.46095e-07 0
1591 -6.74265e-08 0
1592 9.00099e-08 0
1593 -3.39067e-08 -0
1594 -1.41311e-07 0
1595 3.82271e-08 -0
1596 -9.2061e-08 -0
1597 4.13429e-08 0
1598 1.48479e-06 0
1599 -4.91671e-07 -0
1600 3.43771e-07 -0
1601 -9.6221e-08 -0
1602 -3.09233e-07 0
1603 3.19068e-07 0
1604 -9.45854e-08 -0
1605 8.2518e-07 -0
1606 -4.43244e-07 0
1607 1.57649e-07 0
1608 8.02456e-07 -0
1609 -2.31103e-07 -0
1610 1.88e-07 -0
1611 -7.73119e-08 0
1612 2.79977e-07 0
1613 -7.66324e-08 -0
1614 1.21511e-07 -0
1615 -7.27972e-08 0
1616 -2.47214e-07 -0
1617 8.01502e-08 0
1618 -2.4679e-08 0
1619 3.68454e-07 -0
1620 -1.80437e-07 -0
1621 4.8967e-08 -0
1622 -6.0946e-08 -0
1623 -2.78142e-07 0
1624 1.02512e-07 -0
1625 -6.59273e-08 0
1626 1.84938e-08 -0
1627 2.65847e-07 0
1628 -5.36245e-07 -0
1629 2.34982e-07 0
1630 -7.90547e-08 -0
1631 -2.89844e-07 -0
1632 8.03294e-08 0
1633 -8.8711e-08 -0
1634 4.74388e-07 -0
1635 -1.43112e-07 0
1636 7.32282e-08 -0
1637 -6.11164e-08 0
1638 1.65617e-08 -0
1639 1.02709e-07 -0
1640 -3.97623e-08 0
1641 1.07532e-07 -0
1642 -3.1285e-08 0
1643 1.7998e-08 -0
1644 5.8546e-08 -0
1645 -1.8589e-08 0
1646 1.73124e-08 -0
1647 -3.83867e-08 -0
1648 9.50693e-09 -0
1649 -3.11832e-09 -0
1650 3.14685e-10 0
1651 4.38704e-08 0
1652 -1.11448e-08 -0
1653 6.74331e-09 -0
1654 -2.08179e-09 0
1655 4.87647e-10 0
1656 1.73564e-10 0
1657 -6.28923e-08 0
1658 1.67688e-08 -0
1659 -9.60004e-09 0
1660 3.0195e-09 0
1661 1.46241e-08 -0
1662 -3.87143e-08 -0
1663 1.07574e-08 -0
1664 -3.7246e-09 0
1665 3.27099e-09 0
1666 -1.88398e-09 -0
1667 5.18243e-10 -0
1668 6.43129e-09 0
1669 -2.87993e-09 -0
1670 -2.09338e-08 -0
1671 6.02638e-09 0
1672 -1.43538e-08 -0
1673 4.29191e-09 0
1674 -1.83276e-09 -0
1675 4.00479e-08 -0
1676 -2.108e-08 0
1677 -9.92115e-08 -0
1678 3.31165e-08 -0
1679 -9.00353e-09 -0
1680 8.29616e-09 -0
1681 -1.95022e-08 0
1682 5.82919e-09 0
1683 -2.42561e-09 0
1684 -2.3723e-08 -0
1685 6.31137e-09 0
1686 -4.07584e-09 0
1687 5.31484e-09 0
1688 -1.84202e-09 0
1689 -1.13314e-07 -0
1690 3.42114e-08 0
1691 9.504e-08 0
1692 -5.12887e-08 0
1693 4.92528e-08 0
1694 -1.42076e-08 -0
1695 4.76425e-08 -0
1696 -1.84993e-08 0
1697 5.11941e-09 -0
1698 1.74759e-08 -0
1699 -1.44792e-08 0
1700 4.90759e-09 0
1701 -4.74945e-08 0
1702 2.03043e-08 -0
1703 -2.59521e-08 0
1704 7.24211e-09 0
1705 3.84544e-08 -0
1706 -2.4872e-08 -0
1707 8.11782e-09 0
1708 2.45458e-08 0
1709 -7.19445e-09 -0
1710 1.6518e-08 -0
1711 -7.89731e-09 0
1712 2.17055e-09 0
1713 -7.62666e-08 -0
1714 7.79343e-08 0
1715 -3.00706e-08 0
1716 9.00758e-09 -0
1717 3.38457e-08 0
1718 -1.80115e-08 0
1719 6.17532e-08 -0
1720 -2.13868e-08 0
1721 5.89609e-09 -0
1722 -4.16007e-09 0
1723 -5.82425e-08 -0
1724 2.89953e-08 -0
1725 -5.08696e-08 -0
1726 1.38258e-08 -0
1727 -4.28201e-09 0
1728 -1.92897e-08 -0
1729 1.63224e-08 -0
1730 -6.96223e-09 -0
1731 4.24124e-08 -0
1732 -1.23719e-08 0
1733 1.42812e-08 -0
1734 -3.77541e-09 -0
1735 2.07437e-09 0
1736 1.52435e-08 0
1737 -5.04355e-09 0
1738 1.04436e-08 -0
1739 -3.67701e-09 -0
1740 2.28034e-09 -0
1741 -6.25013e-10 0
1742 -2.79211e-09 0
1743 1.22538e-09 -0
1744 -1.71424e-09 0
1745 4.5268e-10 -0
1746 1.06422e-08 0
1747 -3.41994e-09 0
1748 3.11853e-09 -0
1749 -9.06692e-10 -0
1750 3.8176e-09 0
1751 -1.50834e-09 0
1752 -6.66963e-09 -0
1753 1.82135e-09 -0
1754 -1.00187e-09 0
1755 -7.90339e-09 0
1756 1.04532e-08 -0
1757 -3.2645e-09 0
1758 1.55324e-09 0
1759 -4.8206e-09 -0
1760 1.35925e-09 -0
1761 -1.0644e-09 0
1762 3.93397e-10 0
1763 2.80967e-08 -0
1764 -7.57942e-09 -0
1765 1.71048e-08 -0
1766 -1.0959e-08 0
1767 -3.99069e-08 0
1768 1.37871e-08 -0
1769 -3.76165e-09 0
1770 3.87182e-09 -0
1771 -1.18992e-09 -0
1772 -5.46577e-09 -0
1773 2.17082e-09 0
1774 -1.65347e-08 0
1775 4.79799e-09 -0
1776 -3.55603e-09 -0
1777 1.85996e-09 0
1778 1.66645e-08 0
1779 -4.62316e-09 -0
1780 5.39424e-09 -0
1781 -1.93903e-09 -0
1782 -6.66692e-09 -0
1783 2.82339e-09 0
1784 -8.25632e-09 -0
1785 2.24219e-09 -0
1786 -7.38826e-10 -0
1787 2.39099e-10 0
1788 1.24553e-10 0
1789 -1.63091e-09 0
1790 5.64255e-10 -0
1791 -3.05431e-09 0
1792 1.18489e-09 -0
1793 -2.92245e-10 -0
1794 1.26459e-10 -0
1795 1.95747e-09 0
1796 -5.01869e-10 -0
1797 3.83624e-10 -0
1798 -1.31624e-10 0
1799 -2.79771e-10 0
1800 1.10833e-10 -0
1801 -3.23868e-10 -0
1802 1.02198e-10 -0
1803 2.92368e-11 0
1804 -3.9264e-11 -0
1805 2.44353e-11 0
1806 -3.64569e-08 0
1807 1.00195e-08 0
1808 -8.76968e-09 0
1809 2.98037e-09 0
1810 -5.73092e-09 -0
1811 -2.36703e-08 -0
1812 7.20977e-09 0
1813 -4.15122e-09 -0
1814 1.16605e-09 0
1815 1.04464e-08 -0
1816 -4.66231e-09 0
1817 5.92916e-09 -0
1818 -1.61247e-09 -0
1819 1.1244e-08 0
1820 -3.98962e-09 0
1821 3.16923e-09 -0
1822 1.73428e-08 -0
1823 -5.1303e-09 -0
1824 1.39039e-08 0
1825 -8.81376e-09 -0
1826 2.79759e-09 -0
1827 9.44666e-09 -0
1828 -2.55612e-09 -0
1829 1.27216e-09 -0
1830 -1.36321e-09 0
1831 5.37442e-10 -0
1832 -7.09642e-09 0
1833 1.94825e-09 0
1834 -3.94487e-09 -0
1835 1.30866e-09 -0
1836 5.18428e-09 0
1837 -2.80169e-09 -0
1838 8.00947e-10 -0
1839 -5.66151e-10 -0
1840 -1.24611e-08 0
1841 4.60357e-09 0
1842 -6.57067e-09 -0
1843 1.79123e-09 0
1844 8.67382e-09 -0
1845 -3.79419e-09 0
1846 1.17401e-09 -0
1847 -4.10293e-09 -0
1848 3.40909e-09 -0
1849 -9.51784e-10 -0
1850 -6.71437e-09 0
1851 3.1055e-09 0
1852 -3.56406e-09 0
1853 1.06001e-09 -0
1854 3.58252e-09 0
1855 -1.24664e-09 -0
1856 8.36697e-10 0
1857 -2.26072e-10 -0
1858 1.19861e-09 0
1859 -4.63786e-10 0
1860 7.612e-10 0
1861 -2.47342e-10 -0
1862 -9.9889e-10 0
1863 5.12744e-10 -0
1864 -1.42489e-10 -0
1865 1.26533e-09 0
1866 -1.13587e-09 -0
1867 3.30736e-10 -0
1868 4.15139e-09 0
1869 -1.74105e-09 -0
1870 4.71303e-10 -0
1871 -1.11921e-09 -0
1872 6.57813e-10 -0
1873 2.45571e-09 -0
1874 -7.68554e-10 -0
1875 5.83769e-10 -0
1876 -2.12477e-10 0
1877 2.81216e-10 0
1878 -7.9878e-11 -0
1879 -2.16297e-09 0
1880 1.06898e-09 0
1881 -2.98068e-10 0
1882 -9.83274e-10 -0
1883 3.94087e-09 -0
1884 -1.21291e-09 -0
1885 7.02054e-10 0
1886 -7.42776e-10 -0
1887 2.60311e-10 -0
1888 1.10508e-09 -0
1889 -3.04528e-10 -0
1890 1.27663e-10 0
1891 3.41102e-10 -0
1892 -2.22681e-10 0
1893 4.88087e-10 -0
1894 -1.4058e-10 0
1895 1.08213e-09 -0
1896 -3.3665e-10 0
1897 1.403e-10 -0
1898 -1.23276e-10 -0
1899 3.12968e-11 -0
1900 4.50302e-11 0
1901 -2.26845e-11 0
1902 2.5471e-11 0
1903 -1.03844e-10 -0
1904 2.60949e-11 0
1905 1.72574e-11 0
1906 -8.99786e-12 0
1907 8.00542e-12 -0
1908 -2.48733e-10 -0
1909 6.51436e-11 0
1910 -4.91436e-11 -0
1911 -2.66224e-10 -0
1912 7.8957e-11 -0
1913 -3.2377e-11 0
1914 -5.64996e-10 0
1915 2.08452e-10 0
1916 -2.96575e-10 -0
1917 8.48706e-11 -0
1918 -6.2913e-11 0
1919 -1.5197e-10 0
1920 4.6765e-11 0
1921 -5.75468e-10 0
1922 2.932e-10 -0
1923 -8.11621e-11 -0
1924 1.51112e-10 -0
1925 -5.21655e-11 0
1926 -1.65912e-10 -0
1927 7.63971e-11 -0
1928 -5.727e-11 0
1929 1.69704e-11 -0
1930 -7.90896e-11 -0
1931 -1.62272e-10 -0
1932 6.68112e-11 -0
1933 -7.55881e-11 0
1934 2.37609e-11 -0
1935 2.62068e-11 -0
1936 -1.90747e-11 0
1937 6.29775e-12 -0
1938 -1.44241e-11 0
1939 1.22378e-10 -0
1940 -3.46971e-11 0
1941 2.29032e-11 -0
1942 4.86019e-11 0
1943 -1.64552e-11 -0
1944 7.22634e-12 -0
1945 -7.18213e-12 0
1946 2.4394e-09 0
1947 -6.6157e-10 -0
1948 2.38697e-10 0
1949 7.90233e-10 -0
1950 -3.63469e-10 -0
1951 7.99834e-10 -0
1952 -2.31493e-10 -0
1953 2.44767e-10 0
1954 -6.76232e-11 -0
1955 -3.37056e-10 -0
1956 2.64196e-10 -0
1957 -8.5845e-11 -0
1958 6.90879e-10 0
1959 -3.83282e-10 -0
1960 1.17116e-10 -0
1961 -1.76335e-10 -0
1962 6.48821e-11 0
1963 4.55888e-10 0
1964 -1.23845e-10 0
1965 3.23931e-10 0
1966 -1.43948e-10 0
1967 -4.73089e-10 0
1968 1.3445e-10 -0
1969 -9.62641e-11 -0
1970 3.3263e-11 -0
1971 9.69689e-10 0
1972 -4.90612e-10 -0
1973 6.46739e-10 0
1974 -1.75855e-10 0
1975 -6.46153e-10 -0
1976 2.03053e-10 -0
1977 -1.20879e-10 -0
1978 6.60325e-10 -0
1979 -2.5717e-10 -0
1980 7.18376e-11 0
1981 -1.33862e-10 0
1982 -1.21676e-09 -0
1983 4.08133e-10 0
1984 -3.33899e-10 0
1985 9.82399e-11 0
1986 3.25719e-10 -0
1987 -1.55365e-10 0
1988 1.63e-10 -0
1989 -4.50466e-11 -0
1990 1.26211e-09 -0
1991 -5.41137e-10 -0
1992 3.42193e-10 0
1993 -1.03515e-10 -0
1994 -4.802e-10 0
1995 1.69813e-09 0
1996 -6.06441e-10 -0
1997 1.71166e-10 0
1998 -2.05321e-10 0
1999 8.45351e-11 0
2000 3.03999e-10 -0
2001 -8.29007e-11 0
2002 5.53428e-11 0
2003 9.06915e-10 -0
2004 -2.90944e-10 0
2005 6.02871e-10 0
2006 -3.24259e-10 -0
2007 9.44381e-11 -0
2008 5.36221e-10 -0
2009 -2.0334e-10 0
2010 1.92375e-10 -0
2011 -5.23181e-11 0
2012 -1.6396e-10 -0
2013 2.66499e-10 -0
2014 -9.03018e-11 0
2015 9.96201e-10 0
2016 -2.76312e-10 -0
2017 1.34591e-10 -0
2018 -1.03359e-10 0
2019 3.08202e-11 -0
2020 -1.00944e-10 0
2021 4.02647e-11 0
2022 1.75314e-10 0
2023 -1.0094e-10 0
2024 3.13384e-11 -0
2025 2.42028e-10 0
2026 -6.62744e-11 -0
2027 7.42244e-11 -0
2028 -3.25754e-11 0
2029 -1.06403e-10 -0
2030 3.04359e-11 -0
2031 -7.53837e-11 -0
2032 2.65448e-11 0
2033 -2.29973e-11 -0
2034 6.12446e-10 0
2035 -1.70572e-10 0
2036 8.67916e-11 0
2037 -1.21602e-10 0
2038 3.99064e-11 -0
2039 1.59295e-10 -0
2040 -4.30658e-11 0
2041 2.89632e-11 0
2042 -1.42744e-10 -0
2043 4.31698e-11 0
2044 -1.95268e-11 0
2045 -3.60447e-10 0
2046 1.33797e-10 0
2047 -2.29328e-10 0
