0 0 0
1 -0 -0
2 -0 0
3 0 -0
4 -0 0
5 4.24276e-97 -0
6 -1.24111e-97 0
7 5.42034e-98 0
8 -5.23651e-98 0
9 -2.52419e-97 -0
10 7.04325e-98 0
11 -2.67061e-98 -0
12 1.05469e-97 0
13 -7.71769e-98 0
14 2.39069e-98 0
15 8.52335e-98 -0
16 -4.25997e-98 0
17 1.16867e-98 0
18 -1.5464e-98 -0
19 8.56074e-19 -0
20 -2.92417e-19 -0
21 8.10272e-20 0
22 -1.6699e-19 -0
23 8.59273e-20 0
24 -6.61422e-20 -0
25 2.04878e-20 -0
26 1.01629e-19 0
27 -3.96164e-20 -0
28 1.80467e-19 -0
29 -4.78452e-20 0
30 4.8398e-20 0
31 -1.40835e-20 -0
32 -2.49872e-19 -0
33 1.10853e-19 -0
34 -6.83688e-20 -0
35 1.83784e-20 0
36 1.27033e-19 0
37 -1.72864e-19 0
38 6.08564e-20 -0
39 -2.13567e-19 -0
40 5.98492e-20 -0
41 -1.97984e-20 -0
42 -2.59913e-08 0
43 1.95009e-08 -0
44 -8.03219e-09 0
45 -3.03899e-08 -0
46 8.4385e-09 0
47 -1.67714e-08 0
48 8.51685e-09 -0
49 -2.55697e-09 -0
50 2.53115e-09 0
51 -6.79232e-10 0
52 6.38512e-09 -0
53 -2.45134e-09 0
54 -1.01361e-08 0
55 6.1423e-09 -0
56 -1.96977e-09 -0
57 5.3603e-09 -0
58 -1.45518e-09 -0
59 1.94691e-09 0
60 -9.12315e-10 -0
61 -5.16741e-09 0
62 1.50735e-09 0
63 -1.2884e-09 0
64 3.9932e-10 0
65 4.8761e-09 -0
66 -2.69572e-09 -0
67 7.26644e-10 0
68 -1.16118e-09 0
69 4.23822e-10 0
70 1.58389e-09 0
71 -6.9553e-10 0
72 1.94301e-10 0
73 -9.80792e-10 0
74 6.58196e-10 -0
75 -2.25014e-10 -0
76 -1.68799e-09 0
77 1.92833e-09 0
78 -5.28142e-10 0
79 2.04078e-08 0
80 -7.97976e-09 0
81 2.37666e-09 -0
82 1.10621e-08 -0
83 -8.57438e-09 0
84 2.29929e-09 0
85 -4.93444e-09 0
86 1.6009e-09 0
87 -7.96408e-10 -0
88 2.93801e-09 0
89 -8.40909e-10 -0
90 5.22429e-10 0
91 2.09729e-09 0
92 -8.78846e-10 -0
93 8.38586e-10 0
94 -2.31722e-10 -0
95 0.108237 -0
96 -0.0378333 -0
97 0.234995 0
98 -0.0716193 -0
99 0.0381793 -0
100 -0.0513779 0
101 0.013698 0
102 0.0589702 0
103 -0.0220427 -0
104 0.0156613 -0
105 -0.0368968 0
106 0.0103513 0
107 0.0650567 0
108 -0.0214207 -0
109 0.00945682 -0
110 -0.01085 0
111 0.00290761 -0
112 -0.0274771 0
113 0.0159527 0
114 -0.00464288 0
115 -0.0680565 -0
116 0.0586463 0
117 -0.0184583 0
118 0.0324162 0
119 -0.0129728 0
120 -0.0627233 0
121 0.0169361 0
122 -0.00797579 -0
123 0.0220561 -0
124 -0.00634005 0
125 0.00408418 0
126 0.016971 0
127 -0.00579583 -0
128 0.00581032 -0
129 -0.00155239 0
130 -0.0133342 0
131 0.00400057 -0
132 -0.00204417 -0
133 0.00300931 0
134 -0.000831581 -0
135 -0.0532228 0
136 0.0196119 -0
137 -0.0162266 -0
138 0.0646903 -0
139 -0.0279862 -0
140 0.00750087 0
141 0.0359779 -0
142 -0.0112454 -0
143 0.00635894 0
144 -0.0422142 -0
145 0.011581 -0
146 -0.0148317 -0
147 0.00574245 0
148 0.0745341 0
149 -0.0516329 0
150 0.0171004 0
151 0.0631277 -0
152 -0.0177649 -0
153 0.00824634 -0
154 -0.0173805 -0
155 0.00472217 -0
156 -0.00525825 0
157 -0.0287273 0
158 0.0102811 -0
159 -0.00306465 0
160 0.0512638 -0
161 -0.0379588 -0
162 0.0155263 -0
163 -0.00446328 -0
164 -0.0194245 0
165 0.0327869 -0
166 -0.0105946 0
167 0.00568598 -0
168 -0.0015288 -0
169 0.00441745 -0
170 0.0162021 0
171 -0.0146761 -0
172 0.00498696 -0
173 -0.00137714 -0
174 0.000826531 0
175 0.00612684 0
176 -0.00297335 -0
177 0.0145676 0
178 -0.00447114 0
179 0.00168202 -0
180 -0.0929301 0
181 0.0253586 0
182 -0.0254886 0
183 0.0107594 0
184 0.0444854 0
185 -0.0126034 0
186 0.00991029 0
187 -0.0236259 -0
188 0.00710956 0
189 -0.00458207 -0
190 -0.0481042 0
191 0.0130872 0
192 -0.00482223 0
193 0.00736565 -0
194 -0.00378228 0
195 -0.0139496 -0
196 0.0041473 -0
197 -0.0503351 0
198 0.0201516 0
199 -0.0054872 -0
200 0.00690038 -0
201 0.0224428 -0
202 -0.00725928 0
203 0.00415584 -0
204 -0.0161152 -0
205 0.00450214 0
206 -0.00387732 0
207 0.00173937 -0
208 -0.00347144 0
209 0.00117024 0
210 0.00576109 -0
211 -0.00164365 0
212 0.00114783 0
213 -0.0385496 0
214 0.0135466 -0
215 -0.00369011 0
216 -0.0130971 0
217 0.0124269 -0
218 -0.0038807 0
219 0.00178643 -0
220 -0.0101891 -0
221 0.00274332 0
222 -0.00494429 0
223 0.00188719 0
224 0.00765414 0
225 -0.0022589 -0
226 0.00139409 0
227 0.0119132 -0
228 -0.00620309 -0
229 0.00715494 -0
230 -0.00205563 0
231 0.000675791 -0
232 -0.00186158 0
233 0.000779207 0
234 0.00325567 -0
235 -0.000887934 -0
236 0.000690447 -0
237 -0.00868747 0
238 0.00260733 -0
239 -0.0034685 -0
240 0.00164758 0
241 -0.000442852 0
242 -0.00295935 0
243 0.00102382 0
244 -0.000741973 0
245 -0.00263399 0
246 0.000743081 0
247 -0.00174739 -0
248 0.000707781 0
249 -0.000410131 -0
250 0.000129579 -0
251 -0.000351348 -0
252 0.000209766 -0
253 -4.61654e-05 -0
254 -0.000211669 0
255 9.16682e-05 -0
256 -0.000326473 0
257 7.95501e-05 0
258 -3.18504e-05 0
259 5.49672e-06 0
260 3.17793e-09 0
261 -1.17193e-05 -0
262 0.000239738 0
263 -9.41405e-05 0
264 2.68256e-05 -0
265 1.64632e-06 0
266 -1.15386e-05 0
267 4.42749e-06 0
268 -0.031773 -0
269 0.0112304 0
270 0.0500036 0
271 -0.0272349 0
272 0.00795224 0
273 -0.0128412 -0
274 0.0123925 -0
275 -0.0033183 0
276 0.00127636 0
277 -0.00854628 -0
278 0.00282346 0
279 0.0290436 0
280 -0.0235096 -0
281 0.00652573 0
282 -0.00293172 0
283 -0.0113095 0
284 0.00342823 0
285 -0.00464607 -0
286 0.00306926 0
287 -0.000834565 -0
288 0.00311438 -0
289 -0.00114968 -0
290 -0.00585543 -0
291 0.00305682 0
292 -0.000965102 -0
293 0.0233318 0
294 -0.00628986 -0
295 0.00724717 -0
296 -0.00310068 0
297 -0.0219533 -0
298 0.00622122 -0
299 -0.011925 -0
300 0.00693471 0
301 -0.00233688 0
302 -0.00941064 0
303 0.00252635 0
304 -0.00175124 0
305 0.0186146 -0
306 -0.00728887 -0
307 0.00215257 0
308 -0.00518305 0
309 0.00167137 0
310 0.0235412 -0
311 -0.0220985 0
312 0.00616976 -0
313 -0.00291308 -0
314 -0.0108257 -0
315 0.00381515 -0
316 -0.00508114 0
317 0.00137778 0
318 -0.00932361 0
319 0.00706933 0
320 -0.00204762 -0
321 0.000847915 -0
322 0.00300884 0
323 -0.0054019 -0
324 0.00152959 0
325 -0.000792315 0
326 -0.00126505 -0
327 0.000544626 -0
328 -0.000868377 0
329 0.000254136 -0
330 -0.00153089 0
331 0.00100637 -0
332 -0.000314579 -0
333 -0.000231077 -0
334 0.00012656 0
335 -0.00122928 -0
336 0.00034725 0
337 -0.000186562 0
338 4.30721e-05 0
339 2.92053e-05 0
340 -2.72567e-05 -0
341 0.0371968 0
342 -0.010006 0
343 0.00422336 -0
344 -0.00665991 0
345 0.00204597 0
346 0.0136086 -0
347 -0.00761392 -0
348 0.00221722 -0
349 -0.00223886 -0
350 -0.00811695 -0
351 0.00277704 0
352 -0.00839089 -0
353 0.00234751 0
354 -0.00153835 -0
355 0.0160277 0
356 -0.00646757 -0
357 0.00174578 0
358 -0.00145973 -0
359 -0.00630222 0
360 0.00207758 -0
361 -0.00110868 -0
362 0.00466609 -0
363 -0.00139386 -0
364 -0.0110503 -0
365 0.00302494 -0
366 -0.0013408 -0
367 0.0016593 0
368 -0.000610486 0
369 -0.00216431 -0
370 0.000620705 0
371 -0.000450419 -0
372 0.00104508 0
373 -0.000280847 0
374 0.00493074 0
375 -0.00293152 -0
376 0.00103076 0
377 -0.000959011 0
378 0.000299067 0
379 0.00154857 0
380 -0.00073651 0
381 0.000208141 0
382 -0.00109486 -0
383 0.00158563 -0
384 -0.000617196 0
385 -0.00499614 0
386 0.00140108 0
387 0.00363044 -0
388 -0.00126903 0
389 0.000860429 0
390 -0.000261922 -0
391 0.000569205 -0
392 -0.000294052 -0
393 8.07845e-05 -0
394 -0.484597 0
395 0.41665 0
396 -0.154406 -0
397 0.405234 -0
398 -0.127054 0
399 -0.534355 -0
400 0.143888 0
401 -0.146515 0
402 0.0656586 -0
403 -0.367652 -0
404 0.101366 -0
405 -0.0675154 0
406 -0.367889 0
407 0.111216 -0
408 -0.0459744 -0
409 0.0604182 -0
410 -0.0339453 0
411 -0.431255 0
412 0.115007 -0
413 -0.0371692 -0
414 0.028095 -0
415 -0.0933891 0
416 0.027034 0
417 0.117752 0
418 -0.0417499 -0
419 0.04699 0
420 -0.0127041 0
421 0.00654757 -0
422 0.0459346 -0
423 -0.0180672 0
424 0.0350666 -0
425 -0.00987183 0
426 0.147727 0
427 -0.0453843 -0
428 0.0355485 0
429 0.143847 0
430 -0.0606189 -0
431 0.0162678 -0
432 -0.110886 -0
433 0.0384099 0
434 -0.0362462 -0
435 0.0194864 -0
436 -0.0055521 0
437 -0.0509684 0
438 0.079587 0
439 -0.0218383 -0
440 0.0100205 -0
441 0.0473121 -0
442 -0.0157683 -0
443 0.0107653 -0
444 -0.026248 -0
445 0.00781555 -0
446 -0.00208575 -0
447 -0.0416845 0
448 0.0158124 0
449 -0.0199648 -0
450 0.0126372 0
451 -0.0556162 -0
452 0.0177638 -0
453 -0.00494648 -0
454 -0.020409 0
455 0.0101037 -0
456 -0.00842223 0
457 0.00225377 -0
458 -0.0549112 0
459 0.022128 0
460 0.136081 0
461 -0.039891 0
462 0.0719652 0
463 -0.0413057 -0
464 0.0141704 -0
465 -0.015385 -0
466 0.00416859 0
467 0.0213176 0
468 -0.00940093 0
469 0.0271298 0
470 -0.00778076 -0
471 0.00560353 0
472 -0.00174318 0
473 0.0186787 -0
474 -0.00697164 -0
475 0.0100422 -0
476 -0.00269904 0
477 -0.0121531 0
478 0.00577026 -0
479 -0.00161503 0
480 -0.0251734 -0
481 0.0220431 -0
482 -0.0071623 -0
483 0.016088 0
484 -0.00956338 0
485 0.00254927 -0
486 0.019464 0
487 -0.00831699 0
488 0.00252411 0
489 0.0101916 -0
490 -0.0101781 0
491 0.00369469 0
492 -0.00100541 -0
493 0.00749541 -0
494 -0.00398649 0
495 0.0143878 -0
496 -0.00424978 0
497 0.00495982 -0
498 -0.00196522 -0
499 -0.142519 -0
500 0.0404785 0
501 -0.0303539 0
502 -0.124792 -0
503 0.0424255 -0
504 -0.0113993 -0
505 0.0196813 -0
506 -0.00989178 0
507 -0.0532498 0
508 0.0168916 0
509 -0.0110748 -0
510 0.00307339 -0
511 -0.00656538 -0
512 0.00270406 0
513 0.0246899 0
514 -0.00668386 0
515 0.00543925 -0
516 -0.00194104 -0
517 0.0113097 0
518 -0.00329498 0
519 0.00449853 0
520 -0.00204357 -0
521 -0.00795081 -0
522 0.00218245 -0
523 -0.00122046 -0
524 0.102719 0
525 -0.0307568 0
526 0.0297085 -0
527 -0.0908204 -0
528 0.0243135 0
529 -0.00896711 -0
530 -0.0430118 -0
531 0.0269827 -0
532 -0.00893731 0
533 -0.0562073 -0
534 0.0273199 -0
535 -0.00844378 -0
536 0.0127864 -0
537 -0.00355954 0
538 -0.0808702 -0
539 0.0568353 0
540 -0.0247143 0
541 0.00660421 -0
542 -0.0170459 -0
543 0.0178359 -0
544 -0.00625388 -0
545 -0.0279301 -0
546 0.00805266 -0
547 -0.0348242 0
548 0.0135795 -0
549 -0.00709827 -0
550 0.00193334 0
551 0.0149614 -0
552 -0.0187132 -0
553 0.00590754 0
554 -0.00503666 -0
555 -0.0203413 -0
556 0.0056056 -0
557 -0.00262208 0
558 0.0240755 0
559 -0.00726861 0
560 0.00445272 -0
561 -0.00734389 0
562 0.0019634 0
563 -0.000659363 0
564 0.0148505 0
565 -0.00568169 -0
566 -0.0292058 -0
567 0.027242 0
568 -0.00794779 0
569 0.0045312 -0
570 -0.0160834 -0
571 0.00433406 -0
572 0.0171339 0
573 -0.00722048 -0
574 0.00488976 -0
575 -0.00157637 0
576 0.00301179 0
577 -0.000848664 -0
578 -0.0107778 -0
579 0.0038874 -0
580 -0.0043318 0
581 0.00117467 -0
582 -0.00773914 -0
583 0.0039623 -0
584 -0.00121477 -0
585 0.000969702 0
586 0.00402218 -0
587 -0.00107886 -0
588 -0.032133 0
589 0.0143896 0
590 -0.0202121 -0
591 0.006941 0
592 -0.00198513 0
593 -0.0127855 -0
594 0.00701821 0
595 -0.0169392 -0
596 0.00470139 0
597 -0.00189544 -0
598 0.00987018 0
599 -0.0072203 0
600 0.00237517 -0
601 0.0105451 0
602 -0.00282324 -0
603 0.00306749 -0
604 -0.0011636 -0
605 0.0202322 0
606 -0.00601633 -0
607 0.00351676 0
608 0.013694 0
609 -0.00375208 -0
610 0.00768572 -0
611 -0.00352072 -0
612 0.00110382 -0
613 -0.00100181 -0
614 -0.00520321 -0
615 0.00140259 0
616 -0.000931103 0
617 0.00256575 -0
618 -0.000908364 -0
619 -0.00895991 0
620 0.00251414 0
621 -0.00330351 0
622 0.00143055 0
623 -0.000421643 -0
624 0.025006 0
625 -0.0192742 0
626 0.00515732 -0
627 0.020089 0
628 -0.0073815 -0
629 0.0119354 -0
630 -0.00585432 0
631 0.00187229 -0
632 -0.00750067 -0
633 0.00212729 0
634 0.0127794 0
635 -0.00522504 0
636 0.00605035 -0
637 -0.00163766 0
638 0.00113779 -0
639 0.0209061 -0
640 -0.00708041 0
641 -0.0295501 0
642 0.00848571 0
643 -0.00503396 0
644 0.0171255 0
645 -0.00662708 0
646 0.00177792 0
647 -0.00156501 0
648 0.0169244 -0
649 -0.00516801 -0
650 0.00240089 0
651 -0.00358407 0
652 0.000984528 0
653 0.00862247 -0
654 -0.00457552 -0
655 0.00159392 -0
656 0.00781936 0
657 -0.00235202 0
658 0.00517205 0
659 -0.00330977 -0
660 0.000920043 -0
661 -0.000924406 0
662 -0.00365901 -0
663 0.00119188 -0
664 -0.000496335 0
665 0.00317909 -0
666 -0.00085026 -0
667 0.00104703 -0
668 -0.000530226 0
669 0.0888726 0
670 -0.0256872 0
671 0.0095301 0
672 -0.0167343 -0
673 0.00450755 -0
674 0.020531 0
675 -0.01598 -0
676 0.00531327 -0
677 -0.0150566 -0
678 0.00716023 0
679 -0.00194269 0
680 -0.013322 0
681 0.00818815 -0
682 -0.00251693 0
683 -0.0445925 0
684 0.0174939 0
685 -0.0145039 0
686 0.00406736 0
687 -0.018126 -0
688 0.00648842 -0
689 0.0266378 -0
690 -0.00711237 0
691 0.00747711 -0
692 -0.0041181 0
693 0.00121268 -0
694 -0.0133224 -0
695 0.00564994 -0
696 -0.010413 -0
697 0.00286464 0
698 0.0144823 0
699 -0.0106392 0
700 0.00337321 0
701 -0.00514601 -0
702 0.00225268 0
703 0.0198308 0
704 -0.00531651 -0
705 0.00183158 0
706 -0.00171872 -0
707 0.0118545 -0
708 -0.00341519 0
709 0.00204753 -0
710 0.00874104 0
711 -0.00238049 0
712 0.00562047 0
713 -0.00223003 0
714 0.000663021 0
715 0.0270661 -0
716 -0.0133695 0
717 0.009447 0
718 -0.00251886 -0
719 0.00337041 -0
720 -0.00110741 0
721 -0.00636047 -0
722 0.00179516 -0
723 -0.00558899 0
724 0.00209142 -0
725 -0.00113399 -0
726 -0.00455278 -0
727 0.00141533 0
728 -0.00128583 0
729 0.0333242 0
730 -0.00929332 0
731 0.00435795 0
732 -0.00511114 0
733 0.00173797 -0
734 0.0138507 -0
735 -0.00371116 0
736 0.00239175 -0
737 -0.012411 -0
738 0.0037476 0
739 -0.00621543 -0
740 0.00250964 0
741 0.0115509 -0
742 -0.00313255 -0
743 0.00253321 0
744 -0.000915282 -0
745 0.003418 0
746 -0.000975909 -0
747 0.000549617 0
748 0.00605224 0
749 -0.001941 0
750 0.00401369 0
751 -0.00107118 0
752 0.00048094 0
753 0.00209045 0
754 -0.0020359 -0
755 0.000594165 0
756 -0.000305421 0
757 0.0047285 0
758 -0.00129764 -0
759 0.000968531 -0
760 0.00473674 -0
761 -0.00181543 0
762 0.0025619 -0
763 -0.000803788 0
764 0.00207883 0
765 -0.000559421 0
766 0.000233765 -0
767 0.0144448 0
768 -0.0096287 -0
769 0.00338721 -0
770 0.0134194 0
771 -0.00373048 0
772 0.00420863 0
773 -0.00204004 0
774 0.0170781 0
775 -0.00456173 0
776 0.00149069 0
777 0.00875551 0
778 -0.00505683 0
779 0.00143766 -0
780 -0.00324032 -0
781 0.00276619 0
782 -0.000840063 0
783 0.000365568 -0
784 0.00498366 0
785 -0.00134959 0
786 0.00172798 0
787 -0.000631773 -0
788 -0.00253396 -0
789 0.0105021 -0
790 -0.00305333 0
791 0.0019227 0
792 -0.000647735 -0
793 0.00113536 0
794 -0.000303988 -0
795 -0.00158272 0
796 0.00084755 -0
797 -0.000331979 0
798 0.0277414 0
799 -0.00765017 0
800 0.00788293 -0
801 -0.0056446 -0
802 0.00168474 0
803 0.0075205 -0
804 -0.00308872 0
805 0.00856273 -0
806 -0.0023344 0
807 0.000720599 0
808 -0.00845071 -0
809 0.00388042 -0
810 -0.00343651 0
811 -0.0247518 -0
812 0.00875246 0
813 -0.00235076 0
814 0.00457718 -0
815 -0.00231639 0
816 0.000648367 -0
817 -0.00364804 0
818 0.00247738 -0
819 -0.00079871 0
820 -0.00326592 0
821 0.00390325 0
822 -0.00103999 -0
823 0.000393337 0
824 0.0132367 0
825 -0.00387684 0
826 0.00234362 -0
827 -0.00789933 -0
828 0.00349096 -0
829 0.0163763 0
830 -0.00470687 0
831 0.00357349 -0
832 -0.00118538 0
833 0.00169914 -0
834 0.0156501 -0
835 -0.00427843 0
836 0.00158244 -0
837 -0.00159107 -0
838 0.00083064 0
839 -0.000222285 -0
840 -0.000932291 -0
841 0.000285631 0
842 -0.0013298 -0
843 0.000629955 0
844 -0.0137935 0
845 0.0047679 0
846 -0.00388614 0
847 0.00109423 -0
848 -0.00198169 -0
849 -0.012768 0
850 0.00345548 0
851 -0.00201884 0
852 0.000638483 -0
853 -0.00159084 -0
854 0.000677976 0
855 0.00350425 -0
856 -0.00103567 -0
857 0.00112807 -0
858 -0.000300578 -0
859 -0.00374175 -0
860 0.00147954 0
861 -0.00202041 0
862 0.00112531 0
863 -0.000313158 -0
864 0.00282152 0
865 -0.00100599 -0
866 0.000960603 -0
867 0.00416487 -0
868 -0.00111718 -0
869 0.000777533 -0
870 -0.000256091 -0
871 0.00168187 0
872 -0.000504903 -0
873 0.000251499 0
874 0.00191418 0
875 -0.00054395 -0
876 0.000852297 0
877 -0.000345551 0
878 0.000271435 0
879 0.0011045 0
880 -0.000297683 -0
881 0.000882277 0
882 -0.00040073 0
883 0.000125429 0
884 0.0025795 0
885 -0.000710941 0
886 0.00045515 -0
887 -0.000566291 0
888 0.00019728 -0
889 0.00108997 0
890 -0.000291252 -0
891 0.000637547 0
892 -0.000246755 -0
893 0.000213111 -0
894 -6.20234e-05 -0
895 0.00180512 0
896 -0.000866655 0
897 0.000276917 -0
898 0.00115332 0
899 -0.000313345 -0
900 0.000185495 -0
901 -0.000791932 -0
902 0.000297007 0
903 -0.000503849 -0
904 0.000144265 0
905 0.00066524 -0
906 -0.000446323 0
907 0.000148852 -0
908 -0.000137092 0
909 3.65525e-05 0
910 0.000313168 0
911 -0.00013025 -0
912 0.000411391 0
913 -0.000125419 -0
914 6.82621e-05 0
915 -1.87076e-05 0
916 0.000301439 0
917 -0.000342094 0
918 0.000152025 -0
919 0.000932577 -0
920 -0.000263175 -0
921 0.000191368 0
922 -6.53319e-05 0
923 0.000131528 -0
924 -3.51748e-05 0
925 -0.000666625 0
926 0.000197744 -0
927 -0.000257607 -0
928 0.000132936 0
929 0.000560358 -0
930 -0.000205327 -0
931 0.00101449 0
932 -0.000273668 0
933 0.000169236 0
934 -5.24209e-05 0
935 -0.000263122 0
936 0.000111003 0
937 -0.000118661 -0
938 3.31674e-05 -0
939 -0.000245869 -0
940 0.000114559 0
941 -3.05109e-05 0
942 7.30348e-05 0
943 -5.80207e-05 0
944 1.875e-05 -0
945 7.68288e-05 0
946 -2.91606e-05 -0
947 4.28851e-05 0
948 -1.18648e-05 -0
949 -0.000124247 0
950 7.06367e-05 -0
951 -2.07495e-05 -0
952 -0.000360594 0
953 0.000148463 -0
954 -0.000137299 -0
955 3.74146e-05 0
956 -0.000159819 -0
957 5.51358e-05 -0
958 0.000193911 0
959 -0.000131856 -0
960 3.86621e-05 -0
961 -8.18671e-05 0
962 4.11461e-05 0
963 -1.32823e-05 0
964 -6.14591e-05 0
965 1.70358e-05 -0
966 -1.78441e-05 0
967 7.9915e-06 0
968 -0.00013465 0
969 4.10338e-05 0
970 -1.49709e-05 0
971 -5.89246e-05 0
972 4.70327e-05 0
973 -1.27077e-05 -0
974 2.17297e-05 0
975 -1.18973e-05 -0
976 -3.02253e-06 -0
977 1.77914e-06 0
978 -2.94294e-05 0
979 1.11767e-05 0
980 -9.52095e-06 -0
981 2.7429e-06 -0
982 1.27887e-06 -0
983 -8.96049e-07 -0
984 2.42805e-06 -0
985 -8.53582e-07 0
986 5.20348e-05 -0
987 -1.44586e-05 0
988 8.33911e-06 -0
989 3.19006e-05 0
990 -9.2697e-06 0
991 4.76629e-06 -0
992 -1.03887e-05 -0
993 1.33011e-06 -0
994 5.66594e-07 0
995 -2.65909e-06 -0
996 1.35064e-06 -0
997 -4.42323e-07 0
998 2.36996e-06 0
999 -1.40899e-06 0
1000 -1.42141e-08 -0
1001 1.05561e-07 0
1002 -1.21788e-05 0
1003 4.00379e-06 -0
1004 -4.77729e-06 0
1005 2.18277e-06 -0
1006 -1.97994e-07 0
1007 -1.33963e-07 -0
1008 2.79757e-07 0
1009 -6.94171e-06 0
1010 2.02983e-06 -0
1011 -7.66378e-07 -0
1012 0.000415174 0
1013 -0.000311015 -0
1014 0.000127991 0
1015 -0.000234744 -0
1016 6.3149e-05 0
1017 0.00024424 0
1018 -0.00011949 0
1019 3.39997e-05 0
1020 -4.47791e-05 -0
1021 -0.00023435 0
1022 7.95498e-05 0
1023 -5.21429e-05 -0
1024 1.56117e-05 0
1025 -4.74846e-05 -0
1026 4.40505e-05 0
1027 -1.19575e-05 -0
1028 -7.96552e-05 0
1029 3.03691e-05 0
1030 -1.62003e-05 0
1031 -3.35732e-05 0
1032 1.14119e-05 -0
1033 -3.23245e-06 0
1034 6.55333e-06 -0
1035 -0.000104596 0
1036 4.24105e-05 -0
1037 -1.20535e-05 -0
1038 8.65835e-06 -0
1039 2.56244e-05 -0
1040 -7.95115e-06 -0
1041 1.09668e-05 0
1042 -5.53073e-06 -0
1043 -4.13543e-06 -0
1044 1.88064e-06 -0
1045 -1.08837e-05 0
1046 3.1462e-06 -0
1047 -2.11613e-06 -0
1048 6.89875e-07 0
1049 -1.61622e-06 -0
1050 6.8554e-07 -0
1051 -1.47796e-07 0
1052 -3.19344e-06 -0
1053 9.58845e-07 0
1054 -8.59395e-07 0
1055 1.51193e-07 0
1056 3.34765e-07 0
1057 -1.4045e-07 -0
1058 0.000222623 -0
1059 -7.85375e-05 -0
1060 4.74709e-05 0
1061 -1.28677e-05 -0
1062 3.4616e-05 -0
1063 -4.33315e-05 -0
1064 1.80257e-05 -0
1065 0.000130175 -0
1066 -3.57915e-05 -0
1067 1.85346e-05 0
1068 -0.00012879 -0
1069 4.24772e-05 0
1070 0.00017856 -0
1071 -5.17334e-05 0
1072 3.96335e-05 0
1073 -6.92548e-05 0
1074 1.85711e-05 -0
1075 -6.70905e-06 0
1076 -6.90844e-05 0
1077 4.45483e-05 0
1078 -1.39296e-05 0
1079 -5.01406e-05 0
1080 2.44427e-05 0
1081 -6.86366e-06 0
1082 7.54097e-06 -0
1083 -3.66933e-05 -0
1084 1.10808e-05 0
1085 -6.17587e-06 -0
1086 -3.3635e-05 -0
1087 9.09743e-06 0
1088 -1.39416e-05 -0
1089 5.23087e-06 0
1090 -5.93465e-05 -0
1091 2.00387e-05 -0
1092 -1.43093e-05 0
1093 3.9133e-06 -0
1094 1.65419e-05 0
1095 -7.17309e-06 -0
1096 1.40784e-05 -0
1097 -4.55954e-06 -0
1098 4.35622e-06 -0
1099 -1.23511e-06 0
1100 -2.71069e-06 -0
1101 1.23083e-06 0
1102 -7.9038e-06 0
1103 2.20783e-06 0
1104 2.95281e-06 0
1105 -1.98255e-06 0
1106 6.71767e-07 -0
1107 -1.10053e-06 -0
1108 5.61756e-07 0
1109 -3.77154e-05 0
1110 1.09793e-05 -0
1111 -9.16263e-06 -0
1112 -3.70962e-05 0
1113 1.01469e-05 -0
1114 -3.60234e-06 0
1115 2.50647e-06 0
1116 -1.56983e-05 -0
1117 5.02832e-06 0
1118 -7.20717e-06 -0
1119 1.99417e-06 0
1120 1.18069e-05 0
1121 -4.64705e-06 -0
1122 2.78512e-06 -0
1123 7.8845e-06 0
1124 -2.27256e-06 -0
1125 7.15125e-06 -0
1126 -3.51194e-06 -0
1127 3.22783e-06 -0
1128 -9.62409e-07 -0
1129 0.000306582 -0
1130 -8.15412e-05 -0
1131 3.41055e-05 -0
1132 -5.50087e-05 0
1133 1.95014e-05 0
1134 0.000133055 0
1135 -8.25373e-05 -0
1136 2.53775e-05 0
1137 -9.29332e-05 -0
1138 2.50192e-05 -0
1139 -2.5133e-05 -0
1140 -0.000106753 0
1141 5.27576e-05 -0
1142 -1.79167e-05 -0
1143 5.06805e-06 -0
1144 -7.94081e-05 0
1145 0.000152886 -0
1146 -6.78829e-05 0
1147 1.8571e-05 0
1148 9.19423e-05 0
1149 -6.53939e-05 0
1150 2.09891e-05 -0
1151 -2.5871e-05 -0
1152 6.91588e-06 0
1153 6.2907e-05 -0
1154 -2.36345e-05 -0
1155 1.30066e-05 -0
1156 -7.60247e-05 -0
1157 2.27718e-05 0
1158 -2.12732e-05 -0
1159 8.51001e-06 0
1160 5.4266e-05 0
1161 -1.44218e-05 -0
1162 3.28584e-05 0
1163 -9.35018e-06 -0
1164 7.18895e-06 0
1165 -2.38206e-06 -0
1166 -6.53842e-05 0
1167 3.95565e-05 0
1168 -1.09486e-05 0
1169 -4.58004e-05 -0
1170 1.66783e-05 0
1171 -2.53737e-05 0
1172 1.31247e-05 0
1173 -3.54819e-06 -0
1174 1.13801e-05 -0
1175 -3.53452e-06 -0
1176 3.95688e-06 -0
1177 1.80097e-05 0
1178 -7.76281e-06 -0
1179 2.27596e-06 0
1180 -2.22849e-05 -0
1181 5.94005e-06 -0
1182 -4.92069e-06 0
1183 1.92001e-06 0
1184 2.06336e-05 0
1185 -1.3536e-05 0
1186 4.12651e-06 0
1187 -2.06054e-05 -0
1188 5.59658e-06 -0
1189 -7.61447e-06 0
1190 3.49713e-06 -0
1191 1.96815e-05 -0
1192 -6.76744e-06 -0
1193 3.62914e-06 0
1194 -1.01411e-06 -0
1195 2.6078e-06 -0
1196 1.12584e-05 -0
1197 -3.66997e-06 0
1198 3.23991e-06 0
1199 -8.6559e-07 -0
1200 -7.83392e-06 -0
1201 3.4028e-06 0
1202 -2.52838e-06 0
1203 7.57151e-07 -0
1204 -1.71533e-06 0
1205 -4.70503e-06 -0
1206 1.8432e-06 0
1207 -5.38326e-07 -0
1208 6.77391e-07 0
1209 -3.7386e-07 0
1210 8.73181e-06 -0
1211 -2.83371e-06 0
1212 -9.62283e-06 -0
1213 2.62823e-06 -0
1214 -1.60304e-06 -0
1215 2.34025e-06 0
1216 -7.0917e-07 0
1217 -1.24875e-07 -0
1218 1.78823e-07 0
1219 -1.76759e-06 0
1220 5.24277e-07 0
1221 -4.99222e-07 -0
1222 1.82878e-07 -0
1223 1.87934e-08 -0
1224 -3.11372e-08 0
1225 1.48453e-06 -0
1226 -4.43027e-07 0
1227 2.13097e-07 0
1228 -3.49052e-05 -0
1229 3.88499e-05 0
1230 -1.0429e-05 -0
1231 6.74733e-06 0
1232 -2.13898e-06 -0
1233 -8.51429e-06 -0
1234 1.55692e-05 -0
1235 -6.09478e-06 0
1236 1.74934e-06 0
1237 -8.62184e-07 0
1238 3.44447e-06 0
1239 -9.43028e-07 0
1240 -4.1698e-06 -0
1241 3.37246e-06 -0
1242 -1.19618e-06 -0
1243 -1.08162e-05 -0
1244 3.25524e-06 0
1245 -1.90452e-06 -0
1246 2.46149e-06 -0
1247 -6.71679e-07 0
1248 2.1503e-06 0
1249 -8.91001e-07 0
1250 -3.08886e-06 0
1251 8.67732e-07 0
1252 -8.23144e-07 0
1253 2.75549e-07 -0
1254 -2.46827e-06 0
1255 1.71091e-06 -0
1256 -5.19109e-07 -0
1257 -2.52501e-06 0
1258 1.16747e-06 0
1259 -3.15339e-07 0
1260 5.02662e-07 -0
1261 -1.91515e-07 -0
1262 4.77428e-06 0
1263 -1.35221e-06 0
1264 9.46449e-07 0
1265 4.88355e-06 0
1266 -2.2596e-06 0
1267 6.1091e-07 -0
1268 -1.21126e-06 -0
1269 4.06327e-07 0
1270 5.65062e-06 0
1271 -3.26749e-06 -0
1272 1.00864e-06 -0
1273 -9.69118e-07 0
1274 2.57377e-07 0
1275 -1.40117e-06 -0
1276 5.36629e-07 -0
1277 -7.01403e-07 0
1278 1.88618e-07 0
1279 1.87938e-06 0
1280 -9.13422e-07 -0
1281 2.14336e-06 0
1282 -6.61803e-07 -0
1283 5.17989e-07 -0
1284 -1.35681e-07 0
1285 -8.71119e-07 -0
1286 2.999e-07 0
1287 -3.10659e-07 0
1288 8.84346e-08 -0
1289 -1.10875e-07 -0
1290 3.77042e-08 0
1291 -7.21903e-09 -0
1292 -1.80616e-06 0
1293 7.51391e-07 -0
1294 -4.66006e-07 -0
1295 1.38497e-07 -0
1296 -2.3534e-07 -0
1297 -1.70582e-06 -0
1298 6.36926e-07 0
1299 -1.66791e-07 0
1300 1.94858e-07 -0
1301 -5.45674e-08 0
1302 1.52259e-07 -0
1303 -8.53803e-08 0
1304 2.76639e-08 -0
1305 3.83719e-07 0
1306 -1.04728e-07 0
1307 8.0584e-08 -0
1308 1.27943e-06 0
1309 -6.63466e-07 -0
1310 2.22432e-07 -0
1311 5.4784e-07 0
1312 -1.55952e-07 0
1313 3.23037e-07 -0
1314 -1.41479e-07 0
1315 1.11199e-07 -0
1316 -3.41836e-08 -0
1317 3.15673e-07 -0
1318 -1.15519e-07 0
1319 -3.65294e-07 0
1320 1.00698e-07 0
1321 -1.06495e-07 0
1322 5.03272e-08 -0
1323 -7.73723e-06 -0
1324 2.17085e-06 0
1325 -5.51903e-06 0
1326 2.98674e-06 0
1327 -9.12315e-07 0
1328 9.89459e-07 -0
1329 -2.62781e-07 -0
1330 -2.03298e-06 0
1331 7.99258e-07 0
1332 -1.41105e-06 -0
1333 4.64104e-07 0
1334 -2.82759e-07 0
1335 -1.60103e-06 0
1336 4.39094e-07 0
1337 -1.62206e-07 0
1338 5.18266e-07 0
1339 -3.54369e-07 -0
1340 1.01971e-07 0
1341 1.33675e-06 -0
1342 -6.39428e-07 0
1343 8.94916e-07 -0
1344 -2.41221e-07 0
1345 -1.13066e-06 0
1346 3.57042e-07 -0
1347 -2.93766e-07 0
1348 1.27546e-07 0
1349 -1.60802e-06 0
1350 4.2618e-07 -0
1351 -1.47576e-07 -0
1352 6.17111e-07 0
1353 -5.6251e-07 0
1354 1.58461e-07 -0
1355 7.51436e-07 -0
1356 -3.88287e-07 -0
1357 1.16716e-07 -0
1358 5.01312e-06 -0
1359 -2.04054e-06 -0
1360 2.48084e-06 -0
1361 -6.6357e-07 0
1362 1.48831e-06 0
1363 -1.09973e-06 0
1364 3.22902e-07 -0
1365 2.80021e-06 -0
1366 -1.05938e-06 -0
1367 5.91147e-07 0
1368 -1.61363e-07 0
1369 -6.74941e-07 0
1370 2.25652e-07 -0
1371 -4.284e-07 -0
1372 2.7397e-07 0
1373 -7.67254e-08 -0
1374 5.4041e-07 0
1375 -2.51089e-07 -0
1376 6.69124e-08 -0
1377 3.75345e-07 -0
1378 -3.94622e-07 -0
1379 1.2213e-07 -0
1380 -4.41031e-08 0
1381 4.51777e-07 0
1382 -5.8546e-07 0
1383 1.54121e-07 0
1384 -8.54444e-08 -0
1385 1.76478e-07 -0
1386 -5.45636e-08 0
1387 -4.0904e-07 0
1388 1.67573e-07 0
1389 -1.35657e-07 -0
1390 3.84653e-08 0
1391 1.60029e-06 0
1392 -4.22631e-07 0
1393 2.07279e-07 0
1394 -6.92909e-07 -0
1395 2.66301e-07 0
1396 -1.97408e-07 0
1397 5.38924e-08 0
1398 2.63923e-07 0
1399 -8.96729e-08 -0
1400 1.30821e-07 -0
1401 -3.8594e-08 0
1402 -2.90334e-07 0
1403 2.00658e-07 0
1404 -5.40273e-08 -0
1405 3.65174e-07 0
1406 -1.56355e-07 -0
1407 2.82249e-07 0
1408 -7.8151e-08 -0
1409 2.78952e-08 -0
1410 4.60333e-07 0
1411 -4.3622e-07 -0
1412 1.37167e-07 0
1413 -6.90609e-08 0
1414 2.72084e-07 -0
1415 -7.1604e-08 -0
1416 4.29902e-08 -0
1417 2.43101e-07 0
1418 -7.33169e-08 0
1419 8.06188e-08 0
1420 -3.18077e-08 0
1421 8.58723e-09 0
1422 1.80747e-06 0
1423 -3.2145e-06 0
1424 1.13749e-06 -0
1425 -6.18059e-07 -0
1426 1.77804e-07 -0
1427 8.40582e-07 -0
1428 -7.11968e-07 0
1429 1.90213e-07 0
1430 -5.90808e-07 0
1431 2.73953e-07 -0
1432 -9.10031e-08 0
1433 -5.84375e-07 0
1434 7.82602e-07 -0
1435 -2.18442e-07 0
1436 -8.75009e-07 -0
1437 2.64285e-07 -0
1438 -1.75732e-07 0
1439 6.78982e-08 0
1440 -1.72371e-07 0
1441 4.70444e-08 0
1442 8.89651e-07 0
1443 -8.21887e-07 0
1444 3.95877e-07 -0
1445 -1.24492e-07 0
1446 9.36283e-07 -0
1447 -2.50376e-07 -0
1448 1.50769e-07 0
1449 8.19254e-07 0
1450 -2.78766e-07 0
1451 2.95371e-07 0
1452 -8.59099e-08 -0
1453 3.63065e-08 -0
1454 -5.42484e-07 0
1455 4.25523e-07 -0
1456 -1.15195e-07 0
1457 -4.56333e-07 0
1458 1.70878e-07 -0
1459 -2.95205e-07 0
1460 8.43318e-08 0
1461 -3.73719e-07 0
1462 2.14631e-07 -0
1463 -7.00473e-08 0
1464 -6.86319e-07 0
1465 3.1011e-07 -0
1466 -8.32326e-08 0
1467 1.17541e-07 -0
1468 5.08149e-07 0
1469 -1.5141e-07 -0
1470 1.08854e-07 -0
1471 -3.92175e-08 -0
1472 9.5776e-08 0
1473 -2.66319e-08 -0
1474 1.41126e-08 -0
1475 -4.35492e-07 -0
1476 1.73056e-07 0
1477 -1.64934e-07 0
1478 4.39023e-08 0
1479 3.54524e-07 0
1480 -1.09316e-07 0
1481 3.9929e-07 -0
1482 -1.94869e-07 -0
1483 -8.27363e-07 -0
1484 2.31301e-07 0
1485 -2.75387e-07 0
1486 9.53468e-08 -0
1487 -7.67147e-08 -0
1488 2.05952e-08 -0
1489 1.04237e-07 0
1490 -4.28286e-08 0
1491 9.33208e-08 -0
1492 -2.72866e-08 0
1493 2.53025e-07 -0
1494 -1.54199e-07 0
1495 4.94562e-08 -0
1496 -1.34849e-08 0
1497 2.15553e-08 -0
1498 -1.18396e-08 0
1499 -1.06911e-07 0
1500 4.01801e-08 -0
1501 -1.07213e-08 0
1502 5.2284e-08 0
1503 -3.53409e-08 0
1504 -1.69774e-07 -0
1505 5.15082e-08 -0
1506 -2.23254e-08 -0
1507 2.49943e-08 -0
1508 -7.02552e-09 0
1509 -2.659e-07 0
1510 8.74964e-08 0
1511 -7.88638e-08 0
1512 3.98191e-08 0
1513 1.55507e-07 0
1514 -4.22701e-08 -0
1515 8.4399e-08 0
1516 -2.88752e-08 -0
1517 9.57689e-08 -0
1518 -2.64456e-08 0
1519 1.99696e-08 -0
1520 1.0506e-07 0
1521 -3.85521e-08 -0
1522 1.82167e-08 -0
1523 -5.39094e-09 0
1524 6.9235e-09 0
1525 7.00675e-08 -0
1526 -1.88106e-08 0
1527 1.20147e-08 -0
1528 -7.93398e-08 -0
1529 2.51604e-08 0
1530 -9.95483e-09 0
1531 -4.06193e-08 0
1532 1.16804e-08 0
1533 -1.20929e-08 0
1534 5.41528e-09 -0
1535 -2.23334e-07 0
1536 5.99914e-08 0
1537 -8.8714e-08 -0
1538 4.96949e-08 -0
1539 -1.73469e-08 -0
1540 4.56137e-08 -0
1541 -1.24484e-08 -0
1542 -7.90569e-08 -0
1543 2.35985e-08 -0
1544 -1.99594e-08 0
1545 8.31113e-09 0
1546 3.56565e-08 -0
1547 -9.48171e-09 0
1548 7.46433e-08 -0
1549 -3.79096e-08 0
1550 1.25776e-08 0
1551 -8.69977e-09 -0
1552 2.50063e-09 0
1553 4.58095e-08 0
1554 -6.16144e-08 0
1555 1.90198e-08 -0
1556 -3.50536e-08 0
1557 1.35544e-08 -0
1558 6.89463e-08 0
1559 -1.92996e-08 -0
1560 1.12885e-08 0
1561 -3.75859e-08 -0
1562 1.00614e-08 0
1563 -1.09193e-08 0
1564 3.87632e-09 -0
1565 -4.75948e-08 -0
1566 2.15888e-08 0
1567 -5.94575e-09 -0
1568 -4.73786e-08 -0
1569 3.45906e-08 0
1570 -1.08009e-08 -0
1571 -5.25219e-08 0
1572 1.39658e-08 -0
1573 -1.27864e-08 0
1574 6.79024e-09 -0
1575 -1.67565e-08 -0
1576 4.74033e-09 -0
1577 -1.79857e-09 -0
1578 -6.75788e-08 -0
1579 4.35332e-08 0
1580 -1.18024e-08 0
1581 -4.94244e-08 0
1582 1.66411e-08 -0
1583 -7.49618e-08 -0
1584 3.61924e-08 -0
1585 -1.10311e-08 0
1586 1.82296e-08 0
1587 -1.48954e-08 -0
1588 4.36479e-09 0
1589 -1.80621e-09 0
1590 -2.41729e-08 0
1591 6.5246e-09 0
1592 -8.1144e-09 0
1593 2.99469e-09 -0
1594 1.61531e-08 0
1595 -4.30616e-09 -0
1596 9.1698e-09 -0
1597 -4.01988e-09 0
1598 8.19269e-08 0
1599 -2.64547e-08 -0
1600 1.755e-08 -0
1601 -4.80829e-09 -0
1602 -2.04479e-08 0
1603 1.95602e-08 0
1604 -5.6703e-09 -0
1605 2.96105e-08 -0
1606 -1.52732e-08 0
1607 5.28714e-09 0
1608 4.33165e-08 -0
1609 -1.2213e-08 -0
1610 9.36654e-09 -0
1611 -3.73701e-09 0
1612 1.06341e-08 0
1613 -2.85183e-09 -0
1614 4.03707e-09 -0
1615 -2.31338e-09 0
1616 -1.05131e-08 -0
1617 3.3281e-09 0
1618 -1.00175e-09 0
1619 7.08385e-09 -0
1620 -3.34676e-09 -0
1621 8.90193e-10 -0
1622 -1.01316e-09 -0
1623 -6.90411e-09 0
1624 2.47838e-09 -0
1625 -1.52274e-09 0
1626 4.18614e-10 -0
1627 2.27518e-08 0
1628 -4.15843e-08 -0
1629 1.78206e-08 0
1630 -5.89332e-09 -0
1631 -2.65018e-08 -0
1632 7.24365e-09 0
1633 -7.57626e-09 -0
1634 3.18706e-08 -0
1635 -9.46962e-09 0
1636 4.7227e-09 -0
1637 -3.78101e-09 0
1638 1.01066e-09 -0
1639 8.94006e-09 -0
1640 -3.39753e-09 0
1641 8.12119e-09 -0
1642 -2.32979e-09 0
1643 1.30377e-09 -0
1644 5.0199e-09 -0
1645 -1.57007e-09 0
1646 1.39977e-09 -0
1647 -2.21881e-08 -0
1648 6.18885e-09 -0
1649 -2.51811e-09 -0
1650 3.32025e-09 0
1651 1.63661e-08 0
1652 -4.39716e-09 -0
1653 3.21618e-09 -0
1654 -1.10647e-09 0
1655 2.24384e-09 0
1656 -1.00882e-09 0
1657 -1.56153e-08 0
1658 4.24405e-09 -0
1659 -2.54771e-09 0
1660 8.23812e-10 0
1661 3.2703e-09 -0
1662 -1.32639e-08 -0
1663 3.83627e-09 -0
1664 -1.40411e-09 0
1665 1.52953e-09 0
1666 -1.05486e-09 -0
1667 3.18686e-10 -0
1668 1.8724e-09 0
1669 -8.7745e-10 -0
1670 6.24118e-09 -0
1671 -1.66927e-09 0
1672 2.65864e-09 -0
1673 -7.4978e-10 0
1674 2.95774e-10 -0
1675 -8.96329e-09 -0
1676 4.76493e-09 0
1677 2.32531e-08 -0
1678 -7.7474e-09 -0
1679 2.10412e-09 -0
1680 -1.94456e-09 -0
1681 5.10288e-09 0
1682 -1.54843e-09 0
1683 6.60634e-10 0
1684 6.5669e-09 -0
1685 -1.74714e-09 0
1686 1.1319e-09 0
1687 -1.51214e-09 0
1688 5.28145e-10 0
1689 -3.99687e-09 -0
1690 1.15503e-09 0
1691 5.52022e-09 0
1692 -2.75628e-09 0
1693 2.31697e-09 0
1694 -6.4101e-10 -0
1695 1.44609e-09 -0
1696 -5.31582e-10 0
1697 1.41434e-10 -0
1698 9.61284e-10 -0
1699 -7.11249e-10 0
1700 2.29841e-10 0
1701 -9.49984e-10 0
1702 3.83362e-10 -0
1703 -4.15678e-10 0
1704 1.1163e-10 0
1705 1.98228e-09 -0
1706 -1.18172e-09 -0
1707 3.69872e-10 0
1708 1.88725e-09 0
1709 -5.32224e-10 -0
1710 9.39584e-10 -0
1711 -4.22866e-10 0
1712 1.12213e-10 0
1713 -8.8036e-10 -0
1714 8.13019e-10 0
1715 -3.01308e-10 0
1716 8.74131e-11 -0
1717 4.90699e-10 0
1718 -2.49252e-10 0
1719 6.33268e-10 -0
1720 -2.11686e-10 0
1721 5.67027e-11 -0
1722 -3.70937e-11 0
1723 -2.25929e-09 -0
1724 1.09491e-09 -0
1725 -1.75611e-09 -0
1726 4.70474e-10 -0
1727 -1.43353e-10 0
1728 -8.51344e-10 -0
1729 6.89404e-10 -0
1730 -2.87579e-10 -0
1731 1.64775e-09 -0
1732 -4.79506e-10 0
1733 5.55629e-10 -0
1734 -1.47126e-10 -0
1735 8.14197e-11 0
1736 6.9674e-10 0
1737 -2.29194e-10 0
1738 4.74491e-10 -0
1739 -1.67245e-10 -0
1740 1.04354e-10 -0
1741 -2.87045e-11 0
1742 -1.35614e-10 0
1743 5.92717e-11 -0
1744 -8.3261e-11 0
1745 2.20183e-11 -0
1746 1.21329e-09 0
1747 -3.86949e-10 0
1748 3.46011e-10 -0
1749 -9.99905e-11 -0
1750 4.2526e-10 0
1751 -1.68335e-10 0
1752 -7.81218e-10 -0
1753 2.12774e-10 -0
1754 -1.16559e-10 0
1755 -1.11198e-09 0
1756 1.43482e-09 -0
1757 -4.45555e-10 0
1758 2.10293e-10 0
1759 -6.44617e-10 -0
1760 1.81618e-10 -0
1761 -1.42341e-10 0
1762 5.26676e-11 0
1763 -8.52138e-10 -0
1764 2.25255e-10 -0
1765 -4.32559e-10 -0
1766 2.63908e-10 0
1767 1.31477e-09 0
1768 -4.42889e-10 -0
1769 1.18436e-10 0
1770 -1.13171e-10 -0
1771 3.39947e-11 -0
1772 2.31116e-10 -0
1773 -8.92814e-11 0
1774 4.41367e-10 0
1775 -1.25483e-10 -0
1776 8.83145e-11 -0
1777 -4.45172e-11 0
1778 -8.92637e-10 0
1779 2.43469e-10 -0
1780 -2.64983e-10 -0
1781 9.31826e-11 -0
1782 4.05285e-10 -0
1783 -1.67318e-10 0
1784 4.1566e-10 -0
1785 -1.11055e-10 -0
1786 3.58779e-11 -0
1787 -2.94015e-10 0
1788 1.68152e-10 0
1789 -2.5336e-10 0
1790 7.4162e-11 -0
1791 6.73598e-10 0
1792 -3.0667e-10 -0
1793 8.51929e-11 -0
1794 -5.62505e-11 -0
1795 -3.02339e-10 0
1796 8.02701e-11 -0
1797 -7.20616e-11 -0
1798 2.68299e-11 0
1799 -8.6331e-11 0
1800 2.71427e-11 -0
1801 -3.67809e-11 -0
1802 1.03866e-11 -0
1803 4.93483e-11 0
1804 -2.40694e-11 -0
1805 9.60214e-12 0
1806 -6.68621e-11 0
1807 1.76701e-11 0
1808 -1.36339e-11 0
1809 4.39845e-12 0
1810 -6.26115e-12 -0
1811 -5.4836e-11 -0
1812 1.60675e-11 0
1813 -8.59144e-12 -0
1814 2.325e-12 0
1815 8.79233e-11 -0
1816 -3.77967e-11 0
1817 4.32876e-11 -0
1818 -1.14999e-11 -0
1819 4.85709e-11 0
1820 -1.66776e-11 0
1821 1.23137e-11 -0
1822 1.23856e-10 -0
1823 -3.57544e-11 -0
1824 7.85792e-11 0
1825 -4.72141e-11 -0
1826 1.45827e-11 -0
1827 6.81631e-11 -0
1828 -1.80414e-11 -0
1829 8.62315e-12 -0
1830 -8.47797e-12 0
1831 3.23488e-12 -0
1832 -1.96147e-11 0
1833 5.25534e-12 0
1834 -8.92173e-12 -0
1835 2.86804e-12 -0
1836 1.69525e-11 0
1837 -8.76274e-12 -0
1838 2.44586e-12 -0
1839 -1.6296e-12 -0
1840 -1.83531e-10 0
1841 6.69007e-11 0
1842 -9.07984e-11 -0
1843 2.45112e-11 0
1844 1.43416e-10 -0
1845 -6.1773e-11 0
1846 1.89059e-11 -0
1847 -5.89252e-11 -0
1848 4.75955e-11 -0
1849 -1.31616e-11 -0
1850 -1.20204e-10 0
1851 5.47783e-11 0
1852 -6.06203e-11 0
1853 1.78578e-11 -0
1854 6.75186e-11 0
1855 -2.32406e-11 -0
1856 1.52751e-11 0
1857 -4.09235e-12 -0
1858 1.86835e-11 0
1859 -7.14534e-12 0
1860 1.11779e-11 0
1861 -3.59719e-12 -0
1862 -1.64995e-11 0
1863 8.34284e-12 -0
1864 -2.29958e-12 -0
1865 1.71572e-11 0
1866 -1.51223e-11 -0
1867 4.37737e-12 -0
1868 6.44869e-11 0
1869 -2.69102e-11 -0
1870 7.26093e-12 -0
1871 -1.67567e-11 -0
1872 9.7785e-12 -0
1873 3.7938e-11 -0
1874 -1.18353e-11 -0
1875 8.9183e-12 -0
1876 -3.2335e-12 0
1877 4.21882e-12 0
1878 -1.1946e-12 -0
1879 2.00645e-11 0
1880 -9.46916e-12 0
1881 2.57214e-12 0
1882 1.28891e-11 -0
1883 -3.7421e-11 -0
1884 1.11923e-11 -0
1885 -6.14641e-12 0
1886 5.9284e-12 -0
1887 -2.01343e-12 -0
1888 -1.48955e-11 -0
1889 3.99514e-12 -0
1890 -1.60837e-12 0
1891 -6.05779e-12 -0
1892 3.69846e-12 0
1893 -6.65582e-12 -0
1894 1.86406e-12 0
1895 -8.24679e-11 -0
1896 2.66297e-11 0
1897 -1.1754e-11 -0
1898 1.24191e-11 -0
1899 -3.33136e-12 -0
1900 1.19553e-11 0
1901 -4.38162e-12 0
1902 3.11287e-12 0
1903 1.87581e-11 -0
1904 -5.37252e-12 0
1905 1.08312e-11 0
1906 -3.40599e-12 0
1907 1.777e-12 -0
1908 2.30773e-11 -0
1909 -6.23559e-12 0
1910 5.30726e-12 -0
1911 2.11161e-11 -0
1912 -6.39866e-12 -0
1913 2.71207e-12 0
1914 -2.17541e-11 0
1915 7.53358e-12 0
1916 -8.70092e-12 -0
1917 2.38072e-12 -0
1918 -1.58372e-12 0
1919 -7.33605e-12 0
1920 2.13107e-12 0
1921 -9.97523e-12 0
1922 4.76621e-12 -0
1923 -1.27383e-12 -0
1924 1.93024e-12 -0
1925 -6.39449e-13 0
1926 -1.41433e-11 -0
1927 5.84482e-12 -0
1928 -3.7565e-12 0
1929 1.04721e-12 -0
1930 -2.8568e-12 -0
1931 -1.07703e-11 -0
1932 4.08235e-12 -0
1933 -3.8217e-12 0
1934 1.13774e-12 -0
1935 6.89484e-12 -0
1936 -3.59762e-12 0
1937 1.02678e-12 -0
1938 -1.39434e-12 0
1939 5.04474e-12 -0
1940 -1.37029e-12 0
1941 8.25008e-13 -0
1942 3.56543e-12 0
1943 -1.1213e-12 -0
1944 4.50706e-13 -0
1945 -3.78198e-13 0
1946 9.02249e-12 0
1947 -2.42126e-12 -0
1948 8.61385e-13 0
1949 3.2486e-12 -0
1950 -1.46911e-12 -0
1951 2.9838e-12 -0
1952 -8.542e-13 -0
1953 8.67826e-13 0
1954 -2.37168e-13 -0
1955 -1.4217e-12 -0
1956 1.08512e-12 -0
1957 -3.48636e-13 -0
1958 2.1804e-12 0
1959 -1.18612e-12 -0
1960 3.58519e-13 -0
1961 -5.11698e-13 -0
1962 1.85746e-13 0
1963 1.62765e-12 0
1964 -4.3876e-13 0
1965 1.06459e-12 0
1966 -4.66824e-13 0
1967 -1.68147e-12 0
1968 4.74265e-13 -0
1969 -3.33026e-13 -0
1970 1.14019e-13 -0
1971 -3.72274e-12 0
1972 1.82361e-12 -0
1973 -2.21463e-12 0
1974 5.91711e-13 0
1975 2.84269e-12 -0
1976 -8.7573e-13 -0
1977 5.02168e-13 -0
1978 -2.0361e-12 -0
1979 7.73818e-13 -0
1980 -2.12412e-13 0
1981 3.53865e-13 0
1982 5.88082e-12 -0
1983 -1.94005e-12 0
1984 1.52434e-12 0
1985 -4.41887e-13 0
1986 -1.7378e-12 -0
1987 8.10514e-13 0
1988 -8.0948e-13 -0
1989 2.20731e-13 -0
1990 -2.74416e-12 -0
1991 1.15435e-12 -0
1992 -7.09666e-13 0
1993 2.11717e-13 -0
1994 1.21825e-12 0
1995 -3.7433e-12 0
1996 1.31669e-12 -0
1997 -3.67175e-13 0
1998 4.18668e-13 0
1999 -1.69314e-13 0
2000 -7.14567e-13 -0
2001 1.92698e-13 0
2002 -1.25171e-13 0
2003 5.07549e-12 -0
2004 -1.58466e-12 0
2005 2.78525e-12 0
2006 -1.43145e-12 -0
2007 4.06651e-13 -0
2008 4.32732e-12 -0
2009 -1.59135e-12 0
2010 1.39671e-12 -0
2011 -3.71548e-13 0
2012 -1.56256e-12 -0
2013 2.24296e-12 -0
2014 -7.39622e-13 0
2015 4.31219e-12 0
2016 -1.1698e-12 -0
2017 5.48125e-13 -0
2018 -3.96184e-13 0
2019 1.15288e-13 -0
2020 -2.97404e-13 0
2021 1.14795e-13 0
2022 7.64001e-13 0
2023 -4.20643e-13 0
2024 1.27447e-13 -0
2025 2.24572e-12 0
2026 -6.02901e-13 -0
2027 6.24315e-13 -0
2028 -2.65486e-13 0
2029 -1.13402e-12 -0
2030 3.17809e-13 -0
2031 -6.68036e-13 -0
2032 2.294e-13 0
2033 -1.87088e-13 -0
2034 2.00414e-12 0
2035 -5.49582e-13 0
2036 2.72e-13 0
2037 -3.53729e-13 0
2038 1.1405e-13 -0
2039 5.83023e-13 -0
2040 -1.55386e-13 0
2041 1.00715e-13 0
2042 -3.94776e-13 -0
2043 1.17493e-13 0
2044 -5.1956e-14 0
2045 -1.75817e-12 0
2046 6.46656e-13 0
2047 -1.06238e-12 0
