0 0 0
1 -0 -0
2 -0 0
3 0 -0
4 -0 0
5 10.9022 -0
6 -3.18917 0
7 1.39282 0
8 -1.34558 0
9 -6.48618 -0
10 1.80984 0
11 -0.686242 -0
12 2.71014 0
13 -1.98315 0
14 0.614315 0
15 2.19017 -0
16 -1.09465 0
17 0.300302 0
18 -0.397365 -0
19 -3.77503 -0
20 1.33757 -0
21 -0.381767 0
22 1.00476 -0
23 -0.546619 0
24 0.457855 -0
25 -0.146603 -0
26 -0.477759 0
27 0.194205 -0
28 -1.69968 -0
29 0.463553 0
30 -0.524787 0
31 0.157534 -0
32 0.974697 -0
33 -0.453596 -0
34 0.299178 -0
35 -0.0827645 0
36 -0.331145 0
37 0.525948 0
38 -0.192285 -0
39 1.07009 -0
40 -0.308991 -0
41 0.105903 -0
42 2.0324 0
43 -1.58693 -0
44 0.667973 0
45 2.11109 -0
46 -0.5948 0
47 1.31873 0
48 -0.687879 -0
49 0.209801 -0
50 -0.218977 0
51 0.0595957 0
52 -1.09813 -0
53 0.430196 0
54 1.4635 0
55 -0.915772 -0
56 0.298668 -0
57 -0.947055 -0
58 0.26079 -0
59 -0.375063 0
60 0.180152 -0
61 0.787861 0
62 -0.233369 0
63 0.208769 0
64 -0.0657669 0
65 -0.490795 -0
66 0.27938 -0
67 -0.0763813 0
68 0.133145 0
69 -0.0495388 0
70 -0.154959 0
71 0.0696401 0
72 -0.0197418 0
73 0.135219 0
74 -0.0940319 -0
75 0.0327292 -0
76 0.176523 0
77 -0.21442 0
78 0.059577 0
79 2.27149 0
80 -0.906658 0
81 0.274293 -0
82 1.02749 -0
83 -0.829941 0
84 0.225709 0
85 -0.545376 0
86 0.179981 0
87 -0.0919188 -0
88 0.419791 0
89 -0.12197 -0
90 0.0783115 0
91 0.259994 0
92 -0.11138 -0
93 0.111838 0
94 -0.0313551 -0
95 -0.390869 -0
96 0.140566 -0
97 -1.74018 0
98 0.543644 -0
99 -0.302756 -0
100 0.456722 0
101 -0.124429 0
102 -0.398166 0
103 0.153433 -0
104 -0.115603 -0
105 0.335816 0
106 -0.0963819 0
107 -0.402712 0
108 0.136195 -0
109 -0.0623352 -0
110 0.0787679 0
111 -0.0215722 -0
112 0.842653 0
113 -0.513128 0
114 0.152911 0
115 1.03012 -0
116 -0.953604 0
117 0.307911 0
118 -0.629421 0
119 0.260245 0
120 0.906637 0
121 -0.250223 0
122 0.122465 -0
123 -0.435209 -0
124 0.128054 0
125 -0.0869859 0
126 -0.271089 0
127 0.0951884 -0
128 -0.103772 -0
129 0.0283329 0
130 0.144084 0
131 -0.0442947 -0
132 0.0236006 -0
133 -0.039396 0
134 0.0111333 -0
135 0.167652 0
136 -0.0629594 -0
137 0.0544012 -0
138 -0.274703 -0
139 0.121628 -0
140 -0.033069 0
141 -0.127506 -0
142 0.0404994 -0
143 -0.0235849 0
144 0.242893 -0
145 -0.0676298 -0
146 0.0930535 -0
147 -0.0367998 0
148 -0.30833 0
149 0.220137 0
150 -0.073966 0
151 -0.238658 -0
152 0.0679135 -0
153 -0.032119 -0
154 0.0742421 -0
155 -0.0204044 -0
156 0.023865 0
157 0.1092 0
158 -0.0395908 -0
159 0.0119309 0
160 -0.938784 -0
161 0.72049 -0
162 -0.300576 -0
163 0.0876128 -0
164 0.319363 0
165 -0.584177 -0
166 0.191616 0
167 -0.105461 -0
168 0.0287147 -0
169 -0.0963997 -0
170 -0.302942 0
171 0.286392 -0
172 -0.0988758 -0
173 0.0276603 -0
174 -0.0170829 0
175 -0.0986762 0
176 0.0488058 -0
177 -0.302991 0
178 0.0942475 0
179 -0.0360467 -0
180 -0.938114 0
181 0.260005 0
182 -0.277166 0
183 0.119878 0
184 0.402672 0
185 -0.11592 0
186 0.0953571 0
187 -0.262829 -0
188 0.0804647 0
189 -0.053832 -0
190 -0.575544 0
191 0.156571 0
192 -0.0577259 0
193 0.0892698 -0
194 -0.0460787 0
195 -0.188312 -0
196 0.0555951 -0
197 -0.835275 0
198 0.336705 0
199 -0.0921323 -0
200 0.119041 -0
201 0.378322 -0
202 -0.12271 0
203 0.0706843 -0
204 -0.298544 -0
205 0.0839167 0
206 -0.0737898 0
207 0.0334766 -0
208 -0.070886 0
209 0.0241355 0
210 0.113338 -0
211 -0.0324365 0
212 0.0228657 0
213 1.74207 0
214 -0.621614 -0
215 0.171355 0
216 0.533307 0
217 -0.526256 -0
218 0.166464 0
219 -0.0781144 -0
220 0.601455 -0
221 -0.163951 0
222 0.322724 0
223 -0.125434 0
224 -0.432139 0
225 0.129209 -0
226 -0.08199 0
227 -0.580104 -0
228 0.306117 -0
229 -0.364794 -0
230 0.105668 0
231 -0.0350729 -0
232 0.10637 0
233 -0.0451649 0
234 -0.171554 -0
235 0.0471044 -0
236 -0.037391 -0
237 0.942128 0
238 -0.286201 -0
239 0.402919 -0
240 -0.195272 0
241 0.0530879 0
242 0.296008 0
243 -0.103493 0
244 0.0767576 0
245 0.252261 0
246 -0.0716364 0
247 0.180329 -0
248 -0.0739037 0
249 0.043578 -0
250 -0.0139019 -0
251 -0.123855 -0
252 0.137598 -0
253 -0.0381838 -0
254 0.143562 0
255 -0.0531735 -0
256 -0.165999 0
257 0.0487 0
258 -0.0443217 0
259 0.0223925 0
260 -0.00611745 0
261 0.00998848 -0
262 0.0427429 0
263 -0.0190539 0
264 0.00597563 -0
265 -0.035052 0
266 0.0228232 0
267 -0.00637668 0
268 -0.107404 -0
269 0.0387789 0
270 0.136821 0
271 -0.0769919 0
272 0.0228745 0
273 -0.040843 -0
274 0.0418109 -0
275 -0.0113765 0
276 0.0044783 0
277 -0.0502768 -0
278 0.0169478 0
279 0.108799 0
280 -0.0924612 -0
281 0.0260905 0
282 -0.0120394 0
283 -0.0379402 0
284 0.0117071 0
285 -0.0172295 -0
286 0.0118396 0
287 -0.00327141 -0
288 0.0156644 -0
289 -0.0059117 -0
290 -0.0232182 -0
291 0.0125019 0
292 -0.00402129 -0
293 -0.204718 0
294 0.056112 -0
295 -0.0695528 -0
296 0.0305581 0
297 0.151602 -0
298 -0.0437092 -0
299 0.0947907 -0
300 -0.0571387 0
301 0.0196568 0
302 0.0637166 0
303 -0.0173862 0
304 0.0125777 0
305 -0.383939 -0
306 0.154039 -0
307 -0.046331 0
308 0.130987 0
309 -0.0430957 0
310 -0.495262 -0
311 0.473249 0
312 -0.132854 -0
313 0.063351 -0
314 0.233499 -0
315 -0.0824021 -0
316 0.111123 0
317 -0.0302164 0
318 0.247157 0
319 -0.191331 0
320 0.0558667 -0
321 -0.0234106 -0
322 -0.0781687 0
323 0.146186 -0
324 -0.0416648 0
325 0.0218561 0
326 0.172115 -0
327 -0.0631651 -0
328 0.0726066 0
329 -0.0199746 -0
330 0.0815905 0
331 -0.0514032 -0
332 0.0157699 -0
333 0.0704844 -0
334 -0.0272728 0
335 -0.0854698 -0
336 0.0277988 0
337 -0.0226654 0
338 0.00630451 0
339 -0.0149127 0
340 0.0074147 -0
341 0.165144 0
342 -0.0449785 0
343 0.0193614 -0
344 -0.0329826 0
345 0.010282 0
346 0.0539 -0
347 -0.0308643 -0
348 0.00909718 -0
349 -0.00959474 -0
350 -0.0305954 -0
351 0.0106061 0
352 -0.0365994 -0
353 0.0103595 0
354 -0.00698107 -0
355 0.145982 0
356 -0.0600808 -0
357 0.0164328 0
358 -0.0143273 -0
359 -0.0516129 0
360 0.0172777 -0
361 -0.00945503 -0
362 0.050098 -0
363 -0.0151878 -0
364 -0.0907403 -0
365 0.0251249 -0
366 -0.0113474 -0
367 0.0148323 0
368 -0.00554543 0
369 -0.0172504 -0
370 0.00500424 0
371 -0.0037412 -0
372 0.00963138 0
373 -0.00261836 0
374 0.324537 0
375 -0.198758 -0
376 0.0711183 0
377 -0.0693744 0
378 0.0219756 0
379 0.0915076 0
380 -0.0445226 0
381 0.0127532 0
382 -0.0907264 -0
383 0.141673 -0
384 -0.056245 0
385 -0.576487 0
386 0.160609 0
387 0.553162 -0
388 -0.187662 0
389 0.121255 0
390 -0.0361737 -0
391 0.0723121 -0
392 -0.0367053 -0
393 0.00999757 -0
394 0.139794 0
395 -0.128088 0
396 0.0487634 -0
397 -0.157634 -0
398 0.0505597 0
399 0.163397 -0
400 -0.0448643 0
401 0.0492794 0
402 -0.0228165 -0
403 0.213284 -0
404 -0.0599895 -0
405 0.0419574 0
406 0.164475 0
407 -0.0508216 -0
408 0.0216493 -0
409 -0.0314051 -0
410 0.0183839 0
411 0.122419 0
412 -0.0332807 -0
413 0.0110104 -0
414 -0.0087976 -0
415 0.0383525 0
416 -0.0113367 0
417 -0.037662 0
418 0.0137003 -0
419 -0.0167678 0
420 0.00462258 0
421 -0.00247349 -0
422 -0.0115628 -0
423 0.00467929 0
424 -0.0105425 -0
425 0.00302877 0
426 0.39842 0
427 -0.125266 -0
428 0.104192 0
429 0.324035 0
430 -0.140973 -0
431 0.0386027 -0
432 -0.532818 -0
433 0.189435 0
434 -0.192234 -0
435 0.107644 -0
436 -0.031333 0
437 -0.171095 0
438 0.302171 0
439 -0.0846375 -0
440 0.0402043 -0
441 0.140588 -0
442 -0.0480431 -0
443 0.0345496 -0
444 -0.102832 -0
445 0.0313103 -0
446 -0.00852453 -0
447 -0.0687432 0
448 0.0268295 0
449 -0.0373643 -0
450 0.0248121 0
451 -0.161836 -0
452 0.0529399 -0
453 -0.0150513 -0
454 -0.0475914 0
455 0.0244552 -0
456 -0.0217233 0
457 0.00593039 -0
458 0.174315 0
459 -0.0724362 0
460 -0.304784 0
461 0.0913545 0
462 -0.19061 0
463 0.114327 -0
464 -0.0402576 -0
465 0.047584 -0
466 -0.0131604 0
467 -0.0486408 0
468 0.0221842 0
469 -0.0816977 0
470 0.0239456 -0
471 -0.0182293 0
472 0.00580629 0
473 -0.301526 -0
474 0.115741 -0
475 -0.186627 -0
476 0.0511783 0
477 0.172822 0
478 -0.0850455 -0
479 0.024307 0
480 0.176052 -0
481 -0.164828 -0
482 0.0548739 -0
483 -0.147787 0
484 0.0918864 0
485 -0.0249859 -0
486 -0.121987 0
487 0.0538235 0
488 -0.0167093 0
489 -0.0519716 -0
490 0.0560346 0
491 -0.0209011 0
492 0.0058043 -0
493 -0.095914 -0
494 0.0530914 0
495 -0.260902 -0
496 0.078776 0
497 -0.100574 -0
498 0.0410468 -0
499 0.533869 -0
500 -0.1544 0
501 0.121543 0
502 0.397367 -0
503 -0.138034 -0
504 0.0377239 -0
505 -0.0730723 -0
506 0.037927 0
507 0.152977 0
508 -0.0495034 0
509 0.0338387 -0
510 -0.009556 -0
511 0.0235667 -0
512 -0.00996359 0
513 -0.0584497 0
514 0.0160887 0
515 -0.0137783 -0
516 0.00502668 -0
517 -0.0458535 0
518 0.0136049 0
519 -0.0202992 0
520 0.00949002 -0
521 0.0297778 -0
522 -0.00831469 -0
523 0.00481614 -0
524 0.085854 0
525 -0.026241 0
526 0.0271296 -0
527 -0.104761 -0
528 0.0285668 0
529 -0.0108075 -0
530 -0.0391003 -0
531 0.0256211 -0
532 -0.00868177 0
533 -0.0383119 -0
534 0.0192546 -0
535 -0.00607811 -0
536 0.0102557 -0
537 -0.00290988 0
538 -0.0266089 -0
539 0.0196017 0
540 -0.00877326 0
541 0.00238615 -0
542 -0.00741578 -0
543 0.00833278 -0
544 -0.00299073 -0
545 -0.010339 -0
546 0.00303815 -0
547 -0.0183527 0
548 0.0073448 -0
549 -0.00397596 -0
550 0.00110268 0
551 0.00567785 -0
552 -0.00773117 -0
553 0.00249187 0
554 -0.00224959 -0
555 -0.00720125 -0
556 0.00202059 -0
557 -0.000974719 0
558 0.0223487 0
559 -0.00688301 0
560 0.00439239 -0
561 -0.00812166 0
562 0.00221004 0
563 -0.000758896 0
564 -0.0317565 0
565 0.0124759 -0
566 0.0475176 -0
567 -0.047327 0
568 0.0140873 0
569 -0.00835591 -0
570 0.0391392 -0
571 -0.0107446 -0
572 -0.0334741 0
573 0.014523 -0
574 -0.0103104 -0
575 0.0033985 0
576 -0.00746567 0
577 0.0021449 -0
578 0.0146935 -0
579 -0.00543152 -0
580 0.00654331 0
581 -0.00180738 -0
582 0.02146 -0
583 -0.0113809 -0
584 0.00356304 -0
585 -0.00300659 0
586 -0.00974666 -0
587 0.00266246 -0
588 0.0291284 0
589 -0.0133917 0
590 0.0204901 -0
591 -0.00718059 0
592 0.00208862 0
593 0.00988121 -0
594 -0.00559699 0
595 0.0156679 -0
596 -0.00441868 0
597 0.0018236 -0
598 -0.0136717 0
599 0.0104511 0
600 -0.00350593 -0
601 -0.0123984 0
602 0.00337145 -0
603 -0.00390918 -0
604 0.00151627 -0
605 0.0153521 0
606 -0.00478366 -0
607 0.0030623 0
608 0.00696967 0
609 -0.00200786 -0
610 0.00598806 -0
611 -0.00294403 -0
612 0.000967487 -0
613 -0.00100596 -0
614 -0.002725 -0
615 0.000770483 0
616 -0.000574298 0
617 0.00255235 -0
618 -0.000949255 -0
619 -0.00310437 0
620 0.00092246 0
621 -0.00157414 0
622 0.000735586 0
623 -0.000227941 -0
624 0.00626088 0
625 -0.00473262 0
626 0.001257 -0
627 0.0050481 0
628 -0.00184832 -0
629 0.00289201 -0
630 -0.00140176 0
631 0.000444469 -0
632 -0.00122158 -0
633 0.000334693 0
634 0.00264356 0
635 -0.00106154 0
636 0.00114768 -0
637 -0.00030521 0
638 0.000200988 -0
639 0.00392366 -0
640 -0.0013268 0
641 -0.00539703 0
642 0.00155225 0
643 -0.000922852 0
644 0.00300097 0
645 -0.00115426 0
646 0.000308232 0
647 -0.000265876 0
648 -0.0153295 -0
649 0.0048424 -0
650 -0.00236868 0
651 0.00419438 0
652 -0.00118629 0
653 -0.00514034 -0
654 0.00290507 -0
655 -0.00105389 -0
656 -0.00319101 0
657 0.00099739 0
658 -0.0029475 0
659 0.00203532 -0
660 -0.000584245 -0
661 0.000660746 0
662 0.00177382 -0
663 -0.000601052 -0
664 0.000263164 0
665 -0.0044459 -0
666 0.00122062 -0
667 -0.0017028 -0
668 0.000905763 0
669 0.00685014 0
670 -0.00206157 0
671 0.000805369 0
672 -0.00182817 -0
673 0.000510047 -0
674 0.0014191 0
675 -0.00123588 -0
676 0.000430274 -0
677 -0.00188382 -0
678 0.000951665 0
679 -0.000267092 0
680 -0.000948671 0
681 0.000635162 -0
682 -0.000203519 0
683 -0.000865221 0
684 0.00036437 0
685 -0.000350361 0
686 0.000102982 0
687 -0.00109054 -0
688 0.000409245 -0
689 0.00106588 -0
690 -0.000295577 0
691 0.000361956 -0
692 -0.00021505 0
693 6.58784e-05 -0
694 -0.0156648 -0
695 0.00689713 -0
696 -0.0151229 -0
697 0.00426174 0
698 0.0149743 0
699 -0.011749 0
700 0.00383032 0
701 -0.00673119 -0
702 0.00306243 0
703 0.0152813 0
704 -0.00419439 -0
705 0.00148951 0
706 -0.00152134 -0
707 0.0252504 -0
708 -0.00745646 0
709 0.00470948 -0
710 0.0147599 0
711 -0.00411467 0
712 0.0121387 0
713 -0.00498344 0
714 0.00151984 0
715 0.0141173 -0
716 -0.00727182 0
717 0.00545861 0
718 -0.00148837 -0
719 0.00223989 -0
720 -0.000756545 0
721 -0.00294142 -0
722 0.000850107 -0
723 -0.00356327 0
724 0.00137591 -0
725 -0.000780982 -0
726 -0.00235359 -0
727 0.000750977 0
728 -0.000737632 0
729 -0.0138904 0
730 0.00397526 0
731 -0.00194766 0
732 0.00255748 0
733 -0.000897398 -0
734 -0.00412017 -0
735 0.00113193 0
736 -0.000775483 -0
737 0.00751193 -0
738 -0.00233122 0
739 0.00453577 -0
740 -0.00189963 0
741 -0.00619103 -0
742 0.00172074 -0
743 -0.00149983 0
744 0.00055996 -0
745 -0.00311647 0
746 0.000912765 -0
747 -0.000540845 0
748 -0.00301148 0
749 0.000994084 0
750 -0.00251403 0
751 0.000687106 0
752 -0.000321194 0
753 -0.00100783 0
754 0.00107399 -0
755 -0.000321734 0
756 0.000173239 0
757 -0.00748134 0
758 0.00207655 -0
759 -0.00159793 -0
760 -0.00643802 -0
761 0.00250919 0
762 -0.00376334 -0
763 0.00119633 0
764 -0.00342982 0
765 0.000932382 0
766 -0.000395719 -0
767 -0.00688564 0
768 0.00471847 -0
769 -0.00168396 -0
770 -0.0057147 0
771 0.00160746 0
772 -0.00190251 0
773 0.000940985 0
774 -0.0091318 0
775 0.00244947 0
776 -0.000804338 0
777 -0.00414382 0
778 0.00242517 0
779 -0.000693856 -0
780 0.00162351 -0
781 -0.0014026 0
782 0.000427644 0
783 -0.000187048 -0
784 -0.00188398 0
785 0.000513738 0
786 -0.000677977 0
787 0.000249944 -0
788 0.000903411 -0
789 -0.00403232 -0
790 0.00117801 0
791 -0.000748862 0
792 0.000253487 -0
793 -0.000450882 0
794 0.000120962 -0
795 0.00057662 0
796 -0.000311528 -0
797 0.00012277 0
798 0.00353647 0
799 -0.000987908 0
800 0.00106824 -0
801 -0.00079043 -0
802 0.000239119 0
803 0.000881768 -0
804 -0.000369258 0
805 0.00116664 -0
806 -0.000321913 0
807 0.000100729 0
808 0.0129184 -0
809 -0.00619634 -0
810 0.00597826 0
811 0.0257028 -0
812 -0.00939999 0
813 0.00258974 0
814 -0.00615547 -0
815 0.00326849 0
816 -0.000939215 -0
817 0.0107295 0
818 -0.00776114 -0
819 0.002577 0
820 0.00769267 0
821 -0.0103047 0
822 0.00281319 -0
823 -0.00110151 0
824 -0.00921828 0
825 0.00277275 0
826 -0.00177209 -0
827 0.0085073 -0
828 -0.00391229 -0
829 -0.0129496 0
830 0.00381955 0
831 -0.00310916 -0
832 0.00106259 0
833 -0.00174368 -0
834 -0.0088174 -0
835 0.00247069 0
836 -0.000944925 -0
837 0.00104313 -0
838 -0.000570989 0
839 0.000156508 -0
840 0.00047762 -0
841 -0.000150441 0
842 0.00117993 -0
843 -0.000583043 0
844 -0.00874712 0
845 0.00314513 0
846 -0.00281766 0
847 0.000818813 -0
848 -0.00184293 -0
849 -0.00686646 0
850 0.00191682 0
851 -0.00119823 0
852 0.000392799 -0
853 -0.00133764 -0
854 0.000597368 0
855 0.00195822 -0
856 -0.000598406 -0
857 0.000740177 -0
858 -0.000203139 -0
859 -0.00101811 -0
860 0.000422338 0
861 -0.000684658 0
862 0.000407291 0
863 -0.000117056 -0
864 0.00635414 0
865 -0.00234275 -0
866 0.00245288 -0
867 0.0075776 -0
868 -0.00208459 -0
869 0.00155091 -0
870 -0.000526887 -0
871 0.00832671 0
872 -0.00256829 -0
873 0.00133854 0
874 0.00606123 0
875 -0.00176731 -0
876 0.00321803 0
877 -0.00135351 0
878 0.00114292 0
879 0.00341131 0
880 -0.000942065 -0
881 0.00378412 0
882 -0.00179062 0
883 0.000576398 0
884 0.00419844 0
885 -0.0011861 0
886 0.000804925 -0
887 -0.0011248 0
888 0.000404246 -0
889 0.00149837 0
890 -0.000410104 -0
891 0.0011121 0
892 -0.000445598 -0
893 0.00041641 -0
894 -0.000124366 -0
895 -0.00179583 0
896 0.00090716 0
897 -0.000299725 -0
898 -0.000867557 0
899 0.000242636 -0
900 -0.00015312 -0
901 0.00114226 -0
902 -0.000445081 0
903 0.000907393 -0
904 -0.000267376 0
905 -0.000842605 -0
906 0.000606003 0
907 -0.00020907 -0
908 0.000211946 0
909 -5.80462e-05 0
910 -0.0002655 0
911 0.000115297 -0
912 -0.000529981 0
913 0.000166595 -0
914 -9.58159e-05 0
915 2.69871e-05 0
916 -0.000667872 0
917 0.000773343 0
918 -0.000346109 -0
919 -0.00181228 -0
920 0.000515397 -0
921 -0.000381806 0
922 0.000131442 0
923 -0.000273948 -0
924 7.35753e-05 0
925 0.000848052 0
926 -0.000254085 -0
927 0.000344869 -0
928 -0.000180745 0
929 -0.000663176 -0
930 0.000246134 -0
931 -0.00131897 0
932 0.000357228 0
933 -0.000222605 0
934 6.91887e-05 0
935 0.000311355 0
936 -0.000132569 0
937 0.000144544 -0
938 -4.05994e-05 -0
939 5.95704e-06 -0
940 6.51726e-06 0
941 -3.20918e-06 0
942 5.48531e-05 0
943 -5.75014e-05 0
944 2.04953e-05 -0
945 2.16496e-05 0
946 -1.05342e-05 -0
947 3.2013e-05 0
948 -9.75027e-06 -0
949 2.78548e-05 0
950 -1.14257e-05 -0
951 2.6545e-06 -0
952 0.000548815 0
953 -0.000221117 -0
954 0.000194597 -0
955 -5.22369e-05 0
956 0.000162133 -0
957 -5.42092e-05 -0
958 -0.000251619 0
959 0.000163076 -0
960 -4.68006e-05 -0
961 8.2641e-05 0
962 -3.9536e-05 0
963 1.23428e-05 0
964 8.87204e-05 0
965 -2.40737e-05 -0
966 2.32202e-05 0
967 -1.00201e-05 0
968 -0.00120217 0
969 0.000374082 0
970 -0.000139948 0
971 -0.000439529 0
972 0.000369945 0
973 -0.000101739 -0
974 0.00019592 0
975 -0.000111275 -0
976 -0.00072383 -0
977 0.000210171 0
978 -0.00081752 0
979 0.000291864 0
980 -0.000224998 -0
981 6.28295e-05 -0
982 0.000175238 -0
983 -7.31385e-05 -0
984 9.98444e-05 -0
985 -3.17126e-05 0
986 -0.000161262 -0
987 4.76518e-05 0
988 -3.1452e-05 -0
989 0.0124925 0
990 -0.00339703 0
991 0.00158513 -0
992 0.00597984 -0
993 -0.00931036 -0
994 0.00310426 0
995 -0.00278892 -0
996 0.0010687 -0
997 -0.000298723 0
998 0.000814243 0
999 -0.000444317 0
1000 -0.00149472 -0
1001 0.00041019 0
1002 -0.00379427 0
1003 0.00121124 -0
1004 -0.00133753 0
1005 0.000594926 -0
1006 0.00293749 0
1007 -0.000885989 -0
1008 0.000517489 0
1009 -0.00290048 0
1010 0.000817851 -0
1011 -0.000296082 -0
1012 -0.00507195 0
1013 0.00397943 -0
1014 -0.00167941 0
1015 0.00346622 -0
1016 -0.000947951 0
1017 -0.00297678 0
1018 0.00150036 0
1019 -0.000434336 0
1020 0.000621371 -0
1021 0.00248591 0
1022 -0.00086107 0
1023 0.000587158 -0
1024 -0.000178967 0
1025 0.00066512 -0
1026 -0.000653302 0
1027 0.000180272 -0
1028 0.00199537 0
1029 -0.000745538 0
1030 0.000388219 0
1031 0.00125902 0
1032 -0.000406399 -0
1033 0.000110642 0
1034 -0.000190145 -0
1035 0.00297645 0
1036 -0.00120728 -0
1037 0.000343344 -0
1038 -0.000247612 -0
1039 -0.00149009 -0
1040 0.000441088 -0
1041 -0.000528557 0
1042 0.000254345 -0
1043 0.000938974 -0
1044 -0.000317906 -0
1045 0.000792497 0
1046 -0.000216223 -0
1047 0.000130739 -0
1048 -4.06253e-05 0
1049 -0.00017258 -0
1050 0.00015119 -0
1051 -5.98726e-05 0
1052 0.000282364 -0
1053 -7.92894e-05 0
1054 -0.000246879 0
1055 0.000112275 0
1056 -0.000116588 0
1057 3.48305e-05 -0
1058 0.000663296 -0
1059 -0.000238485 -0
1060 0.000148976 0
1061 -4.0979e-05 -0
1062 0.000129303 -0
1063 -0.000173892 -0
1064 7.40458e-05 -0
1065 0.000391363 -0
1066 -0.000109132 -0
1067 5.80531e-05 0
1068 -0.000643191 -0
1069 0.000215968 0
1070 0.000746451 -0
1071 -0.000219548 0
1072 0.000175173 0
1073 -0.000337184 0
1074 9.17188e-05 -0
1075 -3.3782e-05 0
1076 -0.000245773 0
1077 0.000162795 0
1078 -5.15718e-05 0
1079 -0.000164454 0
1080 8.16212e-05 0
1081 -2.31599e-05 0
1082 2.65655e-05 -0
1083 -0.000163452 -0
1084 5.00133e-05 0
1085 -2.85723e-05 -0
1086 -0.000130582 -0
1087 3.56625e-05 0
1088 -5.79999e-05 -0
1089 2.20776e-05 0
1090 -0.000509205 -0
1091 0.00017459 -0
1092 -0.000128858 0
1093 3.56859e-05 -0
1094 0.000128201 0
1095 -5.66273e-05 -0
1096 0.000121558 -0
1097 -3.99365e-05 -0
1098 3.98532e-05 -0
1099 -1.14448e-05 0
1100 -0.000114039 -0
1101 4.56774e-05 0
1102 -0.000177599 0
1103 4.8343e-05 0
1104 0.000151282 0
1105 -8.34581e-05 0
1106 2.582e-05 -0
1107 -3.27312e-05 -0
1108 1.5499e-05 0
1109 0.000653725 0
1110 -0.000192504 -0
1111 0.000166322 -0
1112 0.000611029 0
1113 -0.000168341 -0
1114 6.03527e-05 0
1115 -4.28788e-05 0
1116 0.000360507 -0
1117 -0.000117023 0
1118 0.000178899 -0
1119 -5.01098e-05 0
1120 -0.000291282 0
1121 0.000114902 -0
1122 -6.92453e-05 -0
1123 -0.000213543 0
1124 6.11039e-05 -0
1125 -0.000191465 -0
1126 9.41234e-05 -0
1127 -8.71201e-05 -0
1128 2.60484e-05 -0
1129 0.000266884 -0
1130 -7.29358e-05 -0
1131 3.18456e-05 -0
1132 -6.12521e-05 0
1133 2.25131e-05 0
1134 9.1096e-05 0
1135 -6.02607e-05 -0
1136 1.91176e-05 0
1137 -0.000109657 -0
1138 3.03273e-05 -0
1139 -3.38106e-05 -0
1140 -0.000101158 0
1141 5.25559e-05 -0
1142 -1.84667e-05 -0
1143 5.37345e-06 -0
1144 4.26141e-05 0
1145 -0.00012227 -0
1146 5.86647e-05 0
1147 -1.68143e-05 0
1148 -4.25059e-05 0
1149 3.48349e-05 0
1150 -1.18774e-05 -0
1151 1.8577e-05 -0
1152 -5.20262e-06 0
1153 -1.53572e-05 -0
1154 6.29291e-06 -0
1155 -3.91904e-06 -0
1156 0.000115419 -0
1157 -3.60451e-05 0
1158 3.85097e-05 -0
1159 -1.62757e-05 0
1160 -5.43832e-05 0
1161 1.50183e-05 -0
1162 -4.93576e-05 0
1163 1.46022e-05 -0
1164 -1.25006e-05 0
1165 4.3314e-06 -0
1166 2.27135e-05 0
1167 -1.51229e-05 0
1168 4.36662e-06 0
1169 1.0715e-05 -0
1170 -4.15235e-06 0
1171 8.25993e-06 0
1172 -4.63645e-06 0
1173 1.30655e-06 -0
1174 -7.36409e-06 -0
1175 2.38614e-06 -0
1176 -3.12821e-06 -0
1177 -8.7087e-06 0
1178 3.99118e-06 -0
1179 -1.21916e-06 0
1180 0.000187455 -0
1181 -5.12735e-05 -0
1182 4.61304e-05 0
1183 -1.86978e-05 0
1184 -9.97536e-05 0
1185 6.97578e-05 0
1186 -2.18957e-05 0
1187 0.00020513 -0
1188 -5.71671e-05 -0
1189 8.913e-05 0
1190 -4.27748e-05 -0
1191 -0.000158057 -0
1192 5.61419e-05 -0
1193 -3.16867e-05 0
1194 9.09053e-06 -0
1195 -3.07235e-05 -0
1196 -9.47843e-05 -0
1197 3.18584e-05 0
1198 -3.06274e-05 0
1199 8.39004e-06 -0
1200 0.000106736 -0
1201 -4.5837e-05 0
1202 3.35993e-05 0
1203 -1.00157e-05 -0
1204 2.27238e-05 0
1205 0.000101639 -0
1206 -3.79771e-05 0
1207 1.07399e-05 -0
1208 -1.23039e-05 0
1209 6.55363e-06 0
1210 -0.000260264 -0
1211 8.4981e-05 0
1212 0.000294029 -0
1213 -8.02279e-05 -0
1214 4.8939e-05 -0
1215 -7.2242e-05 0
1216 2.19517e-05 0
1217 0.000145847 -0
1218 -6.40027e-05 0
1219 0.000166715 0
1220 -4.60291e-05 0
1221 3.72849e-05 -0
1222 -1.28894e-05 -0
1223 -3.92843e-05 -0
1224 1.49178e-05 0
1225 -0.000104815 -0
1226 3.02795e-05 0
1227 -1.39211e-05 0
1228 -0.000269945 -0
1229 0.00032129 0
1230 -8.7622e-05 -0
1231 5.89297e-05 0
1232 -1.90369e-05 -0
1233 -6.19888e-05 -0
1234 0.000126532 -0
1235 -5.06673e-05 0
1236 1.47861e-05 0
1237 -7.50066e-06 0
1238 3.92485e-05 0
1239 -1.09229e-05 0
1240 -3.86781e-05 -0
1241 3.27865e-05 -0
1242 -1.18688e-05 -0
1243 -8.63626e-05 -0
1244 2.62108e-05 0
1245 -1.56043e-05 -0
1246 2.10599e-05 -0
1247 -5.79967e-06 0
1248 2.12358e-05 0
1249 -8.94755e-06 0
1250 -2.80814e-05 0
1251 7.95787e-06 0
1252 -7.79483e-06 0
1253 2.63941e-06 -0
1254 -3.91193e-05 0
1255 2.79891e-05 -0
1256 -8.61067e-06 -0
1257 -3.57718e-05 0
1258 1.68198e-05 0
1259 -4.58841e-06 0
1260 7.80161e-06 -0
1261 -3.01821e-06 -0
1262 -2.86433e-05 0
1263 8.46409e-06 0
1264 -6.61765e-06 0
1265 -2.00944e-05 0
1266 9.9259e-06 0
1267 -2.78726e-06 -0
1268 7.75579e-06 -0
1269 -2.73603e-06 0
1270 -1.40122e-05 0
1271 8.72976e-06 -0
1272 -2.80268e-06 -0
1273 3.06508e-06 0
1274 -8.42403e-07 0
1275 6.15393e-05 -0
1276 -2.52588e-05 -0
1277 4.45885e-05 0
1278 -1.26862e-05 0
1279 -5.23439e-05 0
1280 2.73719e-05 -0
1281 -0.000108278 0
1282 3.53705e-05 -0
1283 -3.25243e-05 -0
1284 8.97717e-06 0
1285 2.95593e-05 -0
1286 -1.07327e-05 0
1287 1.33318e-05 0
1288 -3.98004e-06 -0
1289 6.1659e-05 -0
1290 -3.38272e-05 0
1291 9.1895e-06 -0
1292 6.82527e-05 0
1293 -3.00566e-05 -0
1294 2.03688e-05 -0
1295 -6.31394e-06 -0
1296 1.45596e-05 -0
1297 5.57695e-05 -0
1298 -2.18407e-05 0
1299 5.91443e-06 0
1300 -8.17377e-06 -0
1301 2.37821e-06 0
1302 -1.26122e-05 -0
1303 7.85914e-06 0
1304 -2.70789e-06 -0
1305 -1.39847e-05 0
1306 3.94911e-06 0
1307 -3.36625e-06 -0
1308 -0.000144335 0
1309 7.35293e-05 -0
1310 -2.43938e-05 -0
1311 -7.8015e-05 0
1312 2.1673e-05 0
1313 -4.02032e-05 -0
1314 1.72265e-05 0
1315 -1.31103e-05 -0
1316 3.9832e-06 -0
1317 -3.614e-05 -0
1318 1.32225e-05 0
1319 4.52194e-05 0
1320 -1.23906e-05 0
1321 1.28914e-05 0
1322 -6.05511e-06 -0
1323 -7.79732e-05 -0
1324 2.24068e-05 0
1325 -7.27048e-05 0
1326 4.12517e-05 0
1327 -1.29385e-05 0
1328 1.5476e-05 -0
1329 -4.20633e-06 -0
1330 -1.98293e-05 0
1331 8.05874e-06 0
1332 -1.66889e-05 -0
1333 5.64442e-06 0
1334 -3.62414e-06 0
1335 -1.40232e-05 0
1336 3.93433e-06 0
1337 -1.49878e-06 0
1338 6.51115e-06 0
1339 -4.72001e-06 -0
1340 1.39148e-06 0
1341 8.96702e-06 -0
1342 -4.45774e-06 0
1343 7.01696e-06 -0
1344 -1.93269e-06 0
1345 -6.62978e-06 0
1346 2.1466e-06 -0
1347 -1.88788e-06 0
1348 8.48569e-07 0
1349 4.11355e-05 0
1350 -1.11995e-05 -0
1351 4.01771e-06 -0
1352 -2.96492e-05 0
1353 2.98723e-05 0
1354 -8.67123e-06 -0
1355 -2.78142e-05 -0
1356 1.51661e-05 -0
1357 -4.70229e-06 -0
1358 -4.26149e-05 -0
1359 1.79837e-05 -0
1360 -2.44606e-05 -0
1361 6.69921e-06 0
1362 -1.87049e-05 0
1363 1.47807e-05 0
1364 -4.45491e-06 -0
1365 -2.21432e-05 -0
1366 8.65876e-06 -0
1367 -5.07523e-06 0
1368 1.41869e-06 0
1369 4.37358e-06 0
1370 -1.50515e-06 -0
1371 3.41138e-06 -0
1372 -2.30799e-06 0
1373 6.62236e-07 -0
1374 -1.16272e-05 0
1375 5.62479e-06 -0
1376 -1.53376e-06 -0
1377 -5.85279e-06 -0
1378 6.7492e-06 -0
1379 -2.14455e-06 -0
1380 7.98686e-07 0
1381 1.39734e-05 0
1382 -2.30413e-05 0
1383 6.34527e-06 0
1384 -3.89039e-06 -0
1385 1.42482e-05 -0
1386 -4.72282e-06 0
1387 -1.60456e-05 0
1388 7.04761e-06 0
1389 -6.62735e-06 -0
1390 1.97712e-06 0
1391 1.45136e-05 0
1392 -3.9504e-06 0
1393 2.05138e-06 0
1394 -1.14181e-05 -0
1395 4.60094e-06 0
1396 -3.74965e-06 0
1397 1.0591e-06 0
1398 3.32318e-06 0
1399 -1.17505e-06 -0
1400 2.0697e-06 -0
1401 -6.32666e-07 0
1402 -2.61552e-06 0
1403 1.95607e-06 0
1404 -5.42764e-07 -0
1405 2.20326e-05 0
1406 -9.96767e-06 -0
1407 2.38225e-05 0
1408 -6.8567e-06 -0
1409 2.57578e-06 -0
1410 1.56108e-05 0
1411 -1.64509e-05 -0
1412 5.35302e-06 0
1413 -2.85036e-06 0
1414 2.19529e-05 -0
1415 -5.97418e-06 -0
1416 3.88624e-06 -0
1417 1.34918e-05 0
1418 -4.21136e-06 0
1419 5.3063e-06 0
1420 -2.19507e-06 0
1421 6.12146e-07 0
1422 9.71517e-06 0
1423 -1.92666e-05 0
1424 6.96056e-06 -0
1425 -3.90501e-06 -0
1426 1.14243e-06 -0
1427 4.24198e-06 -0
1428 -3.77762e-06 0
1429 1.02505e-06 0
1430 -3.8699e-06 0
1431 1.84317e-06 -0
1432 -6.24085e-07 0
1433 -2.93762e-06 0
1434 4.25655e-06 -0
1435 -1.20716e-06 0
1436 -3.94382e-06 -0
1437 1.21183e-06 -0
1438 -8.37174e-07 0
1439 3.30661e-07 0
1440 -9.78347e-07 0
1441 2.71153e-07 0
1442 2.61764e-06 0
1443 -2.53728e-06 0
1444 1.25279e-06 -0
1445 -4.00368e-07 0
1446 4.67958e-06 -0
1447 -1.26744e-06 -0
1448 7.85565e-07 0
1449 3.39891e-06 0
1450 -1.17536e-06 0
1451 1.31053e-06 0
1452 -3.86443e-07 -0
1453 1.66612e-07 -0
1454 1.18298e-05 0
1455 -9.90824e-06 -0
1456 2.74236e-06 0
1457 8.22779e-06 0
1458 -3.17713e-06 -0
1459 6.37641e-06 0
1460 -1.86447e-06 0
1461 1.27633e-05 0
1462 -7.68103e-06 -0
1463 2.57359e-06 0
1464 1.42704e-05 0
1465 -6.68438e-06 -0
1466 1.83255e-06 0
1467 -2.90891e-06 -0
1468 -9.40817e-06 0
1469 2.86987e-06 -0
1470 -2.18553e-06 -0
1471 8.10103e-07 -0
1472 -2.44062e-06 0
1473 6.93606e-07 -0
1474 -3.83297e-07 -0
1475 -5.76081e-06 -0
1476 2.38279e-06 0
1477 -2.50621e-06 0
1478 6.85051e-07 0
1479 3.07162e-06 0
1480 -9.76963e-07 0
1481 5.52069e-06 -0
1482 -2.82771e-06 -0
1483 -8.4955e-06 -0
1484 2.44139e-06 0
1485 -3.28514e-06 0
1486 1.17678e-06 -0
1487 -1.02641e-06 -0
1488 2.8287e-07 -0
1489 9.60147e-07 0
1490 -4.10856e-07 0
1491 1.13164e-06 -0
1492 -3.40422e-07 0
1493 1.5565e-05 -0
1494 -1.00105e-05 0
1495 3.30179e-06 -0
1496 -9.21914e-07 0
1497 1.70922e-06 -0
1498 -9.8553e-07 0
1499 -5.04704e-06 0
1500 1.95907e-06 -0
1501 -5.3481e-07 0
1502 4.42554e-06 0
1503 -3.17213e-06 0
1504 -1.08774e-05 -0
1505 3.3859e-06 -0
1506 -1.52269e-06 -0
1507 1.88077e-06 -0
1508 -5.41383e-07 0
1509 -5.49321e-06 0
1510 1.85155e-06 0
1511 -1.78504e-06 0
1512 9.35399e-07 0
1513 2.85449e-06 0
1514 -7.91323e-07 -0
1515 1.84406e-06 0
1516 -6.46777e-07 -0
1517 2.81442e-06 -0
1518 -7.92878e-07 0
1519 6.33021e-07 -0
1520 2.42606e-06 0
1521 -9.1402e-07 -0
1522 4.46869e-07 -0
1523 -1.3508e-07 0
1524 1.90891e-07 0
1525 1.14323e-06 -0
1526 -3.1264e-07 0
1527 2.08797e-07 -0
1528 -2.49186e-06 -0
1529 8.07558e-07 0
1530 -3.28311e-07 0
1531 -1.05247e-06 0
1532 3.08584e-07 0
1533 -3.43309e-07 0
1534 1.58497e-07 -0
1535 2.28411e-06 0
1536 -6.29391e-07 0
1537 1.08087e-06 -0
1538 -6.39147e-07 -0
1539 2.30686e-07 -0
1540 -8.07647e-07 -0
1541 2.26266e-07 -0
1542 9.04334e-07 -0
1543 -2.77634e-07 -0
1544 2.54859e-07 0
1545 -1.10401e-07 0
1546 -3.39635e-07 -0
1547 9.25802e-08 0
1548 -2.47978e-06 -0
1549 1.31966e-06 0
1550 -4.51312e-07 0
1551 3.32957e-07 -0
1552 -9.82569e-08 0
1553 -7.08504e-07 0
1554 1.07482e-06 0
1555 -3.40657e-07 -0
1556 7.43897e-07 0
1557 -2.97392e-07 -0
1558 -1.0619e-06 0
1559 3.04363e-07 -0
1560 -1.87178e-07 0
1561 8.65017e-07 -0
1562 -2.36884e-07 0
1563 2.82948e-07 0
1564 -1.03544e-07 -0
1565 -3.05199e-06 -0
1566 1.4609e-06 0
1567 -4.15572e-07 -0
1568 -1.74126e-06 -0
1569 1.3857e-06 0
1570 -4.48524e-07 -0
1571 -1.40864e-06 0
1572 3.86133e-07 -0
1573 -3.94104e-07 0
1574 2.2257e-07 -0
1575 -7.58534e-07 -0
1576 2.21595e-07 -0
1577 -8.7803e-08 -0
1578 -6.66118e-07 -0
1579 4.6015e-07 0
1580 -1.28392e-07 0
1581 -3.71824e-07 0
1582 1.29835e-07 -0
1583 -1.07452e-06 -0
1584 5.45369e-07 -0
1585 -1.71492e-07 0
1586 3.39542e-07 0
1587 -3.02062e-07 -0
1588 9.11761e-08 0
1589 -3.9351e-08 0
1590 -2.25408e-07 0
1591 6.25235e-08 0
1592 -8.86707e-08 0
1593 3.39628e-08 -0
1594 1.18853e-07 0
1595 -3.25538e-08 -0
1596 8.77423e-08 -0
1597 -4.01979e-08 0
1598 -3.0122e-07 0
1599 1.03253e-07 -0
1600 -7.74339e-08 -0
1601 2.22637e-08 -0
1602 5.08805e-08 0
1603 -5.94597e-08 0
1604 1.82221e-08 -0
1605 -3.4032e-07 -0
1606 1.88867e-07 0
1607 -6.86137e-08 0
1608 -2.54201e-07 -0
1609 7.47658e-08 -0
1610 -6.44554e-08 -0
1611 2.72678e-08 0
1612 -1.24926e-07 0
1613 3.47382e-08 -0
1614 -6.0262e-08 -0
1615 3.72913e-08 0
1616 1.05338e-07 -0
1617 -3.48157e-08 0
1618 1.09154e-08 0
1619 -3.77971e-07 -0
1620 1.88599e-07 -0
1621 -5.17131e-08 -0
1622 6.75076e-08 -0
1623 2.61596e-07 0
1624 -9.78116e-08 -0
1625 6.45013e-08 0
1626 -1.82908e-08 -0
1627 -1.57301e-07 0
1628 3.48557e-07 -0
1629 -1.55743e-07 0
1630 5.31785e-08 -0
1631 1.66067e-07 -0
1632 -4.66339e-08 0
1633 5.42447e-08 -0
1634 -3.70779e-07 -0
1635 1.13239e-07 0
1636 -5.91586e-08 -0
1637 5.10636e-08 0
1638 -1.39872e-08 -0
1639 -6.82691e-08 -0
1640 2.68799e-08 0
1641 -8.17565e-08 -0
1642 2.40717e-08 0
1643 -1.41777e-08 -0
1644 -4.04907e-08 -0
1645 1.30319e-08 0
1646 -1.26273e-08 -0
1647 8.60857e-07 -0
1648 -2.43398e-07 -0
1649 1.01014e-07 -0
1650 -1.42127e-07 0
1651 -5.66149e-07 0
1652 1.54101e-07 -0
1653 -1.16805e-07 -0
1654 4.08564e-08 0
1655 -9.15678e-08 0
1656 4.20525e-08 0
1657 3.90056e-07 0
1658 -1.07272e-07 -0
1659 6.61089e-08 0
1660 -2.16791e-08 0
1661 -7.36344e-08 -0
1662 3.59303e-07 -0
1663 -1.05185e-07 -0
1664 3.9093e-08 0
1665 -4.45928e-08 0
1666 3.16534e-08 -0
1667 -9.68318e-09 -0
1668 -4.59829e-08 0
1669 2.19642e-08 -0
1670 -2.05619e-07 -0
1671 5.54939e-08 0
1672 -9.31818e-08 -0
1673 2.65189e-08 0
1674 -1.0594e-08 -0
1675 -2.1272e-07 -0
1676 1.18311e-07 0
1677 4.14953e-07 -0
1678 -1.42056e-07 -0
1679 3.94429e-08 -0
1680 -3.93958e-08 -0
1681 1.31674e-07 0
1682 -4.09758e-08 0
1683 1.81185e-08 0
1684 1.02095e-07 -0
1685 -2.77303e-08 0
1686 1.891e-08 0
1687 -2.81779e-08 0
1688 1.01157e-08 0
1689 -2.7383e-08 -0
1690 7.32621e-09 0
1691 5.2091e-08 0
1692 -2.49453e-08 0
1693 1.89716e-08 0
1694 -5.05112e-09 -0
1695 3.79918e-09 -0
1696 -8.99268e-10 0
1697 1.37266e-10 -0
1698 6.86178e-09 -0
1699 -4.48413e-09 0
1700 1.35779e-09 0
1701 1.50971e-08 0
1702 -6.97731e-09 -0
1703 1.08152e-08 0
1704 -3.13236e-09 0
1705 -2.97621e-10 -0
1706 1.42751e-09 -0
1707 -6.65239e-10 0
1708 5.16072e-09 0
1709 -1.31355e-09 -0
1710 -5.0341e-11 -0
1711 3.19929e-10 0
1712 -1.33861e-10 0
1713 1.51341e-07 -0
1714 -1.59396e-07 0
1715 6.22168e-08 0
1716 -1.88074e-08 -0
1717 -6.44588e-08 0
1718 3.47893e-08 0
1719 -1.34423e-07 -0
1720 4.71029e-08 0
1721 -1.31096e-08 -0
1722 9.49109e-09 0
1723 1.01666e-07 -0
1724 -5.11823e-08 -0
1725 9.37475e-08 -0
1726 -2.56491e-08 -0
1727 8.00492e-09 0
1728 3.29297e-08 -0
1729 -2.83865e-08 -0
1730 1.22233e-08 -0
1731 -1.05877e-07 -0
1732 3.13463e-08 0
1733 -3.88752e-08 -0
1734 1.04494e-08 -0
1735 -5.9649e-09 0
1736 -3.42533e-08 0
1737 1.14826e-08 0
1738 -2.66595e-08 -0
1739 9.5709e-09 -0
1740 -6.16515e-09 -0
1741 1.7193e-09 0
1742 6.47986e-09 0
1743 -2.89921e-09 -0
1744 4.37868e-09 0
1745 -1.1732e-09 -0
1746 -1.84806e-08 0
1747 5.97973e-09 0
1748 -5.56549e-09 -0
1749 1.62881e-09 -0
1750 -7.97448e-09 0
1751 3.19432e-09 0
1752 1.26743e-08 -0
1753 -3.48622e-09 -0
1754 1.94705e-09 0
1755 1.3319e-08 0
1756 -1.81104e-08 -0
1757 5.69302e-09 0
1758 -2.73667e-09 0
1759 9.26529e-09 -0
1760 -2.63287e-09 -0
1761 2.1101e-09 0
1762 -7.88698e-10 0
1763 -3.40624e-08 -0
1764 9.21147e-09 -0
1765 -2.12234e-08 -0
1766 1.36773e-08 0
1767 4.82206e-08 0
1768 -1.67114e-08 -0
1769 4.57077e-09 0
1770 -4.74863e-09 -0
1771 1.46343e-09 -0
1772 6.45757e-09 -0
1773 -2.57384e-09 0
1774 2.08181e-08 0
1775 -6.05433e-09 -0
1776 4.51239e-09 -0
1777 -2.36945e-09 0
1778 -1.98707e-08 0
1779 5.5243e-09 -0
1780 -6.5026e-09 -0
1781 2.34374e-09 -0
1782 7.85235e-09 -0
1783 -3.33615e-09 0
1784 9.967e-09 -0
1785 -2.71208e-09 -0
1786 8.95781e-10 -0
1787 1.84473e-08 0
1788 -1.16799e-08 0
1789 2.34523e-08 0
1790 -7.21388e-09 -0
1791 -2.54358e-08 0
1792 1.25611e-08 -0
1793 -3.66285e-09 -0
1794 2.72004e-09 -0
1795 7.36475e-09 0
1796 -2.0543e-09 -0
1797 2.18968e-09 -0
1798 -8.71658e-10 0
1799 5.67493e-09 0
1800 -1.8766e-09 -0
1801 3.21463e-09 -0
1802 -9.49017e-10 -0
1803 -2.57704e-09 0
1804 1.36089e-09 -0
1805 -5.78863e-10 0
1806 2.31732e-08 0
1807 -6.32554e-09 0
1808 5.40976e-09 0
1809 -1.82145e-09 0
1810 3.29414e-09 -0
1811 1.5097e-08 -0
1812 -4.56434e-09 0
1813 2.58972e-09 -0
1814 -7.22098e-10 0
1815 -7.48871e-09 -0
1816 3.31906e-09 0
1817 -4.13099e-09 -0
1818 1.11814e-09 -0
1819 -6.31252e-09 0
1820 2.21247e-09 0
1821 -1.70662e-09 -0
1822 -1.08075e-08 -0
1823 3.17318e-09 -0
1824 -7.90721e-09 0
1825 4.90604e-09 -0
1826 -1.54002e-09 -0
1827 -5.72133e-09 -0
1828 1.53664e-09 -0
1829 -7.53988e-10 -0
1830 7.8155e-10 0
1831 -3.04209e-10 -0
1832 -4.07462e-09 0
1833 1.16585e-09 0
1834 -3.20431e-09 -0
1835 1.11017e-09 -0
1836 2.71261e-09 0
1837 -1.59559e-09 -0
1838 4.76203e-10 -0
1839 -3.7373e-10 -0
1840 1.70449e-09 0
1841 -5.66833e-10 0
1842 4.32142e-10 -0
1843 -9.78703e-11 0
1844 -1.82182e-09 -0
1845 7.4239e-10 0
1846 -2.17576e-10 -0
1847 1.67934e-10 -0
1848 -1.66012e-11 -0
1849 -7.0893e-12 -0
1850 1.44293e-09 0
1851 -6.20983e-10 0
1852 5.72028e-10 0
1853 -1.59113e-10 -0
1854 -8.96514e-10 0
1855 2.9888e-10 -0
1856 -1.83052e-10 0
1857 4.75242e-11 -0
1858 2.9607e-11 0
1859 -1.95901e-11 0
1860 9.48526e-11 0
1861 -3.49355e-11 -0
1862 2.54934e-11 0
1863 -1.89275e-12 -0
1864 -1.18506e-12 -0
1865 1.13468e-09 0
1866 -1.12823e-09 -0
1867 3.39111e-10 -0
1868 1.24869e-09 0
1869 -5.66944e-10 -0
1870 1.61158e-10 -0
1871 -5.71168e-10 -0
1872 3.64228e-10 -0
1873 8.15129e-10 -0
1874 -2.69677e-10 -0
1875 2.33029e-10 -0
1876 -8.98495e-11 0
1877 1.45392e-10 0
1878 -4.29425e-11 -0
1879 1.01786e-08 0
1880 -4.93274e-09 0
1881 1.36044e-09 0
1882 5.38608e-09 -0
1883 -1.8528e-08 -0
1884 5.63226e-09 -0
1885 -3.18753e-09 0
1886 3.24422e-09 -0
1887 -1.12251e-09 -0
1888 -6.0799e-09 -0
1889 1.65267e-09 -0
1890 -6.78969e-10 0
1891 -2.1736e-09 -0
1892 1.36645e-09 0
1893 -2.69309e-09 -0
1894 7.64616e-10 0
1895 1.32768e-08 -0
1896 -4.40121e-09 0
1897 2.01396e-09 -0
1898 -2.32511e-09 -0
1899 6.37424e-10 -0
1900 -3.20996e-09 0
1901 1.21203e-09 0
1902 -9.13104e-10 0
1903 -3.73094e-09 -0
1904 1.09326e-09 0
1905 -2.62063e-09 0
1906 8.45028e-10 0
1907 -4.59826e-10 -0
1908 -3.02647e-09 -0
1909 8.34669e-10 0
1910 -7.58818e-10 -0
1911 -2.33069e-09 -0
1912 7.22509e-10 -0
1913 -3.16191e-10 0
1914 5.84267e-09 0
1915 -2.07406e-09 0
1916 2.6082e-09 -0
1917 -7.27715e-10 -0
1918 5.07976e-10 0
1919 1.77845e-09 0
1920 -5.27308e-10 0
1921 3.64999e-09 0
1922 -1.80362e-09 -0
1923 4.91133e-10 -0
1924 -8.31421e-10 -0
1925 2.81903e-10 0
1926 3.29315e-09 -0
1927 -1.38427e-09 -0
1928 9.14052e-10 0
1929 -2.57796e-10 -0
1930 7.98569e-10 -0
1931 2.62294e-09 -0
1932 -1.00934e-09 -0
1933 9.82198e-10 0
1934 -2.95992e-10 -0
1935 -1.54094e-09 -0
1936 8.16035e-10 0
1937 -2.3485e-10 -0
1938 3.32971e-10 0
1939 -1.38259e-09 -0
1940 3.79257e-10 0
1941 -2.33463e-10 -0
1942 -9.01151e-10 0
1943 2.85957e-10 -0
1944 -1.1629e-10 -0
1945 1.00121e-10 0
1946 2.24934e-09 0
1947 -6.17931e-10 -0
1948 2.26783e-10 0
1949 6.43401e-10 -0
1950 -3.02872e-10 -0
1951 7.43697e-10 -0
1952 -2.18206e-10 -0
1953 2.42481e-10 0
1954 -6.78471e-11 -0
1955 -2.69961e-10 -0
1956 2.20169e-10 -0
1957 -7.27023e-11 -0
1958 8.78164e-10 0
1959 -4.98584e-10 -0
1960 1.54285e-10 -0
1961 -2.47382e-10 -0
1962 9.23962e-11 0
1963 4.97897e-10 0
1964 -1.36858e-10 0
1965 4.01498e-10 0
1966 -1.81747e-10 0
1967 -5.23441e-10 0
1968 1.5059e-10 -0
1969 -1.11188e-10 -0
1970 3.89869e-11 -0
1971 2.0017e-10 0
1972 -1.09498e-10 -0
1973 1.72633e-10 0
1974 -4.85286e-11 0
1975 -9.94445e-11 -0
1976 3.33686e-11 -0
1977 -2.22509e-11 -0
1978 2.42482e-10 -0
1979 -9.78015e-11 -0
1980 2.79947e-11 0
1981 -6.06596e-11 0
1982 -1.80256e-10 -0
1983 6.50505e-11 0
1984 -6.23507e-11 0
1985 1.93106e-11 0
1986 2.73692e-11 -0
1987 -1.55625e-11 0
1988 2.20802e-11 -0
1989 -6.5203e-12 -0
1990 1.59982e-09 -0
1991 -6.95309e-10 -0
1992 4.48543e-10 0
1993 -1.36976e-10 -0
1994 -5.51367e-10 0
1995 2.19187e-09 0
1996 -7.91557e-10 -0
1997 2.25387e-10 0
1998 -2.8067e-10 0
1999 1.17028e-10 0
2000 3.77887e-10 -0
2001 -1.03943e-10 0
2002 7.08686e-11 0
2003 6.86511e-10 -0
2004 -2.23225e-10 0
2005 5.03175e-10 0
2006 -2.76334e-10 -0
2007 8.13814e-11 -0
2008 3.66218e-10 -0
2009 -1.41305e-10 0
2010 1.3945e-10 -0
2011 -3.83761e-11 0
2012 -1.04172e-10 -0
2013 1.82953e-10 -0
2014 -6.29568e-11 0
2015 1.07174e-09 0
2016 -2.99902e-10 -0
2017 1.48354e-10 -0
2018 -1.1671e-10 0
2019 3.51246e-11 -0
2020 -1.27267e-10 0
2021 5.13623e-11 0
2022 1.97065e-10 0
2023 -1.15502e-10 0
2024 3.62024e-11 -0
2025 2.19534e-10 0
2026 -6.06992e-11 -0
2027 7.06848e-11 -0
2028 -3.1489e-11 0
2029 -9.18214e-11 -0
2030 2.65418e-11 -0
2031 -7.18006e-11 -0
2032 2.55875e-11 0
2033 -2.28229e-11 -0
2034 1.44904e-09 0
2035 -4.06049e-10 0
2036 2.08958e-10 0
2037 -3.02379e-10 0
2038 9.99815e-11 -0
2039 3.67787e-10 -0
2040 -1.00011e-10 0
2041 6.82545e-11 0
2042 -3.81565e-10 -0
2043 1.16247e-10 0
2044 -5.31697e-11 0
2045 -7.30881e-10 0
2046 2.73192e-10 0
2047 -4.84002e-10 0
