0 0 0
1 -0 -0
2 -0 0
3 0 -0
4 -0 0
5 2.31416e-74 -0
6 -6.76949e-75 0
7 2.95646e-75 0
8 -2.85619e-75 0
9 -1.37679e-74 -0
10 3.84166e-75 0
11 -1.45665e-75 -0
12 5.75267e-75 0
13 -4.20953e-75 0
14 1.30398e-75 0
15 4.64896e-75 -0
16 -2.32355e-75 0
17 6.37435e-76 0
18 -8.43466e-76 -0
19 5.89831e-31 -0
20 -2.01474e-31 -0
21 5.58274e-32 0
22 -1.15056e-31 -0
23 5.92035e-32 0
24 -4.55716e-32 -0
25 1.4116e-32 -0
26 7.00221e-32 0
27 -2.72955e-32 -0
28 1.24341e-31 -0
29 -3.29651e-32 0
30 3.3346e-32 0
31 -9.70344e-33 -0
32 -1.72161e-31 -0
33 7.63773e-32 -0
34 -4.71058e-32 -0
35 1.26626e-32 0
36 8.75255e-32 0
37 -1.19102e-31 0
38 4.19298e-32 -0
39 -1.47147e-31 -0
40 4.12358e-32 -0
41 -1.3641e-32 -0
42 -0.00751208 0
43 0.00563623 -0
44 -0.00232149 0
45 -0.00878341 -0
46 0.00243892 0
47 -0.00484733 0
48 0.00246157 -0
49 -0.000739025 -0
50 0.000731562 0
51 -0.000196314 0
52 0.00184545 -0
53 -0.000708494 0
54 -0.00292956 0
55 0.00177527 -0
56 -0.000569308 -0
57 0.00154925 -0
58 -0.000420582 -0
59 0.000562703 0
60 -0.00026368 -0
61 -0.0014935 0
62 0.000435659 0
63 -0.000372377 0
64 0.000115413 0
65 0.00140931 -0
66 -0.000779125 -0
67 0.000210017 0
68 -0.00033561 0
69 0.000122494 0
70 0.000457781 0
71 -0.000201024 0
72 5.61575e-05 0
73 -0.000283472 0
74 0.000190234 -0
75 -6.50343e-05 -0
76 -0.000487868 0
77 0.000557331 0
78 -0.000152645 0
79 0.00589834 0
80 -0.00230634 0
81 0.00068691 -0
82 0.0031972 -0
83 -0.0024782 0
84 0.000664549 0
85 -0.00142617 0
86 0.000462698 0
87 -0.000230181 -0
88 0.000849154 0
89 -0.000243042 -0
90 0.000150994 0
91 0.000606165 0
92 -0.000254007 -0
93 0.000242371 0
94 -6.69732e-05 -0
95 -0.00236744 -0
96 0.000835783 -0
97 -0.00629642 0
98 0.00193563 -0
99 -0.00104763 -0
100 0.00146551 0
101 -0.000393688 0
102 -0.00151099 0
103 0.000570829 -0
104 -0.000413884 -0
105 0.0010446 0
106 -0.000295401 0
107 -0.00157644 0
108 0.000523939 -0
109 -0.000234232 -0
110 0.000277745 0
111 -7.49991e-05 -0
112 0.000966517 0
113 -0.00057049 0
114 0.00016741 0
115 0.00173509 -0
116 -0.0015325 0
117 0.000486667 0
118 -0.000899296 0
119 0.000364008 0
120 0.00154835 0
121 -0.000421288 0
122 0.000201076 -0
123 -0.000603181 -0
124 0.000174804 0
125 -0.000114694 0
126 -0.000426494 0
127 0.000147073 -0
128 -0.00015174 -0
129 4.08502e-05 0
130 0.000282275 0
131 -8.54145e-05 -0
132 4.42843e-05 -0
133 -6.80254e-05 0
134 1.89459e-05 -0
135 -0.593838 0
136 0.217579 -0
137 -0.177796 -0
138 0.672253 -0
139 -0.289142 -0
140 0.0772189 0
141 0.40028 -0
142 -0.124512 -0
143 0.0698088 0
144 -0.426852 -0
145 0.116692 -0
146 -0.14711 -0
147 0.0566877 0
148 1.07128 0
149 -0.730225 0
150 0.239998 0
151 0.98566 -0
152 -0.275279 -0
153 0.126224 -0
154 -0.252924 -0
155 0.0682662 -0
156 -0.0740871 0
157 -0.487062 0
158 0.172433 -0
159 -0.0509436 0
160 0.643746 -0
161 -0.470091 -0
162 0.190826 -0
163 -0.0545659 -0
164 -0.26245 0
165 0.428059 -0
166 -0.137414 0
167 0.0729618 -0
168 -0.0195129 -0
169 0.0535631 -0
170 0.212733 0
171 -0.189228 -0
172 0.0638656 -0
173 -0.0175403 -0
174 0.0104059 0
175 0.0975281 0
176 -0.0467036 -0
177 0.205286 0
178 -0.062563 0
179 0.0233355 -0
180 -0.832284 0
181 0.226502 0
182 -0.225476 0
183 0.0947965 0
184 0.409937 0
185 -0.115796 0
186 0.0903172 0
187 -0.210396 -0
188 0.0631277 0
189 -0.0404354 -0
190 -1.49258 0
191 0.398834 0
192 -0.143529 0
193 0.201279 -0
194 -0.10045 0
195 -0.563522 -0
196 0.163167 -0
197 -1.2268 0
198 0.481632 0
199 -0.129435 -0
200 0.154017 -0
201 0.620501 -0
202 -0.197015 0
203 0.109303 -0
204 -0.360489 -0
205 0.099471 0
206 -0.0826387 0
207 0.036394 -0
208 -0.0675584 0
209 0.0224936 0
210 0.15353 -0
211 -0.0431193 0
212 0.0290364 0
213 -0.54417 0
214 0.189674 -0
215 -0.0513448 0
216 -0.201491 0
217 0.186586 -0
218 -0.0578047 0
219 0.0263047 -0
220 -0.13396 -0
221 0.0358662 0
222 -0.0624292 0
223 0.0236533 0
224 0.1057 0
225 -0.030988 -0
226 0.0188676 0
227 0.252037 -0
228 -0.128491 -0
229 0.141881 -0
230 -0.0403214 0
231 0.0130944 -0
232 -0.0330496 0
233 0.0136477 0
234 0.0693504 -0
235 -0.0187005 -0
236 0.0141002 -0
237 -0.132813 0
238 0.0395475 -0
239 -0.0509109 -0
240 0.0239035 0
241 -0.00638318 0
242 -0.0565522 0
243 0.0193231 0
244 -0.0136581 0
245 -0.0574332 0
246 0.0160076 0
247 -0.0345194 -0
248 0.0137718 0
249 -0.00781438 -0
250 0.00244112 -0
251 0.0533205 -0
252 -0.055164 -0
253 0.0150309 -0
254 -0.0452144 0
255 0.0163444 -0
256 0.0643829 0
257 -0.0185271 0
258 0.0158997 0
259 -0.00777197 0
260 0.00208538 0
261 -0.00307165 -0
262 -0.0183681 0
263 0.00795248 0
264 -0.00244312 -0
265 0.0103111 0
266 -0.00643531 0
267 0.00176522 0
268 -0.0538931 -0
269 0.0188301 0
270 0.0968461 0
271 -0.0518879 0
272 0.0150165 0
273 -0.0230742 -0
274 0.0215983 -0
275 -0.00573369 0
276 0.00217815 0
277 -0.0115938 -0
278 0.00378166 0
279 0.056735 0
280 -0.0448011 -0
281 0.0123292 0
282 -0.00546198 0
283 -0.0237757 0
284 0.00714295 0
285 -0.00929945 -0
286 0.00602182 0
287 -0.00162385 -0
288 0.00539749 -0
289 -0.00196841 -0
290 -0.0118474 -0
291 0.00608814 0
292 -0.00190376 -0
293 0.0175998 0
294 -0.0046593 -0
295 0.00495081 -0
296 -0.00205198 0
297 -0.0226857 -0
298 0.00633645 -0
299 -0.0109651 -0
300 0.00616899 0
301 -0.00203842 0
302 -0.010217 0
303 0.00270695 0
304 -0.0018126 0
305 0.00942604 -0
306 -0.00354921 -0
307 0.00101664 0
308 -0.00183439 0
309 0.000565066 0
310 0.167412 -0
311 -0.148082 0
312 0.0406112 -0
313 -0.0186166 -0
314 -0.0985508 -0
315 0.0337944 -0
316 -0.0409853 0
317 0.0108984 0
318 -0.0524584 0
319 0.0380782 0
320 -0.0108461 -0
321 0.00438647 -0
322 0.0203742 0
323 -0.0328789 -0
324 0.00914902 0
325 -0.00459367 0
326 -0.0971004 -0
327 0.0346217 -0
328 -0.0364427 0
329 0.00980938 -0
330 -0.0300962 0
331 0.018037 -0
332 -0.0053987 -0
333 -0.0374503 -0
334 0.0140574 0
335 0.0584766 -0
336 -0.0185442 0
337 0.0142053 0
338 -0.00386628 0
339 0.00769696 0
340 -0.00368114 -0
341 0.0162197 0
342 -0.0041002 0
343 0.00155906 -0
344 -0.00149883 0
345 0.000403581 0
346 0.0141217 -0
347 -0.00737701 -0
348 0.0020699 -0
349 -0.00182804 -0
350 -0.0108235 -0
351 0.00357008 0
352 -0.00770991 -0
353 0.00207832 0
354 -0.00124472 -0
355 -0.00121447 0
356 0.000709173 -0
357 -0.000230686 0
358 0.000292289 -0
359 -0.00130825 0
360 0.000367308 -0
361 -0.000141734 -0
362 -0.00100569 -0
363 0.000334118 -0
364 -0.0075861 -0
365 0.0019811 -0
366 -0.000810901 -0
367 0.000783056 0
368 -0.000264349 0
369 -0.00191142 -0
370 0.0005259 0
371 -0.000342126 -0
372 0.000528633 0
373 -0.0001339 0
374 -0.00386542 0
375 0.00242181 -0
376 -0.000877073 0
377 0.000877805 0
378 -0.000280164 0
379 -0.000824988 0
380 0.00041938 0
381 -0.000123023 0
382 0.00104474 -0
383 -0.00166765 -0
384 0.000665191 0
385 -0.0182043 0
386 0.0048871 0
387 0.0282554 -0
388 -0.00921543 0
389 0.00552413 0
390 -0.0015903 -0
391 0.00252787 -0
392 -0.00120302 -0
393 0.000316256 -0
394 0.255661 0
395 -0.22007 0
396 0.0815955 -0
397 -0.214796 -0
398 0.0673693 0
399 0.281696 -0
400 -0.0758814 0
401 0.0773698 0
402 -0.034692 -0
403 0.195208 -0
404 -0.053834 -0
405 0.0358754 0
406 0.194261 0
407 -0.0587466 -0
408 0.0242959 -0
409 -0.0319717 -0
410 0.0179728 0
411 0.223668 0
412 -0.0596735 -0
413 0.019296 -0
414 -0.0146026 -0
415 0.0487613 0
416 -0.0141208 0
417 -0.0610839 0
418 0.0216698 -0
419 -0.0244309 0
420 0.00660774 0
421 -0.00340813 -0
422 -0.0236114 -0
423 0.00929345 0
424 -0.0180966 -0
425 0.00509689 0
426 -0.0767961 0
427 0.0235963 -0
428 -0.0184877 0
429 -0.0746088 0
430 0.0314495 -0
431 -0.00844125 -0
432 0.057536 -0
433 -0.0199296 0
434 0.0188047 -0
435 -0.0101087 -0
436 0.00288001 0
437 0.0263157 0
438 -0.0411164 0
439 0.0112833 -0
440 -0.00517807 -0
441 -0.0243714 -0
442 0.00812431 -0
443 -0.00554887 -0
444 0.0135423 -0
445 -0.00403278 -0
446 0.00107633 -0
447 0.0209208 0
448 -0.0079402 0
449 0.010042 -0
450 -0.0063615 0
451 0.02812 -0
452 -0.0089843 -0
453 0.00250242 -0
454 0.010274 0
455 -0.00508921 -0
456 0.00424622 0
457 -0.00113662 -0
458 0.0262577 0
459 -0.0105715 0
460 -0.0656266 0
461 0.019229 0
462 -0.0345778 0
463 0.0198252 -0
464 -0.00679678 -0
465 0.00736277 -0
466 -0.00199381 0
467 -0.0102736 0
468 0.00452755 0
469 -0.0129938 0
470 0.00372449 -0
471 -0.00267832 0
472 0.000832642 0
473 -0.00853737 -0
474 0.0031814 -0
475 -0.00455247 -0
476 0.00122204 0
477 0.00559768 0
478 -0.0026529 -0
479 0.000741702 0
480 0.0118965 -0
481 -0.0103996 -0
482 0.0033769 -0
483 -0.00754632 0
484 0.00447949 0
485 -0.00119331 -0
486 -0.00921528 0
487 0.00393512 0
488 -0.00119369 0
489 -0.00484162 -0
490 0.00482926 0
491 -0.00175223 0
492 0.000476655 -0
493 -0.00349156 -0
494 0.00185459 0
495 -0.0066205 -0
496 0.00195374 0
497 -0.0022714 -0
498 0.000898788 -0
499 0.130353 -0
500 -0.0369512 0
501 0.0275683 0
502 0.116823 -0
503 -0.0396189 -0
504 0.0106247 -0
505 -0.0181246 -0
506 0.00907769 0
507 0.0509581 0
508 -0.0161258 0
509 0.010521 -0
510 -0.00291366 -0
511 0.00612947 -0
512 -0.00251707 0
513 -0.0249479 0
514 0.00673803 0
515 -0.00544585 -0
516 0.00193759 -0
517 -0.0108067 0
518 0.00314145 0
519 -0.0042456 0
520 0.00192219 -0
521 0.00771685 -0
522 -0.00211365 -0
523 0.00117683 -0
524 -0.0251271 0
525 0.00744478 0
526 -0.00694339 -0
527 0.0187707 -0
528 -0.00496739 0
529 0.00180263 -0
530 0.010417 -0
531 -0.00638901 -0
532 0.00209061 0
533 0.0160867 -0
534 -0.00770834 -0
535 0.00236062 -0
536 -0.0034114 -0
537 0.000941308 0
538 0.0369845 -0
539 -0.0256541 0
540 0.0110645 0
541 -0.00294174 -0
542 0.00722189 -0
543 -0.00739939 -0
544 0.00257601 -0
545 0.0125645 -0
546 -0.00360282 -0
547 0.0143074 0
548 -0.00553431 -0
549 0.00286154 -0
550 -0.000774941 0
551 -0.00699637 -0
552 0.00854958 -0
553 -0.00268298 0
554 0.00225066 -0
555 0.0098051 -0
556 -0.00268862 -0
557 0.00124698 0
558 -0.00955187 0
559 0.00286495 0
560 -0.00173164 -0
561 0.00275193 0
562 -0.000731222 0
563 0.000243661 0
564 -0.00220907 0
565 0.000823809 -0
566 0.00566375 -0
567 -0.00503965 0
568 0.00144807 0
569 -0.000800707 -0
570 0.00227868 -0
571 -0.000602495 -0
572 -0.00303456 0
573 0.0012494 -0
574 -0.000813968 -0
575 0.000257466 0
576 -0.000435191 0
577 0.000120267 -0
578 0.00280348 -0
579 -0.000998089 -0
580 0.00106693 0
581 -0.000286334 -0
582 0.00139047 -0
583 -0.000692101 -0
584 0.000208545 -0
585 -0.000158869 0
586 -0.000819205 -0
587 0.00021695 -0
588 0.0229236 0
589 -0.0101558 0
590 0.0137976 -0
591 -0.00469923 0
592 0.00133476 0
593 0.0102158 -0
594 -0.00553312 0
595 0.0126127 -0
596 -0.00347709 0
597 0.00138822 -0
598 -0.00641019 0
599 0.00460636 0
600 -0.00150312 -0
601 -0.00748731 0
602 0.00199153 -0
603 -0.00210772 -0
604 0.000792164 -0
605 -0.00912953 0
606 0.00269126 -0
607 -0.00154626 0
608 -0.00675516 0
609 0.00183678 -0
610 -0.00355196 -0
611 0.00160566 -0
612 -0.000498824 -0
613 0.000440802 -0
614 0.00267119 -0
615 -0.000714731 0
616 0.000465859 0
617 -0.0011886 -0
618 0.000416499 -0
619 0.00555351 0
620 -0.00154684 0
621 0.00196377 0
622 -0.000840662 0
623 0.000245839 -0
624 0.00607956 0
625 -0.00489375 0
626 0.00132877 -0
627 0.00409842 0
628 -0.00154332 -0
629 0.0027634 -0
630 -0.00139541 0
631 0.000454614 -0
632 -0.00224896 -0
633 0.000646437 0
634 0.00281949 0
635 -0.00118245 0
636 0.00146697 -0
637 -0.000403259 0
638 0.000291251 -0
639 -8.15724e-05 -0
640 -6.24534e-06 0
641 0.00175662 0
642 -0.000469277 0
643 0.00023545 0
644 2.39483e-05 0
645 -4.55266e-05 0
646 1.89514e-05 0
647 -3.60857e-05 0
648 0.00296379 -0
649 -0.00092722 -0
650 0.00044646 0
651 -0.000742033 0
652 0.000207655 0
653 0.000751226 -0
654 -0.000432933 -0
655 0.000158656 -0
656 0.000229212 0
657 -7.90621e-05 0
658 0.000335476 0
659 -0.000244739 -0
660 7.1659e-05 -0
661 -8.51491e-05 0
662 -0.000129649 -0
663 4.77846e-05 -0
664 -2.28513e-05 0
665 0.000434827 -0
666 -0.000119518 -0
667 0.000165446 -0
668 -8.75887e-05 0
669 0.0786724 0
670 -0.0227709 0
671 0.0084633 0
672 -0.0149867 -0
673 0.00404201 -0
674 0.0180101 0
675 -0.0140711 -0
676 0.00468612 -0
677 -0.0134608 -0
678 0.0064158 0
679 -0.00174295 0
680 -0.0115646 0
681 0.00712934 -0
682 -0.00219475 0
683 -0.0357183 0
684 0.01404 0
685 -0.0116887 0
686 0.00328245 0
687 -0.0149534 -0
688 0.00536212 -0
689 0.0215765 -0
690 -0.00576859 0
691 0.00609591 -0
692 -0.00336648 0
693 0.000992778 -0
694 -0.0114725 -0
695 0.00487464 -0
696 -0.00905777 -0
697 0.00249483 0
698 0.0123299 0
699 -0.00908811 0
700 0.00288554 0
701 -0.00443218 -0
702 0.00194398 0
703 0.0164442 0
704 -0.00441406 -0
705 0.0015231 0
706 -0.00143542 -0
707 0.0102045 -0
708 -0.0029435 0
709 0.00176928 -0
710 0.00741357 0
711 -0.00202139 0
712 0.00482181 0
713 -0.00191642 0
714 0.000570509 0
715 0.0199864 -0
716 -0.00989218 0
717 0.00700993 0
718 -0.00187108 -0
719 0.0025172 -0
720 -0.000828166 0
721 -0.00464894 -0
722 0.0013136 -0
723 -0.00414142 0
724 0.00155206 -0
725 -0.000843374 -0
726 -0.00333232 -0
727 0.00103722 0
728 -0.000945757 0
729 0.0262213 0
730 -0.00731761 0
731 0.00343547 0
732 -0.00404068 0
733 0.0013751 -0
734 0.010728 -0
735 -0.00287654 0
736 0.00185704 -0
737 -0.00975713 -0
738 0.00294835 0
739 -0.00490839 -0
740 0.0019837 0
741 0.00902769 -0
742 -0.00244989 -0
743 0.00198504 0
744 -0.00071784 -0
745 0.0027026 0
746 -0.000772123 -0
747 0.000435368 0
748 0.0046636 0
749 -0.00149686 0
750 0.00311094 0
751 -0.000830787 0
752 0.000373411 0
753 0.00160516 0
754 -0.00156712 -0
755 0.000457693 0
756 -0.000235571 0
757 0.00370915 0
758 -0.0010182 -0
759 0.000760521 -0
760 0.00369483 -0
761 -0.00141683 0
762 0.00200283 -0
763 -0.000628615 0
764 0.00162978 0
765 -0.000438688 0
766 0.000183382 -0
767 0.0120439 0
768 -0.00802331 -0
769 0.00282154 -0
770 0.0112269 0
771 -0.00312005 0
772 0.00351585 0
773 -0.00170339 0
774 0.0141581 0
775 -0.0037809 0
776 0.00123519 0
777 0.00729888 0
778 -0.00421308 0
779 0.00119744 -0
780 -0.00269313 -0
781 0.00229725 0
782 -0.000697453 0
783 0.000303388 -0
784 0.00423269 0
785 -0.00114571 0
786 0.00146395 0
787 -0.000534932 -0
788 -0.0021614 -0
789 0.00889862 -0
790 -0.00258595 0
791 0.00162679 0
792 -0.000547761 -0
793 0.000957655 0
794 -0.000256309 -0
795 -0.0013468 0
796 0.00072055 -0
797 -0.000282046 0
798 -0.00699954 0
799 0.00195821 0
800 -0.00212764 -0
801 0.00157892 -0
802 -0.000478195 0
803 -0.0017083 -0
804 0.000717847 0
805 -0.00231069 -0
806 0.000638588 0
807 -0.000200162 0
808 0.00410028 -0
809 -0.0019146 -0
810 0.00175094 0
811 0.00978962 -0
812 -0.00351104 0
813 0.000953122 0
814 -0.00200448 -0
815 0.00103417 0
816 -0.000292543 -0
817 0.00203917 0
818 -0.00141749 -0
819 0.000462039 0
820 0.00164878 0
821 -0.00205668 0
822 0.000553131 -0
823 -0.000211985 0
824 -0.00214214 0
825 0.00064019 0
826 -0.000403122 -0
827 0.00167971 -0
828 -0.000761055 -0
829 -0.00270584 0
830 0.000793003 0
831 -0.000633113 -0
832 0.00021454 0
833 -0.000336252 -0
834 -0.00162056 -0
835 0.00045506 0
836 -0.000174366 -0
837 0.000192134 -0
838 -0.000104902 0
839 2.87058e-05 -0
840 8.13374e-05 -0
841 -2.5798e-05 0
842 0.000187072 -0
843 -9.18729e-05 0
844 0.0071519 0
845 -0.00250038 0
846 0.00209307 0
847 -0.000594743 -0
848 0.00114211 -0
849 0.00603147 0
850 -0.0016475 0
851 0.000981873 0
852 -0.000313858 -0
853 0.000850522 -0
854 -0.000367505 0
855 -0.00161186 -0
856 0.000481267 -0
857 -0.000544222 -0
858 0.000146322 -0
859 0.00119936 -0
860 -0.000482112 0
861 0.000696331 0
862 -0.000396545 0
863 0.00011157 -0
864 -0.00142592 0
865 0.000514377 -0
866 -0.00050672 -0
867 -0.00191343 -0
868 0.000517984 -0
869 -0.000369152 -0
870 0.000122941 -0
871 -0.00100903 0
872 0.000305697 -0
873 -0.000154593 0
874 -0.000940516 0
875 0.000269784 -0
876 -0.000445104 0
877 0.000182827 0
878 -0.000147267 0
879 -0.000527579 0
880 0.000143478 -0
881 -0.000469502 0
882 0.000216355 0
883 -6.8393e-05 0
884 -0.000740194 0
885 0.000206478 0
886 -0.000135902 -0
887 0.000178247 0
888 -6.29946e-05 -0
889 -0.000275641 0
890 7.45936e-05 -0
891 -0.000180718 0
892 7.11448e-05 -0
893 -6.37893e-05 -0
894 1.87961e-05 -0
895 -0.00178934 0
896 0.000869008 0
897 -0.000279794 -0
898 -0.00105853 0
899 0.000289494 -0
900 -0.000173857 -0
901 0.000825376 -0
902 -0.000312308 0
903 0.000551706 -0
904 -0.000159032 0
905 -0.000660894 -0
906 0.000450571 0
907 -0.000151464 -0
908 0.000142593 0
909 -3.82594e-05 0
910 -0.000271086 0
911 0.000113901 -0
912 -0.000389143 0
913 0.000119506 -0
914 -6.58976e-05 0
915 1.8178e-05 0
916 -0.00045535 0
917 0.000530073 0
918 -0.000237901 -0
919 -0.00128449 -0
920 0.00036477 -0
921 -0.000269586 0
922 9.27368e-05 0
923 -0.000195395 -0
924 5.25655e-05 0
925 0.000697452 0
926 -0.000208283 -0
927 0.000279516 -0
928 -0.00014593 0
929 -0.000561281 -0
930 0.000207392 -0
931 -0.0011513 0
932 0.000312446 0
933 -0.000195905 0
934 6.11012e-05 0
935 0.000275554 0
936 -0.00011736 0
937 0.000128532 -0
938 -3.61527e-05 -0
939 0.000319651 -0
940 -0.000150463 0
941 4.03071e-05 0
942 -0.000101765 0
943 8.22595e-05 0
944 -2.67703e-05 -0
945 -0.000100714 0
946 3.85445e-05 -0
947 -5.85526e-05 0
948 1.62971e-05 -0
949 0.000138638 0
950 -7.98174e-05 -0
951 2.35988e-05 -0
952 -0.000274981 0
953 0.000106809 -0
954 -8.65997e-05 -0
955 2.26461e-05 0
956 -4.97668e-05 -0
957 1.58929e-05 -0
958 0.000121895 0
959 -7.47404e-05 -0
960 2.09124e-05 -0
961 -3.13035e-05 0
962 1.42441e-05 0
963 -4.2969e-06 0
964 -5.77269e-05 0
965 1.53934e-05 -0
966 -1.39775e-05 0
967 5.86815e-06 0
968 9.49001e-06 0
969 -3.47993e-06 0
970 1.52171e-06 0
971 -8.10966e-06 0
972 4.30642e-06 0
973 -9.68796e-07 -0
974 -2.5324e-07 0
975 4.63378e-07 -0
976 -0.000255616 -0
977 7.10109e-05 0
978 -0.000171048 0
979 5.77907e-05 0
980 -3.96501e-05 -0
981 1.05957e-05 -0
982 5.16076e-05 -0
983 -2.02418e-05 -0
984 2.28076e-05 -0
985 -6.90325e-06 0
986 -0.000136582 -0
987 3.86934e-05 0
988 -2.33108e-05 -0
989 0.000170214 0
990 -4.46374e-05 0
991 1.95673e-05 -0
992 0.000133292 -0
993 -0.000174252 -0
994 5.5796e-05 0
995 -4.49969e-05 -0
996 1.64337e-05 -0
997 -4.43302e-06 0
998 8.72457e-06 0
999 -4.41283e-06 0
1000 -2.54441e-05 -0
1001 6.75131e-06 0
1002 -2.53838e-05 0
1003 7.70771e-06 -0
1004 -7.15472e-06 0
1005 2.95004e-06 -0
1006 3.84206e-05 0
1007 -1.1161e-05 -0
1008 6.06129e-06 0
1009 -1.82346e-05 0
1010 4.92452e-06 -0
1011 -1.68544e-06 -0
1012 -0.000835224 0
1013 0.000627535 -0
1014 -0.00025867 0
1015 0.000478054 -0
1016 -0.000128747 0
1017 -0.000490865 0
1018 0.000240591 0
1019 -6.85325e-05 0
1020 9.07316e-05 -0
1021 0.000466939 0
1022 -0.000158678 0
1023 0.000104239 -0
1024 -3.12412e-05 0
1025 9.61103e-05 -0
1026 -8.9476e-05 0
1027 2.43137e-05 -0
1028 0.000529006 0
1029 -0.000194418 0
1030 9.89309e-05 0
1031 0.000372233 0
1032 -0.000118517 -0
1033 3.18938e-05 0
1034 -5.0983e-05 -0
1035 0.000463934 0
1036 -0.00018472 -0
1037 5.18515e-05 -0
1038 -3.6182e-05 -0
1039 -0.000291259 -0
1040 8.51555e-05 -0
1041 -9.70804e-05 0
1042 4.57715e-05 -0
1043 0.000198316 -0
1044 -6.62399e-05 -0
1045 0.000149652 0
1046 -4.03721e-05 -0
1047 2.38073e-05 -0
1048 -7.30229e-06 0
1049 -3.70561e-05 -0
1050 3.13931e-05 -0
1051 -1.2242e-05 0
1052 4.83381e-05 -0
1053 -1.34178e-05 0
1054 -4.75438e-05 0
1055 2.12427e-05 0
1056 -2.11823e-05 0
1057 6.25343e-06 -0
1058 -0.000666334 -0
1059 0.00023436 -0
1060 -0.000140946 0
1061 3.81205e-05 -0
1062 -0.000100598 -0
1063 0.000124866 -0
1064 -5.18007e-05 -0
1065 -0.000405046 -0
1066 0.000111048 -0
1067 -5.72056e-05 0
1068 0.000377852 -0
1069 -0.00012432 0
1070 -0.000543995 -0
1071 0.00015719 0
1072 -0.000119612 0
1073 0.000206074 0
1074 -5.51412e-05 -0
1075 1.98638e-05 0
1076 0.000254066 0
1077 -0.000161927 0
1078 5.03502e-05 0
1079 0.0001977 0
1080 -9.53322e-05 0
1081 2.66051e-05 0
1082 -2.85815e-05 -0
1083 0.000128923 -0
1084 -3.87467e-05 0
1085 2.14113e-05 -0
1086 0.000133551 -0
1087 -3.58999e-05 0
1088 5.33049e-05 -0
1089 -1.98475e-05 0
1090 0.000196732 -0
1091 -6.61482e-05 -0
1092 4.68311e-05 0
1093 -1.27657e-05 -0
1094 -5.77186e-05 0
1095 2.48663e-05 -0
1096 -4.75326e-05 -0
1097 1.53277e-05 -0
1098 -1.44676e-05 -0
1099 4.08736e-06 0
1100 8.60815e-05 -0
1101 -3.37633e-05 0
1102 0.000108755 0
1103 -2.91802e-05 0
1104 -0.000109332 0
1105 5.86102e-05 0
1106 -1.78413e-05 -0
1107 2.11947e-05 -0
1108 -9.79053e-06 0
1109 0.000196647 0
1110 -5.66815e-05 -0
1111 4.60567e-05 -0
1112 0.000232133 0
1113 -6.26805e-05 -0
1114 2.18937e-05 0
1115 -1.47828e-05 0
1116 7.75082e-05 -0
1117 -2.4587e-05 0
1118 3.38823e-05 -0
1119 -9.30414e-06 0
1120 -9.25418e-05 0
1121 3.55045e-05 -0
1122 -2.05147e-05 -0
1123 -8.12132e-05 0
1124 2.27719e-05 -0
1125 -5.83611e-05 -0
1126 2.77228e-05 -0
1127 -2.40809e-05 -0
1128 7.05078e-06 -0
1129 0.000138057 -0
1130 -3.72527e-05 -0
1131 1.59372e-05 -0
1132 -2.80371e-05 0
1133 1.01234e-05 0
1134 4.92084e-05 0
1135 -3.16664e-05 -0
1136 9.91195e-06 0
1137 -4.49181e-05 -0
1138 1.22648e-05 -0
1139 -1.29868e-05 -0
1140 -4.46113e-05 0
1141 2.2663e-05 -0
1142 -7.84172e-06 -0
1143 2.25269e-06 -0
1144 -9.89577e-05 0
1145 0.000206885 -0
1146 -9.35661e-05 0
1147 2.58884e-05 0
1148 0.000106524 0
1149 -7.80411e-05 0
1150 2.53823e-05 -0
1151 -3.29493e-05 -0
1152 8.90559e-06 0
1153 5.87758e-05 -0
1154 -2.24321e-05 -0
1155 1.26325e-05 -0
1156 -9.67925e-05 -0
1157 2.93491e-05 0
1158 -2.84982e-05 -0
1159 1.15885e-05 0
1160 5.86737e-05 0
1161 -1.57635e-05 -0
1162 3.95623e-05 0
1163 -1.13889e-05 -0
1164 9.03737e-06 0
1165 -3.03519e-06 -0
1166 -3.72327e-05 0
1167 2.31508e-05 0
1168 -6.48763e-06 0
1169 -2.26412e-05 -0
1170 8.38895e-06 0
1171 -1.37199e-05 0
1172 7.26762e-06 0
1173 -1.98909e-06 -0
1174 7.40289e-06 -0
1175 -2.33031e-06 -0
1176 2.73861e-06 -0
1177 1.03554e-05 0
1178 -4.55074e-06 -0
1179 1.35177e-06 0
1180 -2.14622e-05 -0
1181 5.781e-06 -0
1182 -4.9486e-06 0
1183 1.96064e-06 0
1184 1.45981e-05 0
1185 -9.84109e-06 0
1186 3.03792e-06 0
1187 -1.88423e-05 -0
1188 5.17245e-06 -0
1189 -7.42839e-06 0
1190 3.47325e-06 -0
1191 1.59725e-05 -0
1192 -5.56801e-06 -0
1193 3.05054e-06 0
1194 -8.61917e-07 -0
1195 2.46163e-06 -0
1196 9.07095e-06 -0
1197 -2.99563e-06 0
1198 2.73981e-06 0
1199 -7.39746e-07 -0
1200 6.59826e-05 -0
1201 -2.72833e-05 0
1202 1.87641e-05 0
1203 -5.4476e-06 -0
1204 1.02682e-05 0
1205 7.63294e-05 -0
1206 -2.76022e-05 0
1207 7.61419e-06 -0
1208 -7.91632e-06 0
1209 4.02589e-06 0
1210 -3.64499e-05 -0
1211 1.15789e-05 0
1212 5.64975e-05 -0
1213 -1.50698e-05 -0
1214 8.74324e-06 -0
1215 -1.14747e-05 0
1216 3.39936e-06 0
1217 4.92075e-05 -0
1218 -2.08486e-05 0
1219 4.47824e-05 0
1220 -1.20915e-05 0
1221 9.18595e-06 -0
1222 -3.08822e-06 -0
1223 -1.2507e-05 -0
1224 4.60729e-06 0
1225 -2.05885e-05 -0
1226 5.81092e-06 0
1227 -2.57501e-06 0
1228 3.56445e-05 -0
1229 -3.6873e-05 0
1230 9.71883e-06 -0
1231 -6.01448e-06 0
1232 1.86466e-06 -0
1233 9.93218e-06 -0
1234 -1.62064e-05 -0
1235 6.1829e-06 0
1236 -1.74106e-06 0
1237 8.30233e-07 0
1238 -2.52228e-06 0
1239 6.7577e-07 0
1240 4.24812e-06 -0
1241 -3.2552e-06 -0
1242 1.12688e-06 -0
1243 3.21345e-05 -0
1244 -9.45837e-06 0
1245 5.30592e-06 -0
1246 -6.28184e-06 -0
1247 1.68183e-06 0
1248 -4.43436e-06 0
1249 1.7881e-06 0
1250 8.28716e-06 0
1251 -2.28182e-06 0
1252 2.02893e-06 0
1253 -6.6365e-07 -0
1254 3.72341e-06 0
1255 -2.46659e-06 -0
1256 7.33473e-07 -0
1257 5.36904e-06 0
1258 -2.40619e-06 0
1259 6.3815e-07 0
1260 -9.18555e-07 -0
1261 3.41227e-07 -0
1262 1.88958e-05 0
1263 -5.44321e-06 0
1264 3.98345e-06 0
1265 1.64237e-05 0
1266 -7.77909e-06 0
1267 2.13241e-06 -0
1268 -4.77718e-06 -0
1269 1.63505e-06 0
1270 1.49032e-05 0
1271 -8.81495e-06 -0
1272 2.75436e-06 -0
1273 -2.75438e-06 0
1274 7.39605e-07 0
1275 -8.6272e-06 -0
1276 3.4392e-06 -0
1277 -5.38182e-06 0
1278 1.50022e-06 0
1279 8.74924e-06 0
1280 -4.4114e-06 -0
1281 1.36005e-05 0
1282 -4.34118e-06 -0
1283 3.7444e-06 -0
1284 -1.01338e-06 0
1285 -4.34922e-06 -0
1286 1.53959e-06 0
1287 -1.75739e-06 0
1288 5.13742e-07 -0
1289 -3.85794e-06 -0
1290 2.03962e-06 0
1291 -5.43916e-07 -0
1292 -7.78225e-06 0
1293 3.33205e-06 -0
1294 -2.16307e-06 -0
1295 6.573e-07 -0
1296 -1.31857e-06 -0
1297 -6.69222e-06 -0
1298 2.5567e-06 0
1299 -6.80546e-07 0
1300 8.64013e-07 -0
1301 -2.46789e-07 0
1302 9.79628e-07 -0
1303 -5.87259e-07 0
1304 1.98019e-07 -0
1305 1.50671e-06 0
1306 -4.18131e-07 0
1307 3.38484e-07 -0
1308 -3.94066e-06 0
1309 1.90037e-06 -0
1310 -6.07936e-07 -0
1311 -2.88007e-06 0
1312 7.78018e-07 0
1313 -1.20611e-06 -0
1314 4.94134e-07 0
1315 -3.47247e-07 -0
1316 1.02092e-07 -0
1317 -4.13052e-07 -0
1318 1.43781e-07 0
1319 8.17434e-07 0
1320 -2.16993e-07 0
1321 2.00354e-07 0
1322 -8.89227e-08 -0
1323 -1.16889e-05 -0
1324 3.29265e-06 0
1325 -8.6949e-06 0
1326 4.74333e-06 0
1327 -1.45547e-06 0
1328 1.6048e-06 -0
1329 -4.27927e-07 -0
1330 -2.99434e-06 0
1331 1.18359e-06 0
1332 -2.14255e-06 -0
1333 7.07973e-07 0
1334 -4.35096e-07 0
1335 -2.29156e-06 0
1336 6.30774e-07 0
1337 -2.34169e-07 0
1338 7.82763e-07 0
1339 -5.40373e-07 -0
1340 1.56122e-07 0
1341 1.76454e-06 -0
1342 -8.49029e-07 0
1343 1.20919e-06 -0
1344 -3.27022e-07 0
1345 -1.45155e-06 0
1346 4.60116e-07 -0
1347 -3.82359e-07 0
1348 1.66885e-07 0
1349 -2.4971e-06 0
1350 6.6402e-07 -0
1351 -2.30941e-07 -0
1352 1.02303e-06 0
1353 -9.44244e-07 0
1354 2.67029e-07 -0
1355 1.19476e-06 -0
1356 -6.21452e-07 -0
1357 1.87523e-07 -0
1358 5.90652e-06 -0
1359 -2.4125e-06 -0
1360 2.96352e-06 -0
1361 -7.94474e-07 0
1362 1.81621e-06 0
1363 -1.35041e-06 0
1364 3.97489e-07 -0
1365 3.21694e-06 -0
1366 -1.22085e-06 -0
1367 6.84394e-07 0
1368 -1.87238e-07 0
1369 -7.57166e-07 0
1370 2.53838e-07 -0
1371 -4.89517e-07 -0
1372 3.14702e-07 0
1373 -8.83346e-08 -0
1374 6.5837e-07 0
1375 -3.07008e-07 -0
1376 8.19842e-08 -0
1377 4.40613e-07 -0
1378 -4.67058e-07 -0
1379 1.44896e-07 -0
1380 -5.24713e-08 0
1381 -5.97005e-07 0
1382 1.01529e-06 0
1383 -2.80874e-07 0
1384 1.73556e-07 -0
1385 -6.30911e-07 -0
1386 2.08896e-07 0
1387 6.63378e-07 0
1388 -2.93623e-07 0
1389 2.79191e-07 -0
1390 -8.35393e-08 0
1391 1.16548e-07 0
1392 -2.46103e-08 0
1393 6.18672e-09 0
1394 1.77527e-07 -0
1395 -7.73535e-08 0
1396 7.1516e-08 0
1397 -2.09929e-08 0
1398 -1.7373e-08 0
1399 7.98451e-09 -0
1400 -2.68734e-08 -0
1401 8.86442e-09 0
1402 -3.74496e-08 0
1403 1.88497e-08 0
1404 -4.31976e-09 -0
1405 -4.61292e-07 0
1406 2.11667e-07 -0
1407 -5.31017e-07 0
1408 1.53661e-07 -0
1409 -5.80959e-08 -0
1410 -2.13967e-07 0
1411 2.47772e-07 -0
1412 -8.27725e-08 0
1413 4.58238e-08 0
1414 -4.38493e-07 -0
1415 1.20118e-07 -0
1416 -7.92395e-08 -0
1417 -2.36958e-07 0
1418 7.49911e-08 0
1419 -9.89045e-08 0
1420 4.14795e-08 0
1421 -1.16696e-08 0
1422 1.8136e-06 0
1423 -3.15925e-06 0
1424 1.11325e-06 -0
1425 -6.00941e-07 -0
1426 1.72275e-07 -0
1427 8.58335e-07 -0
1428 -7.20264e-07 0
1429 1.91859e-07 0
1430 -5.74181e-07 0
1431 2.64726e-07 -0
1432 -8.75743e-08 0
1433 -6.03861e-07 0
1434 7.96906e-07 -0
1435 -2.21747e-07 0
1436 -9.2634e-07 -0
1437 2.78919e-07 -0
1438 -1.84182e-07 0
1439 7.08739e-08 0
1440 -1.74952e-07 0
1441 4.76024e-08 0
1442 1.1356e-06 0
1443 -1.03865e-06 0
1444 4.97677e-07 -0
1445 -1.55973e-07 0
1446 1.08241e-06 -0
1447 -2.88592e-07 -0
1448 1.72617e-07 0
1449 9.98223e-07 0
1450 -3.38385e-07 0
1451 3.54367e-07 0
1452 -1.02737e-07 -0
1453 4.32143e-08 -0
1454 -5.29609e-07 0
1455 4.10604e-07 -0
1456 -1.10704e-07 0
1457 -4.6394e-07 0
1458 1.72825e-07 -0
1459 -2.91281e-07 0
1460 8.28656e-08 0
1461 -3.42106e-07 0
1462 1.94591e-07 -0
1463 -6.31557e-08 0
1464 -7.15675e-07 0
1465 3.21352e-07 -0
1466 -8.59273e-08 0
1467 1.1893e-07 -0
1468 5.45868e-07 0
1469 -1.61997e-07 -0
1470 1.15335e-07 -0
1471 -4.13479e-08 -0
1472 9.7559e-08 0
1473 -2.70193e-08 -0
1474 1.4208e-08 -0
1475 4.53033e-08 -0
1476 -2.05084e-08 0
1477 2.54467e-08 0
1478 -7.21579e-09 0
1479 2.91679e-08 0
1480 -7.95572e-09 0
1481 -2.09407e-08 -0
1482 1.35274e-08 -0
1483 -5.15438e-08 -0
1484 1.23884e-08 0
1485 -4.15357e-09 0
1486 3.60803e-10 -0
1487 1.77078e-09 -0
1488 -6.61447e-10 -0
1489 1.22308e-08 0
1490 -4.50013e-09 0
1491 3.36305e-09 -0
1492 -7.28514e-10 0
1493 -9.61506e-08 -0
1494 6.28028e-08 0
1495 -2.08604e-08 -0
1496 5.85576e-09 0
1497 -1.10241e-08 -0
1498 6.37532e-09 0
1499 2.10258e-08 0
1500 -8.48022e-09 -0
1501 2.37321e-09 0
1502 -2.31852e-08 0
1503 1.67849e-08 0
1504 4.77935e-08 -0
1505 -1.51354e-08 -0
1506 6.95892e-09 -0
1507 -8.98601e-09 -0
1508 2.61094e-09 0
1509 -1.63048e-07 0
1510 5.29022e-08 0
1511 -4.58254e-08 0
1512 2.26112e-08 0
1513 1.04096e-07 0
1514 -2.79968e-08 -0
1515 5.15013e-08 0
1516 -1.73619e-08 -0
1517 4.91458e-08 -0
1518 -1.33768e-08 0
1519 9.69769e-09 -0
1520 6.55112e-08 0
1521 -2.36683e-08 -0
1522 1.09577e-08 -0
1523 -3.2008e-09 0
1524 3.87584e-09 0
1525 5.87326e-08 -0
1526 -1.56289e-08 0
1527 9.77293e-09 -0
1528 -5.04714e-08 -0
1529 1.57914e-08 0
1530 -6.14216e-09 0
1531 -2.95542e-08 0
1532 8.40761e-09 0
1533 -8.36661e-09 0
1534 3.68122e-09 -0
1535 3.92554e-07 0
1536 -1.06408e-07 0
1537 1.65614e-07 -0
1538 -9.45614e-08 -0
1539 3.34026e-08 -0
1540 -9.65094e-08 -0
1541 2.65868e-08 -0
1542 1.39266e-07 -0
1543 -4.19903e-08 -0
1544 3.65509e-08 0
1545 -1.54354e-08 0
1546 -5.79328e-08 -0
1547 1.55432e-08 0
1548 -1.67012e-07 -0
1549 8.63155e-08 0
1550 -2.89658e-08 0
1551 2.0523e-08 -0
1552 -5.958e-09 0
1553 -6.85809e-08 0
1554 9.64167e-08 0
1555 -3.00615e-08 -0
1556 5.88899e-08 0
1557 -2.30578e-08 -0
1558 -1.00762e-07 0
1559 2.8462e-08 -0
1560 -1.69669e-08 0
1561 6.32235e-08 -0
1562 -1.70704e-08 0
1563 1.91925e-08 0
1564 -6.89157e-09 -0
1565 1.50161e-07 -0
1566 -6.92372e-08 0
1567 1.92594e-08 -0
1568 1.21761e-07 -0
1569 -9.10865e-08 0
1570 2.87384e-08 -0
1571 1.21117e-07 0
1572 -3.24793e-08 -0
1573 3.06322e-08 0
1574 -1.65492e-08 -0
1575 4.4448e-08 -0
1576 -1.26926e-08 -0
1577 4.87716e-09 -0
1578 8.79382e-08 -0
1579 -5.77165e-08 0
1580 1.57702e-08 0
1581 5.8786e-08 0
1582 -1.99909e-08 -0
1583 1.03243e-07 -0
1584 -5.05374e-08 -0
1585 1.5537e-08 0
1586 -2.69242e-08 0
1587 2.25143e-08 -0
1588 -6.65184e-09 0
1589 2.78479e-09 0
1590 2.66982e-08 0
1591 -7.26406e-09 0
1592 9.37347e-09 0
1593 -3.49681e-09 -0
1594 -1.61832e-08 0
1595 4.34965e-09 -0
1596 -9.88846e-09 -0
1597 4.39188e-09 0
1598 -1.84359e-07 0
1599 6.0021e-08 -0
1600 -4.05013e-08 -0
1601 1.11744e-08 -0
1602 4.29967e-08 0
1603 -4.21331e-08 0
1604 1.23028e-08 -0
1605 -7.43465e-08 -0
1606 3.88727e-08 0
1607 -1.358e-08 0
1608 -9.26496e-08 -0
1609 2.63045e-08 -0
1610 -2.0563e-08 -0
1611 8.28593e-09 0
1612 -2.54083e-08 0
1613 6.8606e-09 -0
1614 -1.00788e-08 -0
1615 5.86241e-09 0
1616 2.39399e-08 -0
1617 -7.63877e-09 0
1618 2.31665e-09 0
1619 -2.02555e-08 -0
1620 9.69439e-09 -0
1621 -2.59747e-09 -0
1622 3.05295e-09 -0
1623 1.77195e-08 0
1624 -6.41989e-09 -0
1625 4.00804e-09 0
1626 -1.10975e-09 -0
1627 -2.86574e-08 0
1628 5.4342e-08 -0
1629 -2.34857e-08 0
1630 7.81736e-09 -0
1631 3.21382e-08 -0
1632 -8.83438e-09 0
1633 9.44156e-09 -0
1634 -4.31975e-08 -0
1635 1.29083e-08 0
1636 -6.49913e-09 -0
1637 5.28271e-09 0
1638 -1.41917e-09 -0
1639 -1.05892e-08 -0
1640 4.05636e-09 0
1641 -1.01817e-08 -0
1642 2.93765e-09 0
1643 -1.66225e-09 -0
1644 -5.9218e-09 -0
1645 1.86431e-09 0
1646 -1.69306e-09 -0
1647 3.60928e-08 -0
1648 -1.01128e-08 -0
1649 4.14184e-09 -0
1650 -5.57889e-09 0
1651 -2.5445e-08 0
1652 6.86658e-09 -0
1653 -5.08283e-09 -0
1654 1.75847e-09 0
1655 -3.6857e-09 0
1656 1.66906e-09 0
1657 2.03753e-08 0
1658 -5.56382e-09 -0
1659 3.37458e-09 0
1660 -1.09722e-09 0
1661 -4.06422e-09 -0
1662 1.76938e-08 -0
1663 -5.14248e-09 -0
1664 1.89377e-09 0
1665 -2.1006e-09 0
1666 1.4652e-09 -0
1667 -4.4484e-10 -0
1668 -2.36949e-09 0
1669 1.11952e-09 -0
1670 -8.95772e-09 -0
1671 2.40586e-09 0
1672 -3.92759e-09 -0
1673 1.11244e-09 0
1674 -4.41487e-10 -0
1675 1.11318e-08 -0
1676 -5.89487e-09 0
1677 -2.9269e-08 -0
1678 9.73954e-09 -0
1679 -2.64231e-09 -0
1680 2.43115e-09 -0
1681 -6.24899e-09 0
1682 1.89141e-09 0
1683 -8.03888e-10 0
1684 -8.19751e-09 -0
1685 2.1794e-09 0
1686 -1.40908e-09 0
1687 1.87205e-09 0
1688 -6.5284e-10 0
1689 4.05942e-09 -0
1690 -1.16303e-09 0
1691 -6.05415e-09 0
1692 2.99538e-09 0
1693 -2.47477e-09 0
1694 6.806e-10 -0
1695 -1.43386e-09 -0
1696 5.20718e-10 0
1697 -1.37276e-10 -0
1698 -1.05096e-09 -0
1699 7.67207e-10 0
1700 -2.464e-10 0
1701 8.68521e-10 0
1702 -3.44279e-10 -0
1703 3.52451e-10 0
1704 -9.32156e-11 0
1705 -2.16389e-09 -0
1706 1.2791e-09 -0
1707 -3.98499e-10 0
1708 -2.12877e-09 0
1709 5.98797e-10 -0
1710 -1.03608e-09 -0
1711 4.63756e-10 0
1712 -1.22654e-10 0
1713 -8.53462e-10 -0
1714 1.02637e-09 0
1715 -4.18584e-10 0
1716 1.30656e-10 -0
1717 2.3625e-10 0
1718 -1.44796e-10 0
1719 9.43165e-10 -0
1720 -3.42446e-10 0
1721 9.79114e-11 -0
1722 -7.56101e-11 0
1723 1.28498e-09 -0
1724 -5.99035e-10 -0
1725 8.14551e-10 -0
1726 -2.11519e-10 -0
1727 6.206e-11 0
1728 5.49911e-10 -0
1729 -4.23865e-10 -0
1730 1.72039e-10 -0
1731 -2.27805e-10 -0
1732 5.47539e-11 0
1733 -3.03007e-12 -0
1734 -2.95857e-12 -0
1735 6.26131e-12 0
1736 -2.74789e-10 0
1737 8.61162e-11 0
1738 -1.09713e-10 -0
1739 3.44141e-11 -0
1740 -1.64715e-11 -0
1741 3.9075e-12 0
1742 5.34473e-11 0
1743 -2.18891e-11 -0
1744 2.31541e-11 0
1745 -5.73557e-12 -0
1746 -1.17454e-09 0
1747 3.72981e-10 0
1748 -3.29304e-10 -0
1749 9.47632e-11 -0
1750 -3.71303e-10 0
1751 1.45783e-10 0
1752 7.2901e-10 -0
1753 -1.97704e-10 -0
1754 1.07342e-10 0
1755 1.13617e-09 0
1756 -1.44537e-09 -0
1757 4.47267e-10 0
1758 -2.09956e-10 0
1759 6.1727e-10 -0
1760 -1.73223e-10 -0
1761 1.342e-10 0
1762 -4.9378e-11 0
1763 -7.25764e-10 -0
1764 1.98575e-10 -0
1765 -4.92737e-10 -0
1766 3.23423e-10 0
1767 9.54132e-10 0
1768 -3.36765e-10 -0
1769 9.33858e-11 0
1770 -1.01517e-10 -0
1771 3.16825e-11 -0
1772 9.43473e-11 -0
1773 -3.91752e-11 0
1774 4.65036e-10 0
1775 -1.36755e-10 -0
1776 1.04659e-10 -0
1777 -5.59302e-11 0
1778 -1.08037e-10 0
1779 3.32873e-11 -0
1780 -5.39402e-11 -0
1781 2.10237e-11 -0
1782 3.08046e-12 -0
1783 -4.81392e-12 0
1784 7.34738e-11 -0
1785 -2.14262e-11 -0
1786 7.63709e-12 -0
1787 -3.99666e-10 0
1788 2.42702e-10 0
1789 -4.30184e-10 0
1790 1.29688e-10 -0
1791 5.69685e-10 0
1792 -2.73704e-10 -0
1793 7.85155e-11 -0
1794 -5.59309e-11 -0
1795 -1.70465e-10 0
1796 4.69943e-11 -0
1797 -4.77865e-11 -0
1798 1.86781e-11 0
1799 -9.18985e-11 0
1800 2.98936e-11 -0
1801 -4.70307e-11 -0
1802 1.36736e-11 -0
1803 4.18723e-11 0
1804 -2.16203e-11 -0
1805 9.02689e-12 0
1806 -4.70671e-10 0
1807 1.28697e-10 0
1808 -1.10809e-10 0
1809 3.74163e-11 0
1810 -6.93565e-11 -0
1811 -3.08108e-10 -0
1812 9.33592e-11 0
1813 -5.32206e-11 -0
1814 1.48763e-11 0
1815 1.31617e-10 -0
1816 -5.87542e-11 0
1817 7.45525e-11 -0
1818 -2.02628e-11 -0
1819 1.33862e-10 0
1820 -4.7358e-11 0
1821 3.73562e-11 -0
1822 2.03496e-10 -0
1823 -6.02032e-11 -0
1824 1.6179e-10 0
1825 -1.02308e-10 -0
1826 3.24302e-11 -0
1827 1.08815e-10 -0
1828 -2.94549e-11 -0
1829 1.46637e-11 -0
1830 -1.56962e-11 0
1831 6.18433e-12 -0
1832 -8.46638e-11 0
1833 2.32615e-11 0
1834 -4.75088e-11 -0
1835 1.5784e-11 -0
1836 6.16351e-11 0
1837 -3.33775e-11 -0
1838 9.55269e-12 -0
1839 -6.77239e-12 -0
1840 1.83715e-10 0
1841 -6.58516e-11 0
1842 8.373e-11 -0
1843 -2.22999e-11 0
1844 -1.69917e-10 -0
1845 7.19411e-11 0
1846 -2.17474e-11 -0
1847 5.92952e-11 -0
1848 -4.61196e-11 -0
1849 1.25855e-11 -0
1850 1.7143e-10 0
1851 -7.6848e-11 0
1852 8.16782e-11 0
1853 -2.37985e-11 -0
1854 -1.03743e-10 0
1855 3.52813e-11 -0
1856 -2.2659e-11 0
1857 6.01301e-12 -0
1858 -2.32538e-11 0
1859 8.75934e-12 0
1860 -1.28579e-11 0
1861 4.08189e-12 -0
1862 2.2605e-11 0
1863 -1.12155e-11 -0
1864 3.05933e-12 -0
1865 -1.66857e-11 0
1866 1.40689e-11 -0
1867 -4.01183e-12 -0
1868 -1.43432e-10 0
1869 5.88775e-11 -0
1870 -1.57182e-11 -0
1871 3.32698e-11 -0
1872 -1.8982e-11 -0
1873 -8.74092e-11 -0
1874 2.69289e-11 -0
1875 -1.96969e-11 -0
1876 7.03942e-12 0
1877 -8.73434e-12 0
1878 2.44602e-12 -0
1879 -2.20905e-11 0
1880 1.01752e-11 0
1881 -2.72498e-12 0
1882 -1.76406e-11 -0
1883 4.4875e-11 -0
1884 -1.32274e-11 -0
1885 7.06976e-12 0
1886 -6.49462e-12 -0
1887 2.16702e-12 -0
1888 2.36447e-11 -0
1889 -6.26831e-12 -0
1890 2.47971e-12 0
1891 1.11308e-11 -0
1892 -6.62261e-12 0
1893 1.10569e-11 -0
1894 -3.05949e-12 0
1895 -8.7071e-11 -0
1896 2.86437e-11 0
1897 -1.29641e-11 -0
1898 1.45284e-11 -0
1899 -3.95408e-12 -0
1900 1.71629e-11 0
1901 -6.40251e-12 0
1902 4.70608e-12 0
1903 2.13187e-11 -0
1904 -6.20229e-12 0
1905 1.39337e-11 0
1906 -4.45236e-12 0
1907 2.38448e-12 -0
1908 1.48519e-11 -0
1909 -4.10384e-12 0
1910 3.73927e-12 -0
1911 1.04847e-11 -0
1912 -3.27886e-12 -0
1913 1.45003e-12 0
1914 -2.18356e-11 0
1915 7.71523e-12 0
1916 -9.51392e-12 -0
1917 2.64256e-12 -0
1918 -1.82205e-12 0
1919 -6.51881e-12 0
1920 1.92878e-12 0
1921 -1.19043e-11 0
1922 5.82953e-12 -0
1923 -1.57932e-12 -0
1924 2.58158e-12 -0
1925 -8.68759e-13 0
1926 1.08386e-11 -0
1927 -4.25143e-12 -0
1928 2.5115e-12 0
1929 -6.73765e-13 -0
1930 1.2017e-12 -0
1931 8.50717e-12 -0
1932 -3.07584e-12 -0
1933 2.54984e-12 0
1934 -7.28141e-13 -0
1935 -1.06954e-11 -0
1936 5.30984e-12 0
1937 -1.47435e-12 -0
1938 1.75832e-12 0
1939 -4.4444e-12 -0
1940 1.16879e-12 0
1941 -6.53717e-13 -0
1942 -4.98519e-12 0
1943 1.51955e-12 -0
1944 -5.86747e-13 -0
1945 4.52216e-13 0
1946 3.26235e-12 0
1947 -9.17717e-13 -0
1948 3.46178e-13 0
1949 4.46033e-13 -0
1950 -2.47971e-13 -0
1951 9.06484e-13 -0
1952 -2.75658e-13 -0
1953 3.37376e-13 0
1954 -9.65038e-14 -0
1955 7.27189e-14 -0
1956 6.14876e-15 -0
1957 -1.02114e-14 -0
1958 9.48039e-13 0
1959 -5.57198e-13 -0
1960 1.75278e-13 -0
1961 -2.95936e-13 -0
1962 1.11515e-13 0
1963 -1.84e-13 0
1964 4.01697e-14 0
1965 9.57476e-14 0
1966 -5.70068e-14 0
1967 3.08739e-13 0
1968 -7.58553e-14 -0
1969 3.40975e-14 -0
1970 -8.46996e-15 -0
1971 -6.38226e-12 0
1972 3.17558e-12 -0
1973 -4.00484e-12 0
1974 1.07875e-12 0
1975 4.44649e-12 -0
1976 -1.38433e-12 -0
1977 8.09494e-13 -0
1978 -3.73828e-12 -0
1979 1.43699e-12 -0
1980 -3.97662e-13 0
1981 6.95723e-13 0
1982 5.53671e-12 -0
1983 -1.86563e-12 0
1984 1.53785e-12 0
1985 -4.53511e-13 0
1986 -1.32556e-12 -0
1987 6.4315e-13 0
1988 -6.94183e-13 -0
1989 1.93135e-13 -0
1990 -4.19602e-12 -0
1991 1.7906e-12 -0
1992 -1.12365e-12 0
1993 3.38569e-13 -0
1994 1.56059e-12 0
1995 -5.40731e-12 0
1996 1.9266e-12 -0
1997 -5.42746e-13 0
1998 6.43779e-13 0
1999 -2.64288e-13 0
2000 -9.49272e-13 -0
2001 2.58892e-13 0
2002 -1.724e-13 0
2003 1.42279e-11 -0
2004 -4.45974e-12 0
2005 8.01885e-12 0
2006 -4.14869e-12 -0
2007 1.18305e-12 -0
2008 1.1222e-11 -0
2009 -4.14428e-12 0
2010 3.67463e-12 -0
2011 -9.80511e-13 0
2012 -3.93836e-12 -0
2013 5.74617e-12 -0
2014 -1.90191e-12 0
2015 1.18833e-11 0
2016 -3.23363e-12 -0
2017 1.52355e-12 -0
2018 -1.1104e-12 0
2019 3.24404e-13 -0
2020 -8.63056e-13 0
2021 3.34939e-13 0
2022 2.07433e-12 0
2023 -1.1491e-12 0
2024 3.49378e-13 -0
2025 5.2868e-12 0
2026 -1.42299e-12 -0
2027 1.48787e-12 -0
2028 -6.35093e-13 0
2029 -2.61082e-12 -0
2030 7.33659e-13 -0
2031 -1.57234e-12 -0
2032 5.41833e-13 0
2033 -4.44822e-13 -0
2034 5.23444e-12 0
2035 -1.43896e-12 0
2036 7.1483e-13 0
2037 -9.39658e-13 0
2038 3.03734e-13 -0
2039 1.49077e-12 -0
2040 -3.98008e-13 0
2041 2.59476e-13 0
2042 -1.05012e-12 -0
2043 3.13474e-13 0
2044 -1.38833e-13 0
2045 -5.45779e-12 0
2046 2.00454e-12 0
2047 -3.27569e-12 0
