0 0 0
1 -0 -0
2 -0 0
3 0 -0
4 -0 0
5 2.70233e-90 -0
6 -7.90496e-91 0
7 3.45236e-91 0
8 -3.33527e-91 0
9 -1.60772e-90 -0
10 4.48603e-91 0
11 -1.70098e-91 -0
12 6.71758e-91 0
13 -4.9156e-91 0
14 1.5227e-91 0
15 5.42875e-91 -0
16 -2.71329e-91 0
17 7.44354e-92 0
18 -9.84944e-92 -0
19 5.82898e-22 -0
20 -1.99106e-22 -0
21 5.51711e-23 0
22 -1.13703e-22 -0
23 5.85076e-23 0
24 -4.5036e-23 -0
25 1.39501e-23 -0
26 6.9199e-23 0
27 -2.69746e-23 -0
28 1.22879e-22 -0
29 -3.25776e-23 0
30 3.2954e-23 0
31 -9.58938e-24 -0
32 -1.70137e-22 -0
33 7.54795e-23 -0
34 -4.6552e-23 -0
35 1.25138e-23 0
36 8.64966e-23 0
37 -1.17702e-22 0
38 4.14369e-23 -0
39 -1.45417e-22 -0
40 4.07511e-23 -0
41 -1.34807e-23 -0
42 -1.91854e-06 0
43 1.43946e-06 -0
44 -5.92894e-07 0
45 -2.24323e-06 -0
46 6.22885e-07 0
47 -1.23798e-06 0
48 6.28669e-07 -0
49 -1.88742e-07 -0
50 1.86836e-07 0
51 -5.01373e-08 0
52 4.71316e-07 -0
53 -1.80945e-07 0
54 -7.48192e-07 0
55 4.53392e-07 -0
56 -1.45398e-07 -0
57 3.95669e-07 -0
58 -1.07414e-07 -0
59 1.43711e-07 0
60 -6.73422e-08 -0
61 -3.81431e-07 0
62 1.11265e-07 0
63 -9.51026e-08 0
64 2.94757e-08 0
65 3.59928e-07 -0
66 -1.98983e-07 -0
67 5.3637e-08 0
68 -8.57125e-08 0
69 3.12843e-08 0
70 1.16914e-07 0
71 -5.13403e-08 0
72 1.43423e-08 0
73 -7.23969e-08 0
74 4.85846e-08 -0
75 -1.66093e-08 -0
76 -1.24598e-07 0
77 1.42339e-07 0
78 -3.89846e-08 0
79 1.5064e-06 0
80 -5.89023e-07 0
81 1.75432e-07 -0
82 8.16544e-07 -0
83 -6.32916e-07 0
84 1.69722e-07 0
85 -3.64235e-07 0
86 1.1817e-07 0
87 -5.87867e-08 -0
88 2.16868e-07 0
89 -6.20714e-08 -0
90 3.8563e-08 0
91 1.54811e-07 0
92 -6.48718e-08 -0
93 6.19e-08 0
94 -1.71045e-08 -0
95 0.0173621 -0
96 -0.00606878 -0
97 0.0376949 0
98 -0.0114883 -0
99 0.00612423 -0
100 -0.00824136 0
101 0.00219725 0
102 0.00945927 0
103 -0.00353582 -0
104 0.00251219 -0
105 -0.0059185 0
106 0.00166043 0
107 0.0104356 0
108 -0.00343605 -0
109 0.00151695 -0
110 -0.00174042 0
111 0.000466403 -0
112 -0.00440747 0
113 0.0025589 0
114 -0.000744742 0
115 -0.0109168 -0
116 0.00940731 0
117 -0.00296085 0
118 0.00519979 0
119 -0.00208093 0
120 -0.0100613 0
121 0.00271667 0
122 -0.00127938 -0
123 0.00353796 -0
124 -0.00101699 0
125 0.000655131 0
126 0.00272227 0
127 -0.000929695 -0
128 0.000932018 -0
129 -0.000249016 0
130 -0.00213892 0
131 0.000641727 -0
132 -0.000327902 -0
133 0.000482719 0
134 -0.000133393 -0
135 -0.360425 0
136 0.132077 -0
137 -0.107963 -0
138 0.408798 -0
139 -0.175856 -0
140 0.0469692 0
141 0.242969 -0
142 -0.075588 -0
143 0.0423885 0
144 -0.259778 -0
145 0.0710246 -0
146 -0.0895799 -0
147 0.0345238 0
148 0.646633 0
149 -0.440909 0
150 0.144933 0
151 0.594026 -0
152 -0.165925 -0
153 0.076099 -0
154 -0.152631 -0
155 0.0412015 -0
156 -0.0447375 0
157 -0.293124 0
158 0.103793 -0
159 -0.0306691 0
160 0.38972 -0
161 -0.284681 -0
162 0.115582 -0
163 -0.0330543 -0
164 -0.158632 0
165 0.258922 -0
166 -0.0831302 0
167 0.0441496 -0
168 -0.0118088 -0
169 0.0324536 -0
170 0.128662 0
171 -0.114492 -0
172 0.0386476 -0
173 -0.0106157 -0
174 0.00629946 0
175 0.0587651 0
176 -0.0281477 -0
177 0.123981 0
178 -0.0377898 0
179 0.0140978 -0
180 -0.509256 0
181 0.138605 0
182 -0.138025 0
183 0.0580382 0
184 0.250586 0
185 -0.0707909 0
186 0.0552301 0
187 -0.128766 -0
188 0.0386393 0
189 -0.0247553 -0
190 -0.892933 0
191 0.238641 0
192 -0.0858998 0
193 0.120566 -0
194 -0.0601878 0
195 -0.336408 -0
196 0.0974253 -0
197 -0.735843 0
198 0.288954 0
199 -0.0776668 -0
200 0.0924818 -0
201 0.371661 -0
202 -0.118029 0
203 0.0655042 -0
204 -0.216459 -0
205 0.0597378 0
206 -0.0496532 0
207 0.0218728 -0
208 -0.0406453 0
209 0.0135354 0
210 0.0919994 -0
211 -0.0258427 0
212 0.0174096 0
213 -0.329403 0
214 0.114836 -0
215 -0.0310903 0
216 -0.121755 0
217 0.112803 -0
218 -0.0349523 0
219 0.0159092 -0
220 -0.0812228 -0
221 0.0217493 0
222 -0.0378889 0
223 0.014358 0
224 0.0640178 0
225 -0.0187709 -0
226 0.0114324 0
227 0.151526 -0
228 -0.0772725 -0
229 0.0853794 -0
230 -0.0242681 0
231 0.00788256 -0
232 -0.0199233 0
233 0.0082291 0
234 0.0416911 -0
235 -0.0112439 -0
236 0.00848165 -0
237 -0.080291 0
238 0.0239119 -0
239 -0.0308033 -0
240 0.0144662 0
241 -0.00386357 0
242 -0.0340564 0
243 0.0116389 0
244 -0.00822995 0
245 -0.0345211 0
246 0.00962321 0
247 -0.0207778 -0
248 0.00829141 0
249 -0.00470623 -0
250 0.00147043 -0
251 0.0315749 -0
252 -0.0326928 -0
253 0.00890992 -0
254 -0.0268622 0
255 0.00971294 -0
256 0.0381431 0
257 -0.0109787 0
258 0.00942799 0
259 -0.00461025 0
260 0.00123728 0
261 -0.00182445 -0
262 -0.0108573 0
263 0.00470232 0
264 -0.00144498 -0
265 0.0061182 0
266 -0.00382027 0
267 0.00104812 0
268 -0.151146 -0
269 0.0532964 0
270 0.245448 0
271 -0.133151 0
272 0.0387955 0
273 -0.0619383 -0
274 0.0593762 -0
275 -0.0158696 0
276 0.00608809 0
277 -0.0391773 -0
278 0.0129175 0
279 0.144343 0
280 -0.116126 -0
281 0.0321665 0
282 -0.0144026 0
283 -0.0573679 0
284 0.0173472 0
285 -0.0232611 -0
286 0.0152882 0
287 -0.00414829 -0
288 0.0150772 -0
289 -0.0055512 -0
290 -0.029474 -0
291 0.0153236 0
292 -0.004826 -0
293 0.103234 0
294 -0.0277899 -0
295 0.0318272 -0
296 -0.013587 0
297 -0.100498 -0
298 0.028431 -0
299 -0.0538986 -0
300 0.0312395 0
301 -0.010507 0
302 -0.0433929 0
303 0.0116299 0
304 -0.00802796 0
305 0.0809689 -0
306 -0.0316424 -0
307 0.00933093 0
308 -0.0222109 0
309 0.00715134 0
310 0.340097 -0
311 -0.305703 0
312 0.0842578 -0
313 -0.0389522 -0
314 -0.189685 -0
315 0.0654172 -0
316 -0.0810106 0
317 0.0216401 0
318 -0.114942 0
319 0.0846529 0
320 -0.0242503 -0
321 0.00988836 -0
322 0.0423488 0
323 -0.0704963 -0
324 0.0197213 0
325 -0.00999896 0
326 -0.163519 -0
327 0.0585946 -0
328 -0.0626134 0
329 0.0169189 -0
330 -0.0544542 0
331 0.0329396 -0
332 -0.00990522 -0
333 -0.0627271 -0
334 0.0236684 0
335 0.0934375 -0
336 -0.0297536 0
337 0.0230241 0
338 -0.00628916 0
339 0.0128723 0
340 -0.00619733 -0
341 0.291232 0
342 -0.0779155 0
343 0.0326104 -0
344 -0.0499232 0
345 0.0152484 0
346 0.122356 -0
347 -0.0675068 -0
348 0.019517 -0
349 -0.019242 -0
350 -0.0777516 -0
351 0.0263491 0
352 -0.074029 -0
353 0.0205689 0
354 -0.0132695 -0
355 0.116385 0
356 -0.0466292 -0
357 0.0125268 0
358 -0.0103258 -0
359 -0.0488402 0
360 0.0159952 -0
361 -0.00844727 -0
362 0.0331357 -0
363 -0.00984781 -0
364 -0.0972662 -0
365 0.0264476 -0
366 -0.0115983 -0
367 0.0139539 0
368 -0.00509111 0
369 -0.0199378 -0
370 0.005675 0
371 -0.00404281 -0
372 0.00889354 0
373 -0.00237507 0
374 0.0328326 0
375 -0.0193464 -0
376 0.00676681 0
377 -0.00621157 0
378 0.00192838 0
379 0.0109644 0
380 -0.00517293 0
381 0.00145497 0
382 -0.00710618 -0
383 0.0100861 -0
384 -0.00390477 0
385 -0.116405 0
386 0.0318621 0
387 0.140781 -0
388 -0.0467453 0
389 0.0290041 0
390 -0.00849053 -0
391 0.0150475 -0
392 -0.00739771 -0
393 0.00198042 -0
394 -0.165836 0
395 0.141132 0
396 -0.0520695 -0
397 0.132261 -0
398 -0.041303 0
399 -0.182771 -0
400 0.0490591 0
401 -0.0493483 0
402 0.0219948 -0
403 -0.114442 -0
404 0.0314346 -0
405 -0.0207455 0
406 -0.121289 0
407 0.0365278 -0
408 -0.0150213 -0
409 0.0194096 -0
410 -0.0108253 0
411 -0.158808 0
412 0.0422315 -0
413 -0.0136021 -0
414 0.0101982 -0
415 -0.0326588 0
416 0.00942267 0
417 0.0430435 0
418 -0.0152035 -0
419 0.0169035 0
420 -0.00455645 0
421 0.002335 -0
422 0.0176065 -0
423 -0.00689797 0
424 0.013126 -0
425 -0.00368447 0
426 0.0456961 0
427 -0.013979 -0
428 0.0108297 0
429 0.0462611 0
430 -0.0193877 -0
431 0.00518454 -0
432 -0.0320029 -0
433 0.0110266 0
434 -0.0102531 -0
435 0.00546533 -0
436 -0.0015501 0
437 -0.0162046 0
438 0.0247735 0
439 -0.00677214 -0
440 0.00308768 -0
441 0.0155074 -0
442 -0.00514645 -0
443 0.00348282 -0
444 -0.00821962 -0
445 0.00243754 -0
446 -0.000648133 -0
447 -0.0161414 0
448 0.00610001 0
449 -0.00760455 -0
450 0.00478248 0
451 -0.0200743 -0
452 0.00638912 -0
453 -0.00177361 -0
454 -0.00764617 0
455 0.00376576 -0
456 -0.00311148 0
457 0.000830253 -0
458 -0.0139222 0
459 0.00556817 0
460 0.038035 0
461 -0.0110965 0
462 0.0194216 0
463 -0.0110379 -0
464 0.00376417 -0
465 -0.0040089 -0
466 0.00108093 0
467 0.00601975 0
468 -0.00263591 0
469 0.00724513 0
470 -0.00206755 -0
471 0.00147023 0
472 -0.000454838 0
473 0.00385829 -0
474 -0.00142683 -0
475 0.00198081 -0
476 -0.000528641 0
477 -0.00265308 0
478 0.00124597 -0
479 -0.000346468 0
480 -0.00717171 -0
481 0.00619227 -0
482 -0.00200141 -0
483 0.00432849 0
484 -0.00254664 0
485 0.000675685 -0
486 0.00581642 0
487 -0.00246959 0
488 0.000746087 0
489 0.00319075 -0
490 -0.0031422 0
491 0.00113477 0
492 -0.0003076 -0
493 0.00203543 -0
494 -0.00107275 0
495 0.00362493 -0
496 -0.00106473 0
497 0.00121483 -0
498 -0.000477598 -0
499 -0.210666 -0
500 0.0596393 0
501 -0.0443425 0
502 -0.191674 -0
503 0.0649018 -0
504 -0.0173832 -0
505 0.0294218 -0
506 -0.0147018 0
507 -0.0847395 0
508 0.0267767 0
509 -0.0174171 -0
510 0.00481729 -0
511 -0.0100365 -0
512 0.00411369 0
513 0.0427391 0
514 -0.0115287 0
515 0.00928302 -0
516 -0.00329738 -0
517 0.017931 0
518 -0.0052055 0
519 0.00699177 0
520 -0.00315896 -0
521 -0.0129207 -0
522 0.00353454 -0
523 -0.00196293 -0
524 0.0855999 0
525 -0.0255462 0
526 0.0244139 -0
527 -0.0721599 -0
528 0.01926 0
529 -0.00707399 -0
530 -0.0358327 -0
531 0.0223238 -0
532 -0.00736709 0
533 -0.0497553 -0
534 0.0240558 -0
535 -0.00740987 -0
536 0.0110371 -0
537 -0.00306318 0
538 -0.0943427 -0
539 0.0657715 0
540 -0.0284579 0
541 0.00758131 -0
542 -0.0190093 -0
543 0.019657 -0
544 -0.0068651 -0
545 -0.0323235 -0
546 0.00928853 -0
547 -0.0382885 0
548 0.0148646 -0
549 -0.00772431 -0
550 0.00209739 0
551 0.0178446 -0
552 -0.0219996 -0
553 0.00691965 0
554 -0.00584197 -0
555 -0.0247736 -0
556 0.00680495 -0
557 -0.00316568 0
558 0.026313 0
559 -0.00791689 0
560 0.0048163 -0
561 -0.00779785 0
562 0.00207847 0
563 -0.000695366 0
564 0.0124212 0
565 -0.00473127 -0
566 -0.0258428 -0
567 0.0238497 0
568 -0.00693486 0
569 0.00392795 -0
570 -0.0133903 -0
571 0.00359707 -0
572 0.0148981 0
573 -0.00624793 -0
574 0.00419834 -0
575 -0.00134845 0
576 0.00252045 0
577 -0.000707897 -0
578 -0.0105241 -0
579 0.00378027 -0
580 -0.00415923 0
581 0.00112438 -0
582 -0.00688373 -0
583 0.0035036 -0
584 -0.00107034 -0
585 0.00084658 0
586 0.00368773 -0
587 -0.000986105 -0
588 -0.0630748 0
589 0.0280221 0
590 -0.0384188 -0
591 0.0131151 0
592 -0.00373246 0
593 -0.0274863 -0
594 0.0149298 0
595 -0.0344905 -0
596 0.00952385 0
597 -0.0038115 -0
598 0.0182268 0
599 -0.0131705 0
600 0.00430868 -0
601 0.0207968 0
602 -0.00554127 -0
603 0.00590708 -0
604 -0.00222589 -0
605 0.0307439 0
606 -0.00910196 -0
607 0.00527488 0
608 0.0218494 0
609 -0.00596155 -0
610 0.0118467 -0
611 -0.00538984 -0
612 0.00168196 -0
613 -0.00150629 -0
614 -0.00851729 -0
615 0.00228629 0
616 -0.00150227 0
617 0.00397425 -0
618 -0.00139957 -0
619 -0.016658 0
620 0.00465163 0
621 -0.00597863 0
622 0.00257017 0
623 -0.000753801 -0
624 0.0246447 0
625 -0.0187969 0
626 0.00501118 -0
627 0.0206252 0
628 -0.0075404 -0
629 0.0119274 -0
630 -0.00581122 0
631 0.00185038 -0
632 -0.00702556 -0
633 0.00198479 0
634 0.0129994 0
635 -0.00528522 0
636 0.00602401 -0
637 -0.00162447 0
638 0.00111795 -0
639 0.0285112 -0
640 -0.0096067 0
641 -0.0429087 0
642 0.0122666 0
643 -0.00721013 0
644 0.0233214 0
645 -0.00897204 0
646 0.00239728 0
647 -0.0020826 0
648 0.0194921 -0
649 -0.0059261 -0
650 0.00273486 0
651 -0.00399746 0
652 0.0010938 0
653 0.0110175 -0
654 -0.00580072 -0
655 0.00201035 -0
656 0.0106649 0
657 -0.00319324 0
658 0.00679635 0
659 -0.00430778 -0
660 0.00119249 -0
661 -0.00118046 0
662 -0.00497437 -0
663 0.00161231 -0
664 -0.000667177 0
665 0.00390477 -0
666 -0.00104025 -0
667 0.00125832 -0
668 -0.000632543 0
669 -0.0593297 0
670 0.0172309 0
671 -0.00643226 0
672 0.0116283 -0
673 -0.00314602 -0
674 -0.013308 0
675 0.0104949 -0
676 -0.00350898 -0
677 0.0104271 -0
678 -0.00499741 0
679 0.0013619 0
680 0.00835814 0
681 -0.00519151 -0
682 0.00160418 0
683 0.0208892 0
684 -0.00826055 0
685 0.00696425 0
686 -0.00196398 0
687 0.00955481 -0
688 -0.00344339 -0
689 -0.0130779 -0
690 0.00351026 0
691 -0.00376707 -0
692 0.00209699 0
693 -0.000621023 -0
694 0.00839457 -0
695 -0.00358591 -0
696 0.00681922 -0
697 -0.00188464 0
698 -0.00875718 0
699 0.0065161 0
700 -0.00207731 0
701 0.00325351 -0
702 -0.00143488 0
703 -0.0108717 0
704 0.00292904 -0
705 -0.00101547 0
706 0.000969348 -0
707 -0.00756933 -0
708 0.00219133 0
709 -0.00132715 -0
710 -0.00527355 0
711 0.001443 0
712 -0.00354959 0
713 0.00141791 0
714 -0.000423695 0
715 -0.00766032 -0
716 0.00384153 0
717 -0.00277289 0
718 0.00074522 -0
719 -0.00103683 -0
720 0.000343874 0
721 0.00165858 -0
722 -0.000472506 -0
723 0.00162325 0
724 -0.000614278 -0
725 0.000338459 -0
726 0.00120035 -0
727 -0.000376974 0
728 0.000352643 0
729 -0.0176914 0
730 0.00495943 0
731 -0.00234598 0
732 0.00281158 0
733 -0.000961979 -0
734 -0.0066103 -0
735 0.0017807 0
736 -0.00116244 -0
737 0.00667247 -0
738 -0.00202608 0
739 0.00346417 -0
740 -0.00140899 0
741 -0.00596379 -0
742 0.00162569 -0
743 -0.00133488 0
744 0.000485582 -0
745 -0.00194297 0
746 0.000557593 -0
747 -0.000317191 0
748 -0.00285726 0
749 0.000922289 0
750 -0.00198743 0
751 0.000533175 0
752 -0.000241484 0
753 -0.000963548 0
754 0.000957291 -0
755 -0.000281035 0
756 0.000145964 0
757 -0.00304336 0
758 0.000839008 -0
759 -0.000634019 -0
760 -0.00286001 -0
761 0.0011034 0
762 -0.00159518 -0
763 0.000503146 0
764 -0.00135927 0
765 0.000367411 0
766 -0.000154589 -0
767 -0.000170242 0
768 0.000180636 -0
769 -7.59818e-05 -0
770 0.000270872 0
771 -6.41692e-05 0
772 2.18708e-05 0
773 -1.17139e-07 0
774 -0.00144139 0
775 0.000397285 0
776 -0.000134726 0
777 -0.000255273 0
778 0.000177764 0
779 -5.47747e-05 -0
780 0.000198136 -0
781 -0.000193175 0
782 6.12571e-05 0
783 -2.82695e-05 -0
784 0.000388072 0
785 -0.000100941 0
786 0.000104429 0
787 -3.55988e-05 -0
788 -0.000261213 -0
789 0.000595476 -0
790 -0.000163218 0
791 8.93434e-05 0
792 -2.76844e-05 -0
793 2.68355e-05 0
794 -6.29998e-06 -0
795 -0.000127008 0
796 6.28521e-05 -0
797 -2.31457e-05 0
798 -0.022214 0
799 0.00614791 0
800 -0.00642042 -0
801 0.00464012 -0
802 -0.00139026 0
803 -0.00586156 -0
804 0.00242043 0
805 -0.00695938 -0
806 0.00190398 0
807 -0.000590083 0
808 0.00808317 -0
809 -0.00373266 -0
810 0.00334186 0
811 0.0220867 -0
812 -0.00784459 0
813 0.00211398 0
814 -0.00421766 -0
815 0.00214787 0
816 -0.000603277 -0
817 0.00364378 0
818 -0.00249508 -0
819 0.000807579 0
820 0.00314486 0
821 -0.0038142 0
822 0.00101958 -0
823 -0.000387402 0
824 -0.00881321 0
825 0.00259205 0
826 -0.00158043 -0
827 0.00558472 -0
828 -0.00248303 -0
829 -0.0109195 0
830 0.00315133 0
831 -0.00241836 -0
832 0.000805961 0
833 -0.00117868 -0
834 -0.00952312 -0
835 0.00261426 0
836 -0.000972344 -0
837 0.000992529 -0
838 -0.000522205 0
839 0.000140301 -0
840 0.00055247 -0
841 -0.000170069 0
842 0.000849704 -0
843 -0.000405321 0
844 0.0121114 0
845 -0.00420417 0
846 0.00346093 0
847 -0.000977849 -0
848 0.00181044 -0
849 0.0108041 0
850 -0.00293379 0
851 0.00172647 0
852 -0.000548146 -0
853 0.00140844 -0
854 -0.000603361 0
855 -0.00293056 -0
856 0.000869301 -0
857 -0.000959744 -0
858 0.00025657 -0
859 0.00274207 -0
860 -0.00108994 0
861 0.00151542 0
862 -0.000850199 0
863 0.000237457 -0
864 -0.00240547 0
865 0.000861417 -0
866 -0.000832246 -0
867 -0.00342347 -0
868 0.000921382 -0
869 -0.00064684 -0
870 0.000213917 -0
871 -0.00152514 0
872 0.000459507 -0
873 -0.00023026 0
874 -0.00160204 0
875 0.000456852 -0
876 -0.00072981 0
877 0.000297362 0
878 -0.000235835 0
879 -0.000913551 0
880 0.000247043 -0
881 -0.000759651 0
882 0.000346952 0
883 -0.000109011 0
884 -0.00174498 0
885 0.000482774 0
886 -0.000311815 -0
887 0.000394617 0
888 -0.000138124 -0
889 -0.00070737 0
890 0.000189738 -0
891 -0.000428375 0
892 0.000166691 -0
893 -0.000145693 -0
894 4.25718e-05 -0
895 -0.00185048 0
896 0.000893299 0
897 -0.000286469 -0
898 -0.00113898 0
899 0.00031041 -0
900 -0.000185005 -0
901 0.00082996 -0
902 -0.000312596 0
903 0.000540666 -0
904 -0.000155309 0
905 -0.000680571 -0
906 0.000460107 0
907 -0.000154031 -0
908 0.000143356 0
909 -3.83384e-05 0
910 -0.000299099 0
911 0.000124993 -0
912 -0.000409491 0
913 0.000125273 -0
914 -6.86068e-05 0
915 1.88607e-05 0
916 -0.000371855 0
917 0.000427525 0
918 -0.000190957 -0
919 -0.00109581 -0
920 0.000310225 -0
921 -0.000227442 0
922 7.79474e-05 0
923 -0.000160582 -0
924 4.3075e-05 0
925 0.000673532 0
926 -0.000200458 -0
927 0.000264997 -0
928 -0.000137541 0
929 -0.000553578 -0
930 0.00020368 -0
931 -0.00106493 0
932 0.000288138 0
933 -0.000179419 0
934 5.57672e-05 0
935 0.000265049 0
936 -0.000112345 0
937 0.000121545 -0
938 -3.40797e-05 -0
939 0.000275279 -0
940 -0.000128929 0
941 3.44399e-05 0
942 -8.4695e-05 0
943 6.78844e-05 0
944 -2.20168e-05 -0
945 -8.62918e-05 0
946 3.28908e-05 -0
947 -4.91742e-05 0
948 1.36467e-05 -0
949 0.000128024 0
950 -7.32461e-05 -0
951 2.15864e-05 -0
952 -0.000609124 0
953 0.000241618 -0
954 -0.000206158 -0
955 5.48296e-05 0
956 -0.000170072 -0
957 5.69374e-05 -0
958 0.000294655 0
959 -0.000188782 -0
960 5.39329e-05 -0
961 -9.61754e-05 0
962 4.62807e-05 0
963 -1.45252e-05 0
964 -0.000123296 0
965 3.32774e-05 -0
966 -3.17088e-05 0
967 1.36286e-05 0
968 -8.72558e-05 0
969 2.58219e-05 0
970 -9.09308e-06 0
971 -5.54921e-05 0
972 4.12965e-05 0
973 -1.08895e-05 -0
974 1.60476e-05 0
975 -8.35224e-06 -0
976 -0.000479654 -0
977 0.000133984 0
978 -0.000344296 0
979 0.000117393 0
980 -8.21794e-05 -0
981 2.21374e-05 -0
982 9.81492e-05 -0
983 -3.88167e-05 -0
984 4.49333e-05 -0
985 -1.37012e-05 0
986 -0.000231277 -0
987 6.5686e-05 0
988 -3.97974e-05 -0
989 0.0004028 0
990 -0.000106732 0
991 4.76516e-05 -0
992 0.000277761 -0
993 -0.000377117 -0
994 0.0001219 0
995 -0.000100911 -0
996 3.73081e-05 -0
997 -1.01578e-05 0
998 2.19075e-05 0
999 -1.13526e-05 0
1000 -5.59079e-05 -0
1001 1.49553e-05 0
1002 -7.2639e-05 0
1003 2.24848e-05 -0
1004 -2.23843e-05 0
1005 9.53533e-06 -0
1006 8.74911e-05 0
1007 -2.56632e-05 -0
1008 1.42089e-05 0
1009 -5.16655e-05 0
1010 1.4181e-05 -0
1011 -4.95955e-06 -0
1012 -0.000266329 0
1013 0.000202531 -0
1014 -8.40243e-05 0
1015 0.000159481 -0
1016 -4.31133e-05 0
1017 -0.00015416 0
1018 7.61915e-05 0
1019 -2.18067e-05 0
1020 2.94776e-05 -0
1021 0.000136735 0
1022 -4.67976e-05 0
1023 3.11533e-05 -0
1024 -9.39243e-06 0
1025 3.04674e-05 -0
1026 -2.87926e-05 0
1027 7.85756e-06 -0
1028 -0.000185962 0
1029 6.61693e-05 0
1030 -3.21772e-05 0
1031 -0.000172831 0
1032 5.36579e-05 -0
1033 -1.41324e-05 0
1034 1.99041e-05 -0
1035 -8.54039e-05 0
1036 3.23666e-05 -0
1037 -8.76537e-06 -0
1038 5.57822e-06 -0
1039 0.000126355 -0
1040 -3.60909e-05 -0
1041 3.75723e-05 0
1042 -1.70345e-05 -0
1043 -0.000109066 -0
1044 3.55384e-05 -0
1045 -6.81848e-05 0
1046 1.80101e-05 -0
1047 -1.01401e-05 -0
1048 3.03479e-06 0
1049 2.42225e-05 -0
1050 -1.93328e-05 -0
1051 7.3305e-06 0
1052 -2.21228e-05 -0
1053 6.00969e-06 0
1054 2.86742e-05 0
1055 -1.24064e-05 0
1056 1.15177e-05 0
1057 -3.32686e-06 -0
1058 -0.000148927 -0
1059 5.29596e-05 -0
1060 -3.24379e-05 0
1061 8.84425e-06 -0
1062 -2.50631e-05 -0
1063 3.20884e-05 -0
1064 -1.34464e-05 -0
1065 -8.09476e-05 -0
1066 2.24238e-05 -0
1067 -1.17723e-05 0
1068 9.395e-05 -0
1069 -3.11748e-05 0
1070 -0.000119385 -0
1071 3.48194e-05 0
1072 -2.71309e-05 0
1073 4.91265e-05 0
1074 -1.32437e-05 -0
1075 4.81824e-06 0
1076 3.06274e-05 0
1077 -2.04883e-05 0
1078 6.51641e-06 0
1079 1.75194e-05 0
1080 -8.9195e-06 0
1081 2.56481e-06 0
1082 -3.05904e-06 -0
1083 1.89378e-05 -0
1084 -5.79368e-06 0
1085 3.3039e-06 -0
1086 1.20132e-05 -0
1087 -3.32812e-06 0
1088 5.72109e-06 -0
1089 -2.20224e-06 0
1090 3.70096e-05 -0
1091 -1.26157e-05 -0
1092 9.18344e-06 0
1093 -2.52959e-06 -0
1094 -9.22992e-06 0
1095 4.0661e-06 -0
1096 -8.49917e-06 -0
1097 2.77993e-06 -0
1098 -2.72996e-06 -0
1099 7.80168e-07 0
1100 -1.42106e-05 -0
1101 5.35267e-06 0
1102 -1.19237e-05 0
1103 3.08138e-06 0
1104 1.85118e-05 0
1105 -9.39829e-06 0
1106 2.77093e-06 -0
1107 -2.88951e-06 -0
1108 1.26352e-06 0
1109 1.42426e-05 0
1110 -4.26802e-06 -0
1111 3.83359e-06 -0
1112 6.27404e-06 0
1113 -1.88157e-06 -0
1114 7.4116e-07 0
1115 -6.08165e-07 0
1116 7.07243e-06 -0
1117 -2.31749e-06 0
1118 3.62271e-06 -0
1119 -1.01813e-06 0
1120 9.35374e-07 0
1121 -1.96792e-07 -0
1122 -2.52319e-08 -0
1123 4.10909e-06 0
1124 -1.06922e-06 -0
1125 9.22591e-07 -0
1126 -2.80193e-07 -0
1127 -2.09794e-09 -0
1128 2.46595e-08 -0
1129 -0.000320094 -0
1130 8.52046e-05 -0
1131 -3.56835e-05 -0
1132 5.78421e-05 0
1133 -2.05284e-05 0
1134 -0.000137258 0
1135 8.53032e-05 -0
1136 -2.62522e-05 0
1137 9.72163e-05 -0
1138 -2.61937e-05 -0
1139 2.63937e-05 -0
1140 0.0001107 0
1141 -5.47897e-05 -0
1142 1.86258e-05 -0
1143 -5.27311e-06 -0
1144 8.65351e-05 0
1145 -0.000167546 -0
1146 7.44886e-05 0
1147 -2.03944e-05 0
1148 -9.95708e-05 0
1149 7.09633e-05 0
1150 -2.27975e-05 -0
1151 2.81995e-05 -0
1152 -7.54412e-06 0
1153 -6.69611e-05 -0
1154 2.51835e-05 -0
1155 -1.38799e-05 -0
1156 8.2449e-05 -0
1157 -2.47164e-05 0
1158 2.31492e-05 -0
1159 -9.27068e-06 0
1160 -5.81255e-05 0
1161 1.54585e-05 -0
1162 -3.54371e-05 0
1163 1.00917e-05 -0
1164 -7.77514e-06 0
1165 2.5786e-06 -0
1166 6.65765e-05 0
1167 -4.03339e-05 0
1168 1.11709e-05 0
1169 4.62863e-05 -0
1170 -1.68694e-05 0
1171 2.5754e-05 0
1172 -1.33372e-05 0
1173 3.60786e-06 -0
1174 -1.16565e-05 -0
1175 3.62291e-06 -0
1176 -4.06616e-06 -0
1177 -1.83183e-05 0
1178 7.90351e-06 -0
1179 -2.31875e-06 0
1180 2.31833e-05 -0
1181 -6.18302e-06 -0
1182 5.1309e-06 0
1183 -2.00367e-06 0
1184 -2.10586e-05 0
1185 1.38338e-05 0
1186 -4.21997e-06 0
1187 2.12872e-05 -0
1188 -5.78494e-06 -0
1189 7.89228e-06 0
1190 -3.62806e-06 -0
1191 -2.0188e-05 -0
1192 6.94641e-06 -0
1193 -3.72916e-06 0
1194 1.04264e-06 -0
1195 -2.69494e-06 -0
1196 -1.15344e-05 -0
1197 3.76242e-06 0
1198 -3.3274e-06 0
1199 8.89439e-07 -0
1200 2.00866e-05 -0
1201 -8.49733e-06 0
1202 6.06539e-06 0
1203 -1.78815e-06 -0
1204 3.71406e-06 0
1205 1.84033e-05 -0
1206 -6.81753e-06 0
1207 1.91495e-06 -0
1208 -2.12696e-06 0
1209 1.11572e-06 0
1210 -1.66841e-05 -0
1211 5.37385e-06 0
1212 2.11729e-05 -0
1213 -5.72148e-06 -0
1214 3.41386e-06 -0
1215 -4.76795e-06 0
1216 1.43184e-06 0
1217 9.2747e-06 -0
1218 -4.07214e-06 0
1219 1.03342e-05 0
1220 -2.84434e-06 0
1221 2.27739e-06 -0
1222 -7.83042e-07 -0
1223 -2.35571e-06 -0
1224 8.95208e-07 0
1225 -5.56789e-06 -0
1226 1.59954e-06 0
1227 -7.28442e-07 0
1228 5.56729e-05 -0
1229 -6.15155e-05 0
1230 1.64848e-05 -0
1231 -1.06225e-05 0
1232 3.36093e-06 -0
1233 1.38167e-05 -0
1234 -2.49373e-05 -0
1235 9.73526e-06 0
1236 -2.7887e-06 0
1237 1.36991e-06 0
1238 -5.35511e-06 0
1239 1.46395e-06 0
1240 6.68618e-06 -0
1241 -5.37772e-06 -0
1242 1.90288e-06 -0
1243 2.26703e-05 -0
1244 -6.77002e-06 0
1245 3.90471e-06 -0
1246 -4.90663e-06 -0
1247 1.33107e-06 0
1248 -4.0394e-06 0
1249 1.66232e-06 0
1250 6.27882e-06 0
1251 -1.75248e-06 0
1252 1.62939e-06 0
1253 -5.41673e-07 -0
1254 4.36165e-06 0
1255 -2.9984e-06 -0
1256 9.06512e-07 -0
1257 4.84713e-06 0
1258 -2.22272e-06 0
1259 5.97536e-07 0
1260 -9.29292e-07 -0
1261 3.52019e-07 -0
1262 8.6934e-07 0
1263 -2.78448e-07 0
1264 2.56437e-07 0
1265 -1.04548e-07 0
1266 -1.40469e-08 0
1267 1.39679e-08 -0
1268 -2.2217e-07 -0
1269 8.60709e-08 0
1270 -1.44126e-06 0
1271 7.66665e-07 -0
1272 -2.25356e-07 -0
1273 1.7953e-07 0
1274 -4.48952e-08 0
1275 -1.58367e-06 -0
1276 6.60313e-07 -0
1277 -1.21877e-06 0
1278 3.49019e-07 0
1279 1.03609e-06 0
1280 -5.66417e-07 -0
1281 2.63927e-06 0
1282 -8.72185e-07 -0
1283 8.23196e-07 -0
1284 -2.28855e-07 0
1285 -6.07348e-07 -0
1286 2.26026e-07 0
1287 -2.99678e-07 0
1288 9.07473e-08 -0
1289 -1.4784e-06 -0
1290 8.11876e-07 0
1291 -2.20623e-07 -0
1292 -9.2153e-07 0
1293 4.2347e-07 -0
1294 -3.03781e-07 -0
1295 9.64479e-08 -0
1296 -2.5115e-07 -0
1297 -6.10271e-07 -0
1298 2.52405e-07 0
1299 -7.07764e-08 0
1300 1.12221e-07 -0
1301 -3.35004e-08 0
1302 2.2209e-07 -0
1303 -1.41348e-07 0
1304 4.92349e-08 -0
1305 1.47318e-07 0
1306 -4.3197e-08 0
1307 4.05319e-08 -0
1308 -4.57351e-06 0
1309 2.29183e-06 -0
1310 -7.52124e-07 -0
1311 -2.64882e-06 0
1312 7.29969e-07 0
1313 -1.28104e-06 -0
1314 5.41683e-07 0
1315 -4.02513e-07 -0
1316 1.21113e-07 -0
1317 -8.35047e-07 -0
1318 3.01656e-07 0
1319 1.15904e-06 0
1320 -3.14799e-07 0
1321 3.16664e-07 0
1322 -1.46451e-07 -0
1323 3.54444e-06 -0
1324 -9.84632e-07 0
1325 2.24559e-06 0
1326 -1.18475e-06 0
1327 3.56549e-07 0
1328 -3.64938e-07 -0
1329 9.54853e-08 -0
1330 9.74094e-07 0
1331 -3.78175e-07 0
1332 6.26424e-07 -0
1333 -2.03469e-07 0
1334 1.20985e-07 0
1335 8.10094e-07 0
1336 -2.20493e-07 0
1337 8.06028e-08 0
1338 -2.30209e-07 0
1339 1.53278e-07 -0
1340 -4.35991e-08 0
1341 -7.66289e-07 -0
1342 3.6309e-07 0
1343 -4.93215e-07 -0
1344 1.3216e-07 0
1345 6.74018e-07 0
1346 -2.1167e-07 -0
1347 1.71567e-07 0
1348 -7.38872e-08 0
1349 4.25797e-07 0
1350 -1.0999e-07 -0
1351 3.67673e-08 -0
1352 -6.44379e-08 0
1353 3.98454e-08 0
1354 -9.54787e-09 -0
1355 -1.47855e-07 -0
1356 7.04401e-08 -0
1357 -2.01119e-08 -0
1358 -3.0265e-06 -0
1359 1.22346e-06 -0
1360 -1.45557e-06 -0
1361 3.87442e-07 0
1362 -8.30585e-07 0
1363 6.04138e-07 0
1364 -1.76257e-07 -0
1365 -1.75585e-06 -0
1366 6.60484e-07 -0
1367 -3.65384e-07 0
1368 9.93105e-08 0
1369 4.39913e-07 0
1370 -1.46414e-07 -0
1371 2.7045e-07 -0
1372 -1.71309e-07 0
1373 4.77712e-08 -0
1374 -2.90068e-07 0
1375 1.33328e-07 -0
1376 -3.53073e-08 -0
1377 -2.2026e-07 -0
1378 2.27048e-07 -0
1379 -6.98517e-08 -0
1380 2.50471e-08 0
1381 8.63816e-07 0
1382 -1.35517e-06 0
1383 3.6999e-07 0
1384 -2.22422e-07 -0
1385 7.18429e-07 -0
1386 -2.35253e-07 0
1387 -8.892e-07 0
1388 3.85386e-07 0
1389 -3.51796e-07 -0
1390 1.03941e-07 0
1391 5.62455e-07 0
1392 -1.54977e-07 0
1393 8.20984e-08 0
1394 -4.67797e-07 -0
1395 1.88645e-07 0
1396 -1.53473e-07 0
1397 4.33064e-08 0
1398 1.26336e-07 0
1399 -4.50043e-08 -0
1400 8.05412e-08 -0
1401 -2.46727e-08 0
1402 -7.66174e-08 0
1403 6.02303e-08 0
1404 -1.69956e-08 -0
1405 5.33073e-07 0
1406 -2.40272e-07 -0
1407 5.58153e-07 0
1408 -1.60073e-07 -0
1409 5.98384e-08 -0
1410 3.32566e-07 0
1411 -3.54301e-07 -0
1412 1.15623e-07 0
1413 -6.17923e-08 0
1414 4.53832e-07 -0
1415 -1.23276e-07 -0
1416 7.97853e-08 -0
1417 2.752e-07 0
1418 -8.59292e-08 0
1419 1.08016e-07 0
1420 -4.46323e-08 0
1421 1.24351e-08 0
1422 -1.66711e-06 0
1423 2.90043e-06 0
1424 -1.02181e-06 -0
1425 5.51417e-07 -0
1426 -1.58055e-07 -0
1427 -7.92164e-07 -0
1428 6.64145e-07 0
1429 -1.76863e-07 0
1430 5.28586e-07 0
1431 -2.43663e-07 -0
1432 8.05988e-08 0
1433 5.60364e-07 0
1434 -7.38532e-07 -0
1435 2.05449e-07 0
1436 8.63408e-07 -0
1437 -2.59861e-07 -0
1438 1.71449e-07 0
1439 -6.59422e-08 0
1440 1.62422e-07 0
1441 -4.41829e-08 0
1442 -1.09742e-06 0
1443 1.00225e-06 0
1444 -4.79872e-07 -0
1445 1.50319e-07 0
1446 -1.03675e-06 -0
1447 2.76353e-07 -0
1448 -1.65217e-07 0
1449 -9.62094e-07 0
1450 3.26008e-07 0
1451 -3.41015e-07 0
1452 9.88351e-08 -0
1453 -4.15551e-08 -0
1454 5.21547e-07 0
1455 -4.05021e-07 -0
1456 1.09264e-07 0
1457 4.55391e-07 0
1458 -1.69729e-07 -0
1459 2.86932e-07 0
1460 -8.1672e-08 0
1461 3.41769e-07 0
1462 -1.94782e-07 -0
1463 6.32912e-08 0
1464 7.06671e-07 0
1465 -3.1751e-07 -0
1466 8.4933e-08 0
1467 -1.17842e-07 -0
1468 -5.38442e-07 0
1469 1.59842e-07 -0
1470 -1.13895e-07 -0
1471 4.08498e-08 -0
1472 -9.67816e-08 0
1473 2.68174e-08 -0
1474 -1.41161e-08 -0
1475 2.11545e-07 -0
1476 -8.29086e-08 0
1477 7.63262e-08 0
1478 -2.01154e-08 0
1479 -2.05712e-07 0
1480 6.29189e-08 0
1481 -2.06288e-07 -0
1482 9.91287e-08 -0
1483 4.74372e-07 -0
1484 -1.31629e-07 0
1485 1.51609e-07 0
1486 -5.19743e-08 -0
1487 4.08381e-08 -0
1488 -1.08754e-08 -0
1489 -6.28652e-08 0
1490 2.55676e-08 0
1491 -5.25806e-08 -0
1492 1.5251e-08 0
1493 -9.72987e-08 -0
1494 5.75038e-08 0
1495 -1.81383e-08 -0
1496 4.87453e-09 0
1497 -7.09827e-09 -0
1498 3.76612e-09 0
1499 5.04196e-08 0
1500 -1.86906e-08 -0
1501 4.938e-09 0
1502 -1.91812e-08 0
1503 1.24988e-08 0
1504 7.44431e-08 -0
1505 -2.23079e-08 -0
1506 9.49553e-09 -0
1507 -1.01168e-08 -0
1508 2.80719e-09 0
1509 2.7049e-07 0
1510 -8.85387e-08 0
1511 7.86581e-08 0
1512 -3.93929e-08 0
1513 -1.6405e-07 0
1514 4.43997e-08 -0
1515 -8.58951e-08 0
1516 2.92261e-08 -0
1517 -9.19102e-08 -0
1518 2.52648e-08 0
1519 -1.88413e-08 -0
1520 -1.08278e-07 0
1521 3.94993e-08 -0
1522 -1.85231e-08 -0
1523 5.45554e-09 0
1524 -6.86302e-09 0
1525 -8.31612e-08 -0
1526 2.22287e-08 0
1527 -1.40523e-08 -0
1528 8.38247e-08 -0
1529 -2.64466e-08 0
1530 1.03969e-08 0
1531 4.54237e-08 0
1532 -1.30014e-08 0
1533 1.32388e-08 0
1534 -5.88575e-09 -0
1535 -1.9082e-08 0
1536 5.58767e-09 0
1537 -1.22095e-08 -0
1538 7.69257e-09 -0
1539 -2.87301e-09 -0
1540 1.16527e-08 -0
1541 -3.2974e-09 -0
1542 -6.69489e-09 -0
1543 2.20016e-09 -0
1544 -2.35757e-09 0
1545 1.0849e-09 0
1546 6.19534e-10 -0
1547 -2.31757e-10 0
1548 2.29545e-08 -0
1549 -1.23642e-08 0
1550 4.25722e-09 0
1551 -3.17458e-09 -0
1552 9.40274e-10 0
1553 -2.9943e-09 0
1554 1.96042e-09 0
1555 -4.57539e-10 -0
1556 -8.66212e-10 0
1557 4.75152e-10 -0
1558 -5.86279e-09 0
1559 1.51271e-09 -0
1560 -7.25593e-10 0
1561 -8.89642e-10 -0
1562 3.09825e-10 0
1563 -6.61702e-10 0
1564 2.7309e-10 -0
1565 -3.49796e-08 -0
1566 1.64092e-08 0
1567 -4.61132e-09 -0
1568 -2.13272e-08 -0
1569 1.66348e-08 0
1570 -5.33825e-09 -0
1571 -1.68384e-08 0
1572 4.61132e-09 -0
1573 -4.65939e-09 0
1574 2.61198e-09 -0
1575 -8.20116e-09 -0
1576 2.37769e-09 -0
1577 -9.3196e-10 -0
1578 1.70692e-08 -0
1579 -1.04146e-08 0
1580 2.75694e-09 0
1581 1.56084e-08 0
1582 -5.14482e-09 -0
1583 1.60386e-08 -0
1584 -7.37126e-09 -0
1585 2.17465e-09 0
1586 -2.9286e-09 0
1587 2.11997e-09 -0
1588 -5.92363e-10 0
1589 2.28128e-10 0
1590 9.19975e-09 0
1591 -2.44959e-09 0
1592 2.85169e-09 0
1593 -1.03102e-09 -0
1594 -7.17229e-09 0
1595 1.89075e-09 -0
1596 -3.65825e-09 -0
1597 1.57036e-09 0
1598 2.18753e-08 0
1599 -7.3422e-09 -0
1600 5.25877e-09 -0
1601 -1.48507e-09 -0
1602 -3.73308e-09 0
1603 4.14275e-09 0
1604 -1.2516e-09 -0
1605 1.22994e-08 -0
1606 -6.64339e-09 0
1607 2.3702e-09 0
1608 8.70998e-09 -0
1609 -2.56054e-09 -0
1610 2.18748e-09 -0
1611 -9.19756e-10 0
1612 3.668e-09 0
1613 -1.01048e-09 -0
1614 1.64119e-09 -0
1615 -9.90388e-10 0
1616 -2.94482e-09 -0
1617 9.66896e-10 0
1618 -3.01051e-10 0
1619 4.39003e-09 -0
1620 -2.14692e-09 -0
1621 5.82089e-10 -0
1622 -7.19124e-10 -0
1623 -3.09984e-09 0
1624 1.14726e-09 -0
1625 -7.42048e-10 0
1626 2.08615e-10 -0
1627 -1.90002e-08 0
1628 3.29071e-08 -0
1629 -1.39201e-08 0
1630 4.55717e-09 -0
1631 2.352e-08 -0
1632 -6.3786e-09 0
1633 6.47443e-09 -0
1634 -2.40733e-08 -0
1635 7.08669e-09 0
1636 -3.47919e-09 -0
1637 2.7152e-09 0
1638 -7.19516e-10 -0
1639 -8.47734e-09 -0
1640 3.18744e-09 0
1641 -7.12524e-09 -0
1642 2.02716e-09 0
1643 -1.11611e-09 -0
1644 -4.81906e-09 -0
1645 1.49407e-09 0
1646 -1.29912e-09 -0
1647 1.26379e-08 -0
1648 -3.48605e-09 -0
1649 1.39528e-09 -0
1650 -1.74129e-09 0
1651 -1.04394e-08 0
1652 2.77765e-09 -0
1653 -1.97784e-09 -0
1654 6.71751e-10 0
1655 -1.25932e-09 0
1656 5.55939e-10 0
1657 1.56096e-08 0
1658 -4.20929e-09 -0
1659 2.48338e-09 0
1660 -7.95494e-10 0
1661 -3.56413e-09 -0
1662 1.29238e-08 -0
1663 -3.70651e-09 -0
1664 1.34219e-09 0
1665 -1.41632e-09 0
1666 9.57075e-10 -0
1667 -2.8655e-10 -0
1668 -2.02708e-09 0
1669 9.37258e-10 -0
1670 -5.4808e-09 -0
1671 1.45403e-09 0
1672 -2.20617e-09 -0
1673 6.16725e-10 0
1674 -2.40296e-10 -0
1675 -1.29145e-08 -0
1676 7.05997e-09 0
1677 2.76145e-08 -0
1678 -9.35882e-09 -0
1679 2.57731e-09 -0
1680 -2.49945e-09 -0
1681 7.59142e-09 0
1682 -2.34047e-09 0
1683 1.0213e-09 0
1684 6.73995e-09 -0
1685 -1.81778e-09 0
1686 1.21769e-09 0
1687 -1.74467e-09 0
1688 6.20321e-10 0
1689 -8.20734e-09 -0
1690 2.41146e-09 0
1691 9.2048e-09 0
1692 -4.72125e-09 0
1693 4.15697e-09 0
1694 -1.16754e-09 -0
1695 3.02192e-09 -0
1696 -1.13481e-09 0
1697 3.06644e-10 -0
1698 1.53887e-09 -0
1699 -1.18476e-09 0
1700 3.89513e-10 0
1701 -2.12301e-09 0
1702 8.77674e-10 -0
1703 -1.01922e-09 0
1704 2.78318e-10 0
1705 2.61311e-09 -0
1706 -1.60599e-09 -0
1707 5.1073e-10 0
1708 2.07653e-09 0
1709 -5.93967e-10 -0
1710 1.14992e-09 -0
1711 -5.29435e-10 0
1712 1.42381e-10 0
1713 -4.16032e-09 -0
1714 4.23658e-09 0
1715 -1.63312e-09 0
1716 4.88947e-10 -0
1717 1.89444e-09 0
1718 -1.00438e-09 0
1719 3.48482e-09 -0
1720 -1.2088e-09 0
1721 3.33758e-10 -0
1722 -2.36843e-10 0
1723 -3.56961e-09 -0
1724 1.77308e-09 -0
1725 -3.09962e-09 -0
1726 8.4207e-10 -0
1727 -2.60704e-10 0
1728 -1.2003e-09 -0
1729 1.01226e-09 -0
1730 -4.31124e-10 -0
1731 3.63614e-09 -0
1732 -1.07579e-09 0
1733 1.33702e-09 -0
1734 -3.59636e-10 -0
1735 2.05849e-10 0
1736 1.22526e-09 0
1737 -4.09988e-10 0
1738 9.54872e-10 -0
1739 -3.43107e-10 -0
1740 2.2168e-10 -0
1741 -6.19183e-11 0
1742 -2.35801e-10 0
1743 1.05423e-10 -0
1744 -1.59922e-10 0
1745 4.28917e-11 -0
1746 4.59619e-10 0
1747 -1.50121e-10 0
1748 1.43268e-10 -0
1749 -4.225e-11 -0
1750 2.38588e-10 0
1751 -9.6635e-11 0
1752 -3.41048e-10 -0
1753 9.46155e-11 -0
1754 -5.37574e-11 0
1755 -2.39696e-10 0
1756 3.57835e-10 -0
1757 -1.14764e-10 0
1758 5.68e-11 0
1759 -2.29397e-10 -0
1760 6.60711e-11 -0
1761 -5.49675e-11 0
1762 2.0899e-11 0
1763 -1.60497e-09 -0
1764 4.29832e-10 -0
1765 -9.15546e-10 -0
1766 5.76907e-10 0
1767 2.32293e-09 0
1768 -7.95324e-10 -0
1769 2.15456e-10 0
1770 -2.15988e-10 -0
1771 6.58542e-11 -0
1772 3.42167e-10 -0
1773 -1.34548e-10 0
1774 8.82447e-10 0
1775 -2.54511e-10 -0
1776 1.85788e-10 -0
1777 -9.61518e-11 0
1778 -1.02431e-09 0
1779 2.82775e-10 -0
1780 -3.23239e-10 -0
1781 1.15456e-10 -0
1782 4.21069e-10 -0
1783 -1.77064e-10 0
1784 4.93766e-10 -0
1785 -1.33491e-10 -0
1786 4.37472e-11 -0
1787 -6.06143e-10 0
1788 3.56981e-10 0
1789 -5.84261e-10 0
1790 1.73724e-10 -0
1791 1.11432e-09 0
1792 -5.18194e-10 -0
1793 1.45829e-10 -0
1794 -9.93541e-11 -0
1795 -4.31427e-10 0
1796 1.15907e-10 -0
1797 -1.08402e-10 -0
1798 4.10455e-11 0
1799 -1.55622e-10 0
1800 4.96662e-11 -0
1801 -7.20446e-11 -0
1802 2.06293e-11 -0
1803 8.0582e-11 0
1804 -4.02023e-11 -0
1805 1.63384e-11 0
1806 -3.63224e-10 0
1807 9.86253e-11 0
1808 -8.31077e-11 0
1809 2.78265e-11 0
1810 -4.93474e-11 -0
1811 -2.48617e-10 -0
1812 7.4734e-11 0
1813 -4.19774e-11 -0
1814 1.16488e-11 0
1815 1.60584e-10 -0
1816 -7.04392e-11 0
1817 8.53195e-11 -0
1818 -2.29579e-11 -0
1819 1.26409e-10 0
1820 -4.4253e-11 0
1821 3.41201e-11 -0
1822 2.33761e-10 -0
1823 -6.84059e-11 -0
1824 1.68623e-10 0
1825 -1.04462e-10 -0
1826 3.2776e-11 -0
1827 1.26034e-10 -0
1828 -3.3773e-11 -0
1829 1.65116e-11 -0
1830 -1.70336e-11 0
1831 6.62108e-12 -0
1832 -6.73356e-11 0
1833 1.83736e-11 0
1834 -3.57616e-11 -0
1835 1.17872e-11 -0
1836 5.12888e-11 0
1837 -2.73899e-11 -0
1838 7.78163e-12 -0
1839 -5.41937e-12 -0
1840 3.2633e-11 0
1841 -1.11401e-11 0
1842 1.13594e-11 -0
1843 -2.86517e-12 0
1844 -4.46103e-11 -0
1845 1.83385e-11 0
1846 -5.42296e-12 -0
1847 1.11502e-11 -0
1848 -7.81421e-12 -0
1849 2.04831e-12 -0
1850 5.99386e-11 0
1851 -2.6388e-11 0
1852 2.67775e-11 0
1853 -7.69946e-12 -0
1854 -3.93045e-11 0
1855 1.32127e-11 -0
1856 -8.29467e-12 0
1857 2.18004e-12 -0
1858 -6.99211e-12 0
1859 2.57997e-12 0
1860 -3.45155e-12 0
1861 1.07223e-12 -0
1862 7.71105e-12 0
1863 -3.74528e-12 -0
1864 1.00939e-12 -0
1865 -3.46053e-12 0
1866 2.63127e-12 -0
1867 -7.22048e-13 -0
1868 -7.25335e-11 0
1869 2.95527e-11 -0
1870 -7.85078e-12 -0
1871 1.5942e-11 -0
1872 -8.99043e-12 -0
1873 -4.49987e-11 -0
1874 1.37886e-11 -0
1875 -9.95464e-12 -0
1876 3.53466e-12 0
1877 -4.28443e-12 0
1878 1.19336e-12 -0
1879 -7.69848e-12 0
1880 3.47129e-12 0
1881 -9.17711e-13 0
1882 -7.29681e-12 -0
1883 1.70011e-11 -0
1884 -4.95693e-12 -0
1885 2.59509e-12 0
1886 -2.29279e-12 -0
1887 7.53714e-13 -0
1888 1.08388e-11 -0
1889 -2.85645e-12 -0
1890 1.11982e-12 0
1891 5.48288e-12 -0
1892 -3.22563e-12 0
1893 5.20566e-12 -0
1894 -1.4321e-12 0
1895 -4.44264e-11 -0
1896 1.46005e-11 0
1897 -6.59869e-12 -0
1898 7.36654e-12 -0
1899 -2.00306e-12 -0
1900 8.54038e-12 0
1901 -3.18095e-12 0
1902 2.33075e-12 0
1903 1.06781e-11 -0
1904 -3.10429e-12 0
1905 6.9247e-12 0
1906 -2.2104e-12 0
1907 1.18171e-12 -0
1908 6.75977e-12 -0
1909 -1.87476e-12 0
1910 1.72521e-12 -0
1911 4.43563e-12 -0
1912 -1.40012e-12 -0
1913 6.265e-13 0
1914 -1.00775e-11 0
1915 3.5655e-12 0
1916 -4.41162e-12 -0
1917 1.2262e-12 -0
1918 -8.46711e-13 0
1919 -2.94571e-12 0
1920 8.73478e-13 0
1921 -5.46455e-12 0
1922 2.67834e-12 -0
1923 -7.2589e-13 -0
1924 1.18799e-12 -0
1925 -3.9991e-13 0
1926 1.30131e-11 -0
1927 -5.21297e-12 -0
1928 3.19158e-12 0
1929 -8.70696e-13 -0
1930 1.93329e-12 -0
1931 1.01971e-11 -0
1932 -3.75667e-12 -0
1933 3.27925e-12 0
1934 -9.54035e-13 -0
1935 -1.06972e-11 -0
1936 5.37053e-12 0
1937 -1.50095e-12 -0
1938 1.85075e-12 0
1939 -5.26658e-12 -0
1940 1.40204e-12 0
1941 -8.07122e-13 -0
1942 -5.17165e-12 0
1943 1.58901e-12 -0
1944 -6.20011e-13 -0
1945 4.89335e-13 0
1946 -2.58523e-12 0
1947 6.66547e-13 -0
1948 -2.24598e-13 0
1949 -1.43285e-12 -0
1950 6.16678e-13 -0
1951 -9.87121e-13 -0
1952 2.71905e-13 -0
1953 -2.39372e-13 0
1954 6.29421e-14 -0
1955 8.40784e-13 -0
1956 -5.98207e-13 -0
1957 1.86555e-13 -0
1958 -5.9173e-13 0
1959 2.95148e-13 -0
1960 -8.47342e-14 -0
1961 9.2376e-14 -0
1962 -3.10097e-14 0
1963 -1.13434e-12 0
1964 2.98756e-13 0
1965 -5.86634e-13 0
1966 2.4649e-13 0
1967 1.27596e-12 0
1968 -3.51313e-13 -0
1969 2.3256e-13 -0
1970 -7.7164e-14 -0
1971 -1.19662e-12 0
1972 6.13357e-13 -0
1973 -8.26202e-13 0
1974 2.2548e-13 0
1975 6.51554e-13 -0
1976 -2.09307e-13 -0
1977 1.28959e-13 -0
1978 -7.72019e-13 -0
1979 3.0224e-13 -0
1980 -8.46805e-14 0
1981 1.58781e-13 0
1982 -2.35604e-12 -0
1983 7.45049e-13 0
1984 -5.27019e-13 0
1985 1.46651e-13 0
1986 9.807e-13 -0
1987 -4.35624e-13 0
1988 3.90345e-13 -0
1989 -1.03198e-13 -0
1990 7.37555e-15 -0
1991 1.47913e-14 -0
1992 -2.51179e-14 0
1993 9.72083e-15 -0
1994 -2.50822e-13 0
1995 3.12913e-13 0
1996 -9.18661e-14 -0
1997 2.17474e-14 0
1998 -6.50523e-15 0
1999 -8.99821e-18 0
2000 1.30342e-13 -0
2001 -3.29526e-14 0
2002 1.80919e-14 0
2003 7.71389e-12 -0
2004 -2.42897e-12 0
2005 4.48624e-12 0
2006 -2.33891e-12 -0
2007 6.6966e-13 -0
2008 5.57041e-12 -0
2009 -2.06851e-12 0
2010 1.8584e-12 -0
2011 -4.97778e-13 0
2012 -1.8846e-12 -0
2013 2.81111e-12 -0
2014 -9.3504e-13 0
2015 6.45398e-12 0
2016 -1.76358e-12 -0
2017 8.36884e-13 -0
2018 -6.16902e-13 0
2019 1.80922e-13 -0
2020 -5.02963e-13 0
2021 1.96353e-13 0
2022 1.11109e-12 0
2023 -6.20769e-13 0
2024 1.89583e-13 -0
2025 2.24584e-12 0
2026 -6.07446e-13 -0
2027 6.4726e-13 -0
2028 -2.78431e-13 0
2029 -1.05922e-12 -0
2030 2.99233e-13 -0
2031 -6.6779e-13 -0
2032 2.31519e-13 0
2033 -1.93022e-13 -0
2034 2.85089e-12 0
2035 -7.87391e-13 0
2036 3.94653e-13 0
2037 -5.31034e-13 0
2038 1.72637e-13 -0
2039 7.81192e-13 -0
2040 -2.09554e-13 0
2041 1.38174e-13 0
2042 -6.03077e-13 -0
2043 1.80938e-13 0
2044 -8.07655e-14 0
2045 -1.66058e-13 0
2046 7.10869e-14 0
2047 -1.86911e-13 0
