0 0 0
1 -0 -0
2 -0 0
3 0 -0
4 -0 0
5 5.5134e-87 -0
6 -1.6128e-87 0
7 7.04364e-88 0
8 -6.80477e-88 0
9 -3.28014e-87 -0
10 9.1526e-88 0
11 -3.47041e-88 -0
12 1.37055e-87 0
13 -1.0029e-87 0
14 3.10667e-88 0
15 1.1076e-87 -0
16 -5.53576e-88 0
17 1.51866e-88 0
18 -2.00952e-88 -0
19 1.22962e-23 -0
20 -4.20012e-24 -0
21 1.16383e-24 0
22 -2.39856e-24 -0
23 1.23421e-24 0
24 -9.50029e-25 -0
25 2.94276e-25 -0
26 1.45975e-24 0
27 -5.69027e-25 -0
28 2.59213e-24 -0
29 -6.87222e-25 0
30 6.95162e-25 0
31 -2.02287e-25 -0
32 -3.58903e-24 -0
33 1.59223e-24 -0
34 -9.82011e-25 -0
35 2.63976e-25 0
36 1.82464e-24 0
37 -2.48292e-24 0
38 8.74107e-25 -0
39 -3.06756e-24 -0
40 8.59641e-25 -0
41 -2.84373e-25 -0
42 -1.33254e-05 0
43 9.99786e-06 -0
44 -4.11799e-06 0
45 -1.55805e-05 -0
46 4.3263e-06 0
47 -8.59847e-06 0
48 4.36647e-06 -0
49 -1.31092e-06 -0
50 1.29769e-06 0
51 -3.48233e-07 0
52 3.27356e-06 -0
53 -1.25677e-06 0
54 -5.19663e-06 0
55 3.14907e-06 -0
56 -1.00987e-06 -0
57 2.74815e-06 -0
58 -7.46053e-07 -0
59 9.98154e-07 0
60 -4.67731e-07 -0
61 -2.64926e-06 0
62 7.72797e-07 0
63 -6.60543e-07 0
64 2.04726e-07 0
65 2.49991e-06 -0
66 -1.38206e-06 -0
67 3.7254e-07 0
68 -5.95323e-07 0
69 2.17288e-07 0
70 8.12039e-07 0
71 -3.56588e-07 0
72 9.96154e-08 0
73 -5.02838e-07 0
74 3.37448e-07 -0
75 -1.15362e-07 -0
76 -8.65408e-07 0
77 9.88626e-07 0
78 -2.70771e-07 0
79 1.04628e-05 0
80 -4.09111e-06 0
81 1.21848e-06 -0
82 5.67137e-06 -0
83 -4.39597e-06 0
84 1.17882e-06 0
85 -2.52982e-06 0
86 8.20759e-07 0
87 -4.08307e-07 -0
88 1.50628e-06 0
89 -4.31122e-07 -0
90 2.67842e-07 0
91 1.07525e-06 0
92 -4.50572e-07 -0
93 4.29931e-07 0
94 -1.18801e-07 -0
95 0.00561759 -0
96 -0.00196357 -0
97 0.0121944 0
98 -0.00371645 -0
99 0.00198116 -0
100 -0.00266595 0
101 0.00071077 0
102 0.00306021 0
103 -0.00114388 -0
104 0.00081271 -0
105 -0.00191455 0
106 0.000537121 0
107 0.00337622 0
108 -0.00111165 -0
109 0.000490769 -0
110 -0.000563052 0
111 0.000150887 -0
112 -0.00142544 0
113 0.000827568 0
114 -0.000240853 0
115 -0.00353175 -0
116 0.00304335 0
117 -0.000957856 0
118 0.00168209 0
119 -0.000673157 0
120 -0.00325508 0
121 0.000878906 0
122 -0.000413903 -0
123 0.00114452 -0
124 -0.00032899 0
125 0.000211928 0
126 0.000880709 0
127 -0.000300772 -0
128 0.000301517 -0
129 -8.05584e-05 0
130 -0.000692072 0
131 0.000207637 -0
132 -0.000106095 -0
133 0.000156182 0
134 -4.31584e-05 -0
135 -0.537276 0
136 0.196864 -0
137 -0.160883 -0
138 0.608555 -0
139 -0.261757 -0
140 0.0699075 0
141 0.362169 -0
142 -0.112661 -0
143 0.0631684 0
144 -0.386506 -0
145 0.105665 -0
146 -0.133227 -0
147 0.0513402 0
148 0.967937 0
149 -0.659835 0
150 0.216872 0
151 0.890215 -0
152 -0.248631 -0
153 0.114012 -0
154 -0.228511 -0
155 0.0616792 -0
156 -0.0669475 0
157 -0.439744 0
158 0.155688 -0
159 -0.0459984 0
160 0.58215 -0
161 -0.425148 -0
162 0.172591 -0
163 -0.0493533 -0
164 -0.237236 0
165 0.387013 -0
166 -0.124242 0
167 0.0659725 -0
168 -0.0176443 -0
169 0.0484496 -0
170 0.19233 0
171 -0.171098 -0
172 0.057749 -0
173 -0.015861 -0
174 0.00941033 0
175 0.0880886 0
176 -0.0421859 -0
177 0.185532 0
178 -0.056545 0
179 0.0210918 -0
180 -0.755732 0
181 0.205676 0
182 -0.204771 0
183 0.0860961 0
184 0.372106 0
185 -0.105114 0
186 0.0819934 0
187 -0.191063 -0
188 0.0573293 0
189 -0.0367243 -0
190 -1.34713 0
191 0.359983 0
192 -0.129556 0
193 0.181726 -0
194 -0.0906992 0
195 -0.508324 -0
196 0.147192 -0
197 -1.10808 0
198 0.435052 0
199 -0.116922 -0
200 0.139155 -0
201 0.560243 -0
202 -0.177892 0
203 0.098703 -0
204 -0.325707 -0
205 0.0898776 0
206 -0.0746789 0
207 0.0328909 -0
208 -0.0610739 0
209 0.0203357 0
210 0.138641 -0
211 -0.0389395 0
212 0.0262248 0
213 -0.492966 0
214 0.171836 -0
215 -0.0465181 0
216 -0.182433 0
217 0.168963 -0
218 -0.0523478 0
219 0.0238232 -0
220 -0.121422 -0
221 0.0325107 0
222 -0.0566045 0
223 0.0214477 0
224 0.0957742 0
225 -0.0280795 -0
226 0.0170984 0
227 0.227881 -0
228 -0.116186 -0
229 0.128318 -0
230 -0.0364687 0
231 0.0118439 -0
232 -0.0299061 0
233 0.0123504 0
234 0.0627038 -0
235 -0.016909 -0
236 0.0127511 -0
237 -0.120295 0
238 0.0358218 -0
239 -0.0461245 -0
240 0.0216579 0
241 -0.00578378 0
242 -0.0511637 0
243 0.017483 0
244 -0.0123589 0
245 -0.051932 0
246 0.014475 0
247 -0.0312261 -0
248 0.0124588 0
249 -0.00707004 -0
250 0.00220871 -0
251 0.0480291 -0
252 -0.0497 -0
253 0.0135429 -0
254 -0.0407626 0
255 0.0147362 -0
256 0.0580013 0
257 -0.0166917 0
258 0.0143271 0
259 -0.00700394 0
260 0.0018794 0
261 -0.00276907 -0
262 -0.016538 0
263 0.00716079 0
264 -0.00220004 -0
265 0.00929313 0
266 -0.00580071 0
267 0.00159123 0
268 -0.219151 -0
269 0.0772672 0
270 0.356389 0
271 -0.1933 0
272 0.0563152 0
273 -0.0898619 -0
274 0.0861176 -0
275 -0.0230148 0
276 0.00882812 0
277 -0.0566931 -0
278 0.0186908 0
279 0.209647 0
280 -0.168618 -0
281 0.0467025 0
282 -0.020908 0
283 -0.0833937 0
284 0.0252144 0
285 -0.033795 -0
286 0.0222065 0
287 -0.00602496 -0
288 0.0218716 -0
289 -0.00805181 -0
290 -0.0428286 -0
291 0.0222627 0
292 -0.00701066 -0
293 0.148944 0
294 -0.0400914 -0
295 0.0458991 -0
296 -0.0195915 0
297 -0.145263 -0
298 0.0410914 -0
299 -0.0778518 -0
300 0.0451142 0
301 -0.015172 0
302 -0.062744 0
303 0.0168148 0
304 -0.0116044 0
305 0.116663 -0
306 -0.0455858 -0
307 0.0134414 0
308 -0.031971 0
309 0.0102928 0
310 0.5031 -0
311 -0.451991 0
312 0.124559 -0
313 -0.0575683 -0
314 -0.281144 -0
315 0.0969393 -0
316 -0.119961 0
317 0.0320398 0
318 -0.169683 0
319 0.124919 0
320 -0.0357796 -0
321 0.0145863 -0
322 0.0626207 0
323 -0.104145 -0
324 0.0291301 0
325 -0.0147652 0
326 -0.24414 -0
327 0.0874633 -0
328 -0.0933963 0
329 0.0252323 -0
330 -0.081045 0
331 0.0490057 -0
332 -0.0147336 -0
333 -0.0937064 -0
334 0.0353486 0
335 0.139938 -0
336 -0.0445509 0
337 0.034456 0
338 -0.00941009 0
339 0.0192332 0
340 -0.00925678 -0
341 0.424741 0
342 -0.113618 0
343 0.0475432 -0
344 -0.0727273 0
345 0.0222101 0
346 0.17899 -0
347 -0.0987241 -0
348 0.0285379 -0
349 -0.0281211 -0
350 -0.113881 -0
351 0.0385858 0
352 -0.108246 -0
353 0.0300715 0
354 -0.0193933 -0
355 0.169347 0
356 -0.0678345 -0
357 0.0182212 0
358 -0.0150133 -0
359 -0.0711856 0
360 0.0233094 -0
361 -0.0123067 -0
362 0.0481801 -0
363 -0.0143168 -0
364 -0.142161 -0
365 0.0386492 -0
366 -0.0169453 -0
367 0.0203737 0
368 -0.00743198 0
369 -0.0291673 -0
370 0.00830075 0
371 -0.00591109 -0
372 0.0129882 0
373 -0.00346809 0
374 0.0476166 0
375 -0.0280496 -0
376 0.00980924 0
377 -0.0090003 0
378 0.00279372 0
379 0.0159304 0
380 -0.00751405 0
381 0.00211314 0
382 -0.0102961 -0
383 0.0146034 -0
384 -0.00565259 0
385 -0.171878 0
386 0.0470376 0
387 0.208463 -0
388 -0.0692029 0
389 0.0429203 0
390 -0.0125618 -0
391 0.0222367 -0
392 -0.0109285 -0
393 0.00292513 -0
394 0.11012 0
395 -0.0968696 0
396 0.0362497 -0
397 -0.101791 -0
398 0.0321648 0
399 0.121619 -0
400 -0.0329849 0
401 0.0345027 0
402 -0.0156431 -0
403 0.100847 -0
404 -0.0279852 -0
405 0.0189313 0
406 0.090683 0
407 -0.0276238 -0
408 0.0115381 -0
409 -0.0156649 -0
410 0.00892224 0
411 0.0816084 0
412 -0.0219413 -0
413 0.00716115 -0
414 -0.00553715 -0
415 0.0202683 0
416 -0.00591428 0
417 -0.0227734 0
418 0.0081609 -0
419 -0.00949664 0
420 0.00258775 0
421 -0.00135369 -0
422 -0.00768076 -0
423 0.00306119 0
424 -0.00633157 -0
425 0.00179841 0
426 -0.0412359 0
427 0.012759 -0
428 -0.0101758 0
429 -0.0374888 0
430 0.0159606 -0
431 -0.00431103 -0
432 0.0344734 -0
433 -0.012031 0
434 0.011586 -0
435 -0.00630033 -0
436 0.00180593 0
437 0.0135919 0
438 -0.0220268 0
439 0.00608286 -0
440 -0.00282098 -0
441 -0.0119189 -0
442 0.0040054 -0
443 -0.002781 -0
444 0.00719284 -0
445 -0.00215675 -0
446 0.000579175 -0
447 0.00688094 0
448 -0.00264407 0
449 0.00348212 -0
450 -0.0022499 0
451 0.0113497 -0
452 -0.00365874 -0
453 0.00102699 -0
454 0.00375156 0
455 -0.00188621 -0
456 0.00161319 0
457 -0.000435208 -0
458 0.020236 0
459 -0.00821909 0
460 -0.0447876 0
461 0.0132097 0
462 -0.0247395 0
463 0.0143664 -0
464 -0.00496282 -0
465 0.00550703 -0
466 -0.00150019 0
467 -0.00692544 0
468 0.00308256 0
469 -0.00944656 0
470 0.00272498 -0
471 -0.00199109 0
472 0.000623256 0
473 -0.00824154 -0
474 0.00309646 -0
475 -0.004575 -0
476 0.00123539 0
477 0.00514366 0
478 -0.00246326 -0
479 0.000692924 0
480 0.00812099 -0
481 -0.00724391 -0
482 0.00236975 -0
483 -0.0055767 0
484 0.00335513 0
485 -0.000899167 -0
486 -0.00587469 0
487 0.00253403 0
488 -0.000774184 0
489 -0.00285844 -0
490 0.00292123 0
491 -0.00106923 0
492 0.000292765 -0
493 -0.00257346 -0
494 0.00138361 0
495 -0.00536947 -0
496 0.00159511 0
497 -0.00190402 -0
498 0.00076015 -0
499 -0.0832393 -0
500 0.0234887 0
501 -0.0173141 0
502 -0.0784611 -0
503 0.026471 -0
504 -0.00706949 -0
505 0.011743 -0
506 -0.00583491 0
507 -0.0357115 0
508 0.0112483 0
509 -0.00726788 -0
510 0.00200444 -0
511 -0.00408424 -0
512 0.00166658 0
513 0.019108 0
514 -0.00514172 0
515 0.00410969 -0
516 -0.001455 -0
517 0.00749317 0
518 -0.00216881 0
519 0.00287205 0
520 -0.00129137 -0
521 -0.00550518 -0
522 0.00150188 -0
523 -0.00082944 -0
524 -0.00602241 0
525 0.00188397 0
526 -0.00207054 -0
527 0.00873803 -0
528 -0.00239568 0
529 0.000912203 -0
530 0.00256481 -0
531 -0.00175728 -0
532 0.000607958 0
533 0.000656369 -0
534 -0.00043777 -0
535 0.000158609 -0
536 -0.000412113 -0
537 0.000123516 0
538 -0.0171474 -0
539 0.0116205 0
540 -0.00493773 0
541 0.00130058 -0
542 -0.00289754 -0
543 0.00283885 -0
544 -0.000972794 -0
545 -0.00569001 -0
546 0.00161555 -0
547 -0.00543115 0
548 0.00206335 -0
549 -0.00104054 -0
550 0.00027803 0
551 0.00343804 -0
552 -0.00404365 -0
553 0.00125616 0
554 -0.0010245 -0
555 -0.00506973 -0
556 0.00137963 -0
557 -0.00063154 0
558 0.00351986 0
559 -0.00104011 0
560 0.000609274 -0
561 -0.00088271 0
562 0.000230711 0
563 -7.52566e-05 0
564 -0.00132232 0
565 0.000525496 -0
566 0.00132043 -0
567 -0.00146443 0
568 0.000448462 0
569 -0.000279261 -0
570 0.00150594 -0
571 -0.000416332 -0
572 -0.00102654 0
573 0.000460374 -0
574 -0.000341916 -0
575 0.000114849 0
576 -0.000271406 0
577 7.8635e-05 -0
578 -0.000325291 -0
579 0.000103797 -0
580 -6.93975e-05 0
581 1.57707e-05 -0
582 0.000368313 -0
583 -0.000207314 -0
584 6.69957e-05 -0
585 -6.0599e-05 0
586 -9.4824e-05 -0
587 2.81459e-05 -0
588 -0.0207862 0
589 0.00916461 0
590 -0.0122642 -0
591 0.004161 0
592 -0.00117809 0
593 -0.00975713 -0
594 0.00525622 0
595 -0.0117045 -0
596 0.00321747 0
597 -0.0012792 -0
598 0.00560844 0
599 -0.00399661 0
600 0.00129915 -0
601 0.00683421 0
602 -0.00181265 -0
603 0.00189646 -0
604 -0.000709823 -0
605 0.00690193 0
606 -0.00202488 -0
607 0.00115236 0
608 0.00536791 0
609 -0.0014539 -0
610 0.00273001 -0
611 -0.00122539 -0
612 0.000378814 -0
613 -0.000329934 -0
614 -0.00217637 -0
615 0.00058023 0
616 -0.000374813 0
617 0.000920631 -0
618 -0.000320868 -0
619 -0.00499782 0
620 0.00138786 0
621 -0.00173729 0
622 0.000740132 0
623 -0.000215723 -0
624 -0.00287981 0
625 0.00237582 0
626 -0.000650187 -0
627 -0.00168549 0
628 0.000648588 -0
629 -0.00125434 -0
630 0.00064573 0
631 -0.000212853 -0
632 0.00116232 -0
633 -0.000335853 0
634 -0.00119051 0
635 0.000509698 0
636 -0.00066475 -0
637 0.000184635 0
638 -0.000136628 -0
639 0.00281943 -0
640 -0.000921788 0
641 -0.00568463 0
642 0.0015963 0
643 -0.000903186 0
644 0.00226533 0
645 -0.000841305 0
646 0.000219166 0
647 -0.000174294 0
648 -0.000283492 -0
649 0.000105198 -0
650 -6.19714e-05 0
651 0.000154348 0
652 -4.55155e-05 0
653 0.000583199 -0
654 -0.000278145 -0
655 8.97648e-05 -0
656 0.00097373 0
657 -0.000283104 0
658 0.00047045 0
659 -0.000273006 -0
660 7.25163e-05 -0
661 -6.07879e-05 0
662 -0.000441327 -0
663 0.000138405 -0
664 -5.48059e-05 0
665 9.57166e-05 -0
666 -2.27585e-05 -0
667 1.21674e-05 -0
668 -2.88009e-06 0
669 -0.0986155 0
670 0.0285527 0
671 -0.0106169 0
672 0.0188417 -0
673 -0.00508345 -0
674 -0.0225407 0
675 0.0176263 -0
676 -0.00587234 -0
677 0.0169292 -0
678 -0.00807384 0
679 0.00219415 0
680 0.0144569 0
681 -0.0089183 -0
682 0.0027464 0
683 0.0441178 0
684 -0.0173472 0
685 0.0144519 0
686 -0.00405939 0
687 0.0185723 -0
688 -0.00666207 -0
689 -0.026714 -0
690 0.0071438 0
691 -0.0075563 -0
692 0.00417508 0
693 -0.00123157 -0
694 0.0144584 -0
695 -0.00614693 -0
696 0.0114527 -0
697 -0.00315577 0
698 -0.015498 0
699 0.0114343 0
700 -0.003632 0
701 0.00559062 -0
702 -0.00245358 0
703 -0.0205547 0
704 0.00551914 -0
705 -0.00190518 0
706 0.00179754 -0
707 -0.0129161 -0
708 0.0037273 0
709 -0.00224247 -0
710 -0.00934245 0
711 0.00254829 0
712 -0.00610027 0
713 0.00242599 0
714 -0.000722531 0
715 -0.0241753 -0
716 0.0119734 0
717 -0.00849284 0
718 0.00226771 -0
719 -0.00305636 -0
720 0.001006 0
721 0.00560447 -0
722 -0.0015842 -0
723 0.00501615 0
724 -0.00188085 -0
725 0.00102279 -0
726 0.00401947 -0
727 -0.00125164 0
728 0.00114269 0
729 -0.0342182 0
730 0.00955647 0
731 -0.00449229 0
732 0.00530102 0
733 -0.00180573 -0
734 -0.0138225 -0
735 0.00370872 0
736 -0.00239815 -0
737 0.0127873 -0
738 -0.00386727 0
739 0.00646946 -0
740 -0.00261769 0
741 -0.0117689 -0
742 0.00319613 -0
743 -0.00259546 0
744 0.000939525 -0
745 -0.00357765 0
746 0.00102301 -0
747 -0.000577826 0
748 -0.00602386 0
749 0.00193507 0
750 -0.00404421 0
751 0.0010808 0
752 -0.000486377 0
753 -0.00206821 0
754 0.00202431 -0
755 -0.000591664 0
756 0.000304936 0
757 -0.00512616 0
758 0.00140875 -0
759 -0.00105548 -0
760 -0.00503691 -0
761 0.00193424 0
762 -0.0027493 -0
763 0.000863963 0
764 -0.00226435 0
765 0.000610181 0
766 -0.000255522 -0
767 -0.0132149 0
768 0.00882751 -0
769 -0.00310882 -0
770 -0.012167 0
771 0.00338525 0
772 -0.00383265 0
773 0.00186061 0
774 -0.0160059 0
775 0.00427899 0
776 -0.00139977 0
777 -0.00807348 0
778 0.00467136 0
779 -0.00132925 -0
780 0.00301748 -0
781 -0.00258296 0
782 0.000785172 0
783 -0.000342155 -0
784 -0.00449014 0
785 0.00121688 0
786 -0.00156383 0
787 0.00057236 -0
788 0.00227023 -0
789 -0.00952216 -0
790 0.00277075 0
791 -0.00174793 0
792 0.000589431 -0
793 -0.00103848 0
794 0.000278267 -0
795 0.00142792 0
796 -0.000765811 -0
797 0.000300295 0
798 -0.0265128 0
799 0.00731264 0
800 -0.0075399 -0
801 0.00540128 -0
802 -0.0016124 0
803 -0.00717616 -0
804 0.0029481 0
805 -0.0081866 -0
806 0.00223222 0
807 -0.000689184 0
808 0.00809809 -0
809 -0.00371876 -0
810 0.00329368 0
811 0.0236678 -0
812 -0.0083701 0
813 0.00224825 0
814 -0.00437965 -0
815 0.00221668 0
816 -0.000620494 -0
817 0.00349082 0
818 -0.00237053 -0
819 0.000764247 0
820 0.00312385 0
821 -0.00373365 0
822 0.00099481 -0
823 -0.000376252 0
824 -0.0125364 0
825 0.00367207 0
826 -0.00222022 -0
827 0.00748953 -0
828 -0.0033102 -0
829 -0.0155079 0
830 0.00445764 0
831 -0.00338496 -0
832 0.00112294 0
833 -0.00161022 -0
834 -0.0147921 -0
835 0.00404418 0
836 -0.00149595 -0
837 0.00150453 -0
838 -0.000785575 0
839 0.000210241 -0
840 0.000880727 -0
841 -0.000269857 0
842 0.00125782 -0
843 -0.000595925 0
844 0.0129044 0
845 -0.00445976 0
846 0.00363335 0
847 -0.00102289 -0
848 0.00185035 -0
849 0.0119549 0
850 -0.00323505 0
851 0.00188955 0
852 -0.000597504 -0
853 0.00148666 -0
854 -0.000633419 0
855 -0.00328103 -0
856 0.000969576 -0
857 -0.00105555 -0
858 0.000281219 -0
859 0.00351112 -0
860 -0.00138821 0
861 0.00189499 0
862 -0.00105529 0
863 0.000293649 -0
864 -0.00263174 0
865 0.000938125 -0
866 -0.000895252 -0
867 -0.00389007 -0
868 0.00104332 -0
869 -0.000725859 -0
870 0.000239029 -0
871 -0.00156138 0
872 0.000468616 -0
873 -0.000233324 0
874 -0.00178406 0
875 0.000506886 -0
876 -0.000793391 0
877 0.000321579 0
878 -0.000252464 0
879 -0.00102975 0
880 0.000277493 -0
881 -0.000820735 0
882 0.000372657 0
883 -0.000116615 0
884 -0.00242031 0
885 0.000666982 0
886 -0.000426883 -0
887 0.000530808 0
888 -0.000184888 -0
889 -0.00102391 0
890 0.000273569 -0
891 -0.000598244 0
892 0.000231502 -0
893 -0.000199857 -0
894 5.81577e-05 -0
895 -0.00157432 0
896 0.000754891 0
897 -0.000241002 -0
898 -0.00101356 0
899 0.000275198 -0
900 -0.000162683 -0
901 0.000686371 -0
902 -0.000257145 0
903 0.000434021 -0
904 -0.000124164 0
905 -0.000579528 -0
906 0.000388122 0
907 -0.000129325 -0
908 0.000118803 0
909 -3.16523e-05 0
910 -0.000276374 0
911 0.00011484 -0
912 -0.000359916 0
913 0.000109642 -0
914 -5.95931e-05 0
915 1.63203e-05 0
916 -0.0002427 0
917 0.000273753 0
918 -0.000121358 -0
919 -0.00076551 -0
920 0.000215753 -0
921 -0.000156356 0
922 5.32936e-05 0
923 -0.000106209 -0
924 2.8365e-05 0
925 0.000570969 0
926 -0.000169213 -0
927 0.000219511 -0
928 -0.000113084 0
929 -0.000482621 -0
930 0.000176651 -0
931 -0.000858103 0
932 0.000231262 0
933 -0.000142697 0
934 4.41513e-05 0
935 0.000225135 0
936 -9.48508e-05 0
937 0.000101042 -0
938 -2.82169e-05 -0
939 0.000202759 -0
940 -9.42823e-05 0
941 2.50814e-05 0
942 -5.93637e-05 0
943 4.69781e-05 0
944 -1.51573e-05 -0
945 -6.32289e-05 0
946 2.39589e-05 -0
947 -3.49981e-05 0
948 9.67027e-06 -0
949 0.00010508 0
950 -5.962e-05 -0
951 1.74951e-05 -0
952 0.00169452 0
953 -0.000684729 -0
954 0.00060892 -0
955 -0.000164038 0
956 0.000611795 -0
957 -0.00020866 -0
958 -0.000867132 0
959 0.000573329 -0
960 -0.00016611 -0
961 0.000326564 0
962 -0.000161264 0
963 5.14804e-05 0
964 0.000318582 0
965 -8.70205e-05 -0
966 8.66563e-05 0
967 -3.79935e-05 0
968 0.000444268 0
969 -0.000134332 0
970 4.85608e-05 0
971 0.000218867 0
972 -0.000170493 0
973 4.56893e-05 -0
974 -7.45511e-05 0
975 4.02161e-05 -0
976 0.000766591 -0
977 -0.00021626 0
978 0.000613094 0
979 -0.000211686 0
980 0.000152127 -0
981 -4.1394e-05 -0
982 -0.000158761 -0
983 6.36779e-05 -0
984 -7.69062e-05 -0
985 2.37109e-05 0
986 0.000258265 -0
987 -7.40362e-05 0
988 4.57619e-05 -0
989 -0.000738075 0
990 0.000197504 0
991 -8.96678e-05 -0
992 -0.000434589 -0
993 0.000619774 -0
994 -0.00020266 0
995 0.000172898 -0
996 -6.47857e-05 -0
997 1.78144e-05 0
998 -4.1794e-05 0
999 2.20899e-05 0
1000 9.2626e-05 -0
1001 -2.50153e-05 0
1002 0.000149662 0
1003 -4.68922e-05 -0
1004 4.86057e-05 0
1005 -2.10649e-05 -0
1006 -0.000145803 0
1007 4.32189e-05 -0
1008 -2.4414e-05 0
1009 0.000103074 0
1010 -2.85924e-05 -0
1011 1.01365e-05 -0
1012 -0.000744686 0
1013 0.000553033 -0
1014 -0.000226507 0
1015 0.000406973 -0
1016 -0.000109149 0
1017 -0.000442564 0
1018 0.000215268 0
1019 -6.10477e-05 0
1020 7.91931e-05 -0
1021 0.000443783 0
1022 -0.000150002 0
1023 9.75279e-05 -0
1024 -2.90923e-05 0
1025 8.54081e-05 -0
1026 -7.83799e-05 0
1027 2.12091e-05 -0
1028 0.000858338 0
1029 -0.000313025 0
1030 0.000157609 0
1031 0.000648503 0
1032 -0.000205006 -0
1033 5.48372e-05 0
1034 -8.47168e-05 -0
1035 0.000658048 0
1036 -0.000260069 -0
1037 7.26219e-05 -0
1038 -5.0031e-05 -0
1039 -0.000488798 -0
1040 0.000142008 -0
1041 -0.000158066 0
1042 7.37924e-05 -0
1043 0.000355724 -0
1044 -0.000117903 -0
1045 0.000253717 0
1046 -6.80431e-05 -0
1047 3.96183e-05 -0
1048 -1.20721e-05 0
1049 -7.00164e-05 -0
1050 5.81283e-05 -0
1051 -2.24584e-05 0
1052 8.15998e-05 -0
1053 -2.25141e-05 0
1054 -8.71443e-05 0
1055 3.853e-05 0
1056 -3.75567e-05 0
1057 1.1013e-05 -0
1058 -0.000523284 -0
1059 0.000183296 -0
1060 -0.000109468 0
1061 2.9514e-05 -0
1062 -7.55662e-05 -0
1063 9.24612e-05 -0
1064 -3.81733e-05 -0
1065 -0.000328365 -0
1066 8.97391e-05 -0
1067 -4.59533e-05 0
1068 0.00028203 -0
1069 -9.24423e-05 0
1070 -0.000426025 -0
1071 0.000122693 0
1072 -9.25493e-05 0
1073 0.000156345 0
1074 -4.17062e-05 -0
1075 1.4962e-05 0
1076 0.000224785 0
1077 -0.000142213 0
1078 4.40617e-05 0
1079 0.000181366 0
1080 -8.69646e-05 0
1081 2.41909e-05 0
1082 -2.56665e-05 -0
1083 0.00011007 -0
1084 -3.29667e-05 0
1085 1.81026e-05 -0
1086 0.00012177 -0
1087 -3.26307e-05 0
1088 4.76314e-05 -0
1089 -1.76589e-05 0
1090 0.000157468 -0
1091 -5.27465e-05 -0
1092 3.70482e-05 0
1093 -1.00681e-05 -0
1094 -4.79729e-05 0
1095 2.05676e-05 -0
1096 -3.84878e-05 -0
1097 1.23662e-05 -0
1098 -1.15498e-05 -0
1099 3.25272e-06 0
1100 9.12689e-05 -0
1101 -3.56329e-05 0
1102 0.000110662 0
1103 -2.96004e-05 0
1104 -0.00011605 0
1105 6.18214e-05 0
1106 -1.87517e-05 -0
1107 2.1972e-05 -0
1108 -1.00954e-05 0
1109 0.000167546 0
1110 -4.81482e-05 -0
1111 3.87939e-05 -0
1112 0.000206536 0
1113 -5.56102e-05 -0
1114 1.93527e-05 0
1115 -1.29749e-05 0
1116 6.4523e-05 -0
1117 -2.04008e-05 0
1118 2.7719e-05 -0
1119 -7.59018e-06 0
1120 -8.4335e-05 0
1121 3.22258e-05 -0
1122 -1.8508e-05 -0
1123 -7.65001e-05 0
1124 2.13865e-05 -0
1125 -5.33698e-05 -0
1126 2.52258e-05 -0
1127 -2.17144e-05 -0
1128 6.33844e-06 -0
1129 0.000179857 -0
1130 -4.83279e-05 -0
1131 2.054e-05 -0
1132 -3.52396e-05 0
1133 1.26589e-05 0
1134 6.75459e-05 0
1135 -4.29762e-05 -0
1136 1.33789e-05 0
1137 -5.68402e-05 -0
1138 1.54586e-05 -0
1139 -1.61292e-05 -0
1140 -5.86999e-05 0
1141 2.958e-05 -0
1142 -1.01796e-05 -0
1143 2.91128e-06 -0
1144 -9.49138e-05 0
1145 0.000195264 -0
1146 -8.80032e-05 0
1147 2.42974e-05 0
1148 0.000103378 0
1149 -7.52985e-05 0
1150 2.44274e-05 -0
1151 -3.13916e-05 -0
1152 8.46673e-06 0
1153 5.91311e-05 -0
1154 -2.24965e-05 -0
1155 1.26104e-05 -0
1156 -9.13207e-05 -0
1157 2.76267e-05 0
1158 -2.66319e-05 -0
1159 1.07968e-05 0
1160 5.69097e-05 0
1161 -1.52577e-05 -0
1162 3.7578e-05 0
1163 -1.07942e-05 -0
1164 8.51469e-06 0
1165 -2.85248e-06 -0
1166 -3.8937e-05 0
1167 2.40882e-05 0
1168 -6.73499e-06 0
1169 -2.42422e-05 -0
1170 8.95346e-06 0
1171 -1.44457e-05 0
1172 7.61874e-06 0
1173 -2.08051e-06 -0
1174 7.52662e-06 -0
1175 -2.36354e-06 -0
1176 2.75317e-06 -0
1177 1.07352e-05 0
1178 -4.70125e-06 -0
1179 1.3932e-06 0
1180 -2.00423e-05 -0
1181 5.3891e-06 -0
1182 -4.58766e-06 0
1183 1.81299e-06 0
1184 1.42002e-05 0
1185 -9.5305e-06 0
1186 2.93608e-06 0
1187 -1.75299e-05 -0
1188 4.80393e-06 -0
1189 -6.8382e-06 0
1190 3.18807e-06 -0
1191 1.50969e-05 -0
1192 -5.25133e-06 -0
1193 2.86722e-06 0
1194 -8.08697e-07 -0
1195 2.26986e-06 -0
1196 8.56013e-06 -0
1197 -2.82116e-06 0
1198 2.56577e-06 0
1199 -6.91605e-07 -0
1200 6.7435e-05 -0
1201 -2.78954e-05 0
1202 1.91992e-05 0
1203 -5.57573e-06 -0
1204 1.05364e-05 0
1205 7.79221e-05 -0
1206 -2.81855e-05 0
1207 7.7767e-06 -0
1208 -8.0924e-06 0
1209 4.11731e-06 0
1210 -3.81167e-05 -0
1211 1.21179e-05 0
1212 5.86141e-05 -0
1213 -1.5642e-05 -0
1214 9.08534e-06 -0
1215 -1.1957e-05 0
1216 3.54453e-06 0
1217 5.06261e-05 -0
1218 -2.14585e-05 0
1219 4.62087e-05 0
1220 -1.24806e-05 0
1221 9.49076e-06 -0
1222 -3.1921e-06 -0
1223 -1.28772e-05 -0
1224 4.74542e-06 0
1225 -2.13476e-05 -0
1226 6.02775e-06 0
1227 -2.67296e-06 0
1228 5.80095e-05 -0
1229 -6.18382e-05 0
1230 1.64256e-05 -0
1231 -1.0363e-05 0
1232 3.24474e-06 -0
1233 1.54331e-05 -0
1234 -2.62886e-05 -0
1235 1.01322e-05 0
1236 -2.87518e-06 0
1237 1.38982e-06 0
1238 -4.80202e-06 0
1239 1.30078e-06 0
1240 6.99729e-06 -0
1241 -5.48202e-06 -0
1242 1.91731e-06 -0
1243 4.19594e-05 -0
1244 -1.23896e-05 0
1245 6.994e-06 -0
1246 -8.39919e-06 -0
1247 2.25604e-06 0
1248 -6.18279e-06 0
1249 2.50804e-06 0
1250 1.10291e-05 0
1251 -3.0467e-06 0
1252 2.73937e-06 0
1253 -8.99763e-07 -0
1254 5.68763e-06 0
1255 -3.82097e-06 -0
1256 1.14351e-06 -0
1257 7.55722e-06 0
1258 -3.40994e-06 0
1259 9.08055e-07 0
1260 -1.33962e-06 -0
1261 5.00864e-07 -0
1262 2.14883e-05 0
1263 -6.19947e-06 0
1264 4.55498e-06 0
1265 1.84128e-05 0
1266 -8.74153e-06 0
1267 2.3995e-06 -0
1268 -5.44019e-06 -0
1269 1.8654e-06 0
1270 1.6353e-05 0
1271 -9.69782e-06 -0
1272 3.03445e-06 -0
1273 -3.0484e-06 0
1274 8.19567e-07 0
1275 -1.04861e-05 -0
1276 4.1931e-06 -0
1277 -6.6466e-06 0
1278 1.85706e-06 0
1279 1.04148e-05 0
1280 -5.26969e-06 -0
1281 1.66494e-05 0
1282 -5.32788e-06 -0
1283 4.62824e-06 -0
1284 -1.2554e-06 0
1285 -5.22682e-06 -0
1286 1.85503e-06 0
1287 -2.13595e-06 0
1288 6.25809e-07 -0
1289 -5.13185e-06 -0
1290 2.72969e-06 0
1291 -7.30206e-07 -0
1292 -9.42798e-06 0
1293 4.04999e-06 -0
1294 -2.6426e-06 -0
1295 8.04961e-07 -0
1296 -1.64304e-06 -0
1297 -8.04124e-06 -0
1298 3.08078e-06 0
1299 -8.21677e-07 0
1300 1.05362e-06 -0
1301 -3.01626e-07 0
1302 1.24303e-06 -0
1303 -7.49424e-07 0
1304 2.53522e-07 -0
1305 1.82386e-06 0
1306 -5.07222e-07 0
1307 4.13236e-07 -0
1308 -8.31621e-06 0
1309 4.08451e-06 -0
1310 -1.32297e-06 -0
1311 -5.50601e-06 0
1312 1.49943e-06 0
1313 -2.45138e-06 -0
1314 1.01868e-06 0
1315 -7.34622e-07 -0
1316 2.18368e-07 -0
1317 -1.1958e-06 -0
1318 4.2621e-07 0
1319 1.93018e-06 0
1320 -5.18709e-07 0
1321 5.022e-07 0
1322 -2.28192e-07 -0
1323 -1.31442e-05 -0
1324 3.71285e-06 0
1325 -1.00807e-05 0
1326 5.53101e-06 0
1327 -1.70269e-06 0
1328 1.90012e-06 -0
1329 -5.08154e-07 -0
1330 -3.33105e-06 0
1331 1.32176e-06 0
1332 -2.437e-06 -0
1333 8.07972e-07 0
1334 -4.99699e-07 0
1335 -2.50749e-06 0
1336 6.92013e-07 0
1337 -2.57813e-07 0
1338 8.92051e-07 0
1339 -6.20224e-07 -0
1340 1.7973e-07 0
1341 1.84352e-06 -0
1342 -8.90915e-07 0
1343 1.28572e-06 -0
1344 -3.48593e-07 0
1345 -1.48864e-06 0
1346 4.73205e-07 -0
1347 -3.96189e-07 0
1348 1.73604e-07 0
1349 -3.31754e-06 0
1350 8.85632e-07 -0
1351 -3.09607e-07 -0
1352 1.48703e-06 0
1353 -1.39593e-06 0
1354 3.96826e-07 -0
1355 1.65746e-06 -0
1356 -8.69451e-07 -0
1357 2.6366e-07 -0
1358 6.19425e-06 -0
1359 -2.5413e-06 -0
1360 3.16453e-06 -0
1361 -8.50881e-07 0
1362 1.99717e-06 0
1363 -1.49778e-06 0
1364 4.42373e-07 -0
1365 3.29401e-06 -0
1366 -1.25523e-06 -0
1367 7.07958e-07 0
1368 -1.94261e-07 0
1369 -7.53304e-07 0
1370 2.53445e-07 -0
1371 -4.99097e-07 -0
1372 3.23102e-07 0
1373 -9.09686e-08 -0
1374 7.45029e-07 0
1375 -3.49401e-07 -0
1376 9.36102e-08 -0
1377 4.74021e-07 -0
1378 -5.08709e-07 -0
1379 1.58388e-07 -0
1380 -5.76006e-08 0
1381 2.09957e-06 0
1382 -3.037e-06 0
1383 8.17233e-07 0
1384 -4.76219e-07 -0
1385 1.32751e-06 -0
1386 -4.27861e-07 0
1387 -2.03798e-06 0
1388 8.63099e-07 0
1389 -7.51762e-07 -0
1390 2.1874e-07 0
1391 3.92037e-06 0
1392 -1.0442e-06 0
1393 5.20478e-07 0
1394 -1.99927e-06 -0
1395 7.80227e-07 0
1396 -5.96564e-07 0
1397 1.64738e-07 0
1398 6.90487e-07 0
1399 -2.37421e-07 -0
1400 3.66353e-07 -0
1401 -1.09302e-07 0
1402 -6.7219e-07 0
1403 4.74549e-07 0
1404 -1.28839e-07 -0
1405 1.40122e-06 0
1406 -6.15183e-07 -0
1407 1.26682e-06 0
1408 -3.57705e-07 -0
1409 1.31067e-07 -0
1410 1.32058e-06 0
1411 -1.30152e-06 -0
1412 4.14642e-07 0
1413 -2.13327e-07 0
1414 1.10175e-06 -0
1415 -2.94712e-07 -0
1416 1.84087e-07 -0
1417 8.2012e-07 0
1418 -2.51015e-07 0
1419 2.92889e-07 0
1420 -1.18067e-07 0
1421 3.23546e-08 0
1422 1.76809e-06 0
1423 -3.22075e-06 0
1424 1.14508e-06 -0
1425 -6.26683e-07 -0
1426 1.80971e-07 -0
1427 8.03272e-07 -0
1428 -6.88319e-07 0
1429 1.84566e-07 0
1430 -5.97774e-07 0
1431 2.78883e-07 -0
1432 -9.3046e-08 0
1433 -5.48454e-07 0
1434 7.48233e-07 -0
1435 -2.09649e-07 0
1436 -7.94184e-07 -0
1437 2.40912e-07 -0
1438 -1.61712e-07 0
1439 6.2823e-08 0
1440 -1.65215e-07 0
1441 4.52597e-08 0
1442 6.22178e-07 0
1443 -5.85228e-07 0
1444 2.84494e-07 -0
1445 -8.99996e-08 0
1446 7.67668e-07 -0
1447 -2.06148e-07 -0
1448 1.25303e-07 0
1449 6.21767e-07 0
1450 -2.12824e-07 0
1451 2.29611e-07 0
1452 -6.71109e-08 -0
1453 2.85623e-08 -0
1454 -5.27553e-07 0
1455 4.17966e-07 -0
1456 -1.13538e-07 0
1457 -4.2737e-07 0
1458 1.60825e-07 -0
1459 -2.84162e-07 0
1460 8.14761e-08 0
1461 -3.81782e-07 0
1462 2.20807e-07 -0
1463 -7.23497e-08 0
1464 -6.26138e-07 0
1465 2.84641e-07 -0
1466 -7.66713e-08 0
1467 1.10314e-07 -0
1468 4.49789e-07 0
1469 -1.34577e-07 -0
1470 9.7716e-08 -0
1471 -3.53786e-08 -0
1472 8.92681e-08 0
1473 -2.49131e-08 -0
1474 1.32934e-08 -0
1475 -5.93486e-07 -0
1476 2.36783e-07 0
1477 -2.27857e-07 0
1478 6.08145e-08 0
1479 4.55268e-07 0
1480 -1.40804e-07 0
1481 5.33471e-07 -0
1482 -2.61612e-07 -0
1483 -1.06674e-06 -0
1484 2.99035e-07 0
1485 -3.60211e-07 0
1486 1.25138e-07 -0
1487 -1.01483e-07 -0
1488 2.73164e-08 -0
1489 1.31816e-07 0
1490 -5.43759e-08 0
1491 1.21037e-07 -0
1492 -3.54913e-08 0
1493 3.62841e-07 -0
1494 -2.22489e-07 0
1495 7.15907e-08 -0
1496 -1.95741e-08 0
1497 3.18094e-08 -0
1498 -1.75712e-08 0
1499 -1.45944e-07 0
1500 5.50499e-08 -0
1501 -1.47271e-08 0
1502 7.54821e-08 0
1503 -5.13687e-08 0
1504 -2.35802e-07 -0
1505 7.17518e-08 -0
1506 -3.12313e-08 -0
1507 3.53522e-08 -0
1508 -9.96441e-09 0
1509 -2.8521e-07 0
1510 9.41135e-08 0
1511 -8.54768e-08 0
1512 4.33415e-08 0
1513 1.63713e-07 0
1514 -4.46054e-08 -0
1515 9.05962e-08 0
1516 -3.10854e-08 -0
1517 1.05986e-07 -0
1518 -2.93334e-08 0
1519 2.22874e-08 -0
1520 1.12248e-07 0
1521 -4.13177e-08 -0
1522 1.96014e-08 -0
1523 -5.81515e-09 0
1524 7.5487e-09 0
1525 6.98908e-08 -0
1526 -1.88094e-08 0
1527 1.2084e-08 -0
1528 -8.44377e-08 -0
1529 2.68477e-08 0
1530 -1.06572e-08 0
1531 -4.20073e-08 0
1532 1.21094e-08 0
1533 -1.26483e-08 0
1534 5.68546e-09 -0
1535 -2.88287e-07 0
1536 7.75334e-08 0
1537 -1.15433e-07 -0
1538 6.48281e-08 -0
1539 -2.26657e-08 -0
1540 6.03348e-08 -0
1541 -1.64868e-08 -0
1542 -1.01834e-07 -0
1543 3.04377e-08 -0
1544 -2.58415e-08 0
1545 1.07805e-08 0
1546 4.54004e-08 -0
1547 -1.20868e-08 0
1548 9.85266e-08 -0
1549 -5.01505e-08 0
1550 1.66629e-08 0
1551 -1.15606e-08 -0
1552 3.32714e-09 0
1553 5.69822e-08 0
1554 -7.70358e-08 0
1555 2.38082e-08 -0
1556 -4.41882e-08 0
1557 1.71117e-08 -0
1558 8.54117e-08 0
1559 -2.39337e-08 -0
1560 1.40299e-08 0
1561 -4.73012e-08 -0
1562 1.26747e-08 0
1563 -1.38115e-08 0
1564 4.90951e-09 -0
1565 -6.22749e-08 -0
1566 2.82807e-08 0
1567 -7.79426e-09 -0
1568 -6.07754e-08 -0
1569 4.44597e-08 0
1570 -1.38943e-08 -0
1571 -6.66501e-08 0
1572 1.77358e-08 -0
1573 -1.62795e-08 0
1574 8.6579e-09 -0
1575 -2.15049e-08 -0
1576 6.08813e-09 -0
1577 -2.31223e-09 -0
1578 -8.05755e-08 -0
1579 5.19748e-08 0
1580 -1.40989e-08 0
1581 -5.85271e-08 0
1582 1.97199e-08 -0
1583 -8.96328e-08 -0
1584 4.3317e-08 -0
1585 -1.32105e-08 0
1586 2.1901e-08 0
1587 -1.79231e-08 -0
1588 5.25492e-09 0
1589 -2.17625e-09 0
1590 -2.84178e-08 0
1591 7.67422e-09 0
1592 -9.56608e-09 0
1593 3.53285e-09 -0
1594 1.88693e-08 0
1595 -5.03273e-09 -0
1596 1.07586e-08 -0
1597 -4.72013e-09 0
1598 9.41727e-08 0
1599 -3.03981e-08 -0
1600 2.01498e-08 -0
1601 -5.51865e-09 -0
1602 -2.35397e-08 0
1603 2.24997e-08 0
1604 -6.52076e-09 -0
1605 3.3701e-08 -0
1606 -1.73642e-08 0
1607 6.00642e-09 0
1608 4.96134e-08 -0
1609 -1.39843e-08 -0
1610 1.07156e-08 -0
1611 -4.27318e-09 0
1612 1.20992e-08 0
1613 -3.24315e-09 -0
1614 4.57722e-09 -0
1615 -2.61951e-09 0
1616 -1.19838e-08 -0
1617 3.79186e-09 0
1618 -1.1408e-09 0
1619 7.84919e-09 -0
1620 -3.70117e-09 -0
1621 9.83361e-10 -0
1622 -1.11325e-09 -0
1623 -7.73289e-09 0
1624 2.77302e-09 -0
1625 -1.70058e-09 0
1626 4.67101e-10 -0
1627 3.07533e-08 0
1628 -5.58948e-08 -0
1629 2.39221e-08 0
1630 -7.9032e-09 -0
1631 -3.61004e-08 -0
1632 9.85798e-09 0
1633 -1.02749e-08 -0
1634 4.26767e-08 -0
1635 -1.26691e-08 0
1636 6.3089e-09 -0
1637 -5.03903e-09 0
1638 1.34587e-09 -0
1639 1.23323e-08 -0
1640 -4.67983e-09 0
1641 1.10904e-08 -0
1642 -3.17832e-09 0
1643 1.77511e-09 -0
1644 6.94189e-09 -0
1645 -2.16851e-09 0
1646 1.92667e-09 -0
1647 -2.90266e-08 -0
1648 8.0889e-09 -0
1649 -3.28681e-09 -0
1650 4.31521e-09 0
1651 2.16343e-08 0
1652 -5.80728e-09 -0
1653 4.23709e-09 -0
1654 -1.456e-09 0
1655 2.93283e-09 0
1656 -1.31661e-09 0
1657 -2.21939e-08 0
1658 6.02346e-09 -0
1659 -3.60476e-09 0
1660 1.1637e-09 0
1661 4.72964e-09 -0
1662 -1.87861e-08 -0
1663 5.42532e-09 -0
1664 -1.98201e-09 0
1665 2.14744e-09 0
1666 -1.47605e-09 -0
1667 4.45283e-10 -0
1668 2.71068e-09 0
1669 -1.26682e-09 -0
1670 8.70734e-09 -0
1671 -2.32584e-09 0
1672 3.67683e-09 -0
1673 -1.03556e-09 0
1674 4.07764e-10 -0
1675 -1.26996e-09 -0
1676 5.67945e-10 0
1677 6.44418e-09 -0
1678 -2.06186e-09 -0
1679 5.40815e-10 -0
1680 -4.35991e-10 -0
1681 5.73101e-10 0
1682 -1.53448e-10 0
1683 5.28292e-11 0
1684 2.33972e-09 -0
1685 -6.09382e-10 0
1686 3.73371e-10 0
1687 -4.35071e-10 0
1688 1.4602e-10 0
1689 9.50745e-10 -0
1690 -2.98005e-10 0
1691 -9.09715e-11 0
1692 1.17596e-10 0
1693 -2.07843e-10 0
1694 6.76398e-11 -0
1695 -3.80686e-10 -0
1696 1.54048e-10 0
1697 -4.37674e-11 -0
1698 1.59922e-11 -0
1699 1.48141e-11 0
1700 -8.63825e-12 0
1701 3.41181e-10 0
1702 -1.50174e-10 -0
1703 2.03351e-10 0
1704 -5.73769e-11 0
1705 3.17004e-10 -0
1706 -1.61229e-10 -0
1707 4.58125e-11 0
1708 5.31317e-10 0
1709 -1.45126e-10 -0
1710 1.9844e-10 -0
1711 -8.2503e-11 0
1712 2.08114e-11 0
1713 1.85327e-09 -0
1714 -1.97357e-09 0
1715 7.73318e-10 0
1716 -2.34435e-10 -0
1717 -7.55083e-10 0
1718 4.11357e-10 0
1719 -1.6676e-09 -0
1720 5.86756e-10 0
1721 -1.63827e-10 -0
1722 1.19553e-10 0
1723 2.48155e-10 -0
1724 -1.48297e-10 -0
1725 4.05476e-10 -0
1726 -1.16281e-10 -0
1727 3.81425e-11 0
1728 3.10064e-12 -0
1729 -2.84872e-11 -0
1730 1.7617e-11 -0
1731 -8.86645e-10 -0
1732 2.69932e-10 0
1733 -3.74127e-10 -0
1734 1.02871e-10 -0
1735 -6.15742e-11 0
1736 -1.7073e-10 0
1737 6.07757e-11 0
1738 -1.97178e-10 -0
1739 7.39067e-11 -0
1740 -5.12457e-11 -0
1741 1.4733e-11 0
1742 3.18743e-11 0
1743 -1.5506e-11 -0
1744 2.97243e-11 0
1745 -8.26423e-12 -0
1746 7.29076e-10 0
1747 -2.30317e-10 0
1748 2.00296e-10 -0
1749 -5.73494e-11 -0
1750 2.05956e-10 0
1751 -8.011e-11 0
1752 -4.39617e-10 -0
1753 1.18642e-10 -0
1754 -6.37713e-11 0
1755 -7.755e-10 0
1756 9.70758e-10 -0
1757 -2.99203e-10 0
1758 1.3959e-10 0
1759 -3.93151e-10 -0
1760 1.09863e-10 -0
1761 -8.40913e-11 0
1762 3.07598e-11 0
1763 5.11508e-10 -0
1764 -1.39655e-10 -0
1765 3.40659e-10 -0
1766 -2.22608e-10 0
1767 -6.71399e-10 0
1768 2.36367e-10 -0
1769 -6.54152e-11 0
1770 7.05871e-11 -0
1771 -2.19833e-11 -0
1772 -6.67693e-11 -0
1773 2.76508e-11 0
1774 -3.12019e-10 0
1775 9.16378e-11 -0
1776 -6.98913e-11 -0
1777 3.72598e-11 0
1778 4.44523e-11 0
1779 -1.47659e-11 -0
1780 2.81868e-11 -0
1781 -1.13133e-11 -0
1782 1.32547e-11 -0
1783 -2.97868e-12 0
1784 -3.47517e-11 -0
1785 1.05122e-11 -0
1786 -3.88321e-12 -0
1787 2.37901e-10 0
1788 -1.44665e-10 0
1789 2.56881e-10 0
1790 -7.74615e-11 -0
1791 -3.22983e-10 0
1792 1.5599e-10 -0
1793 -4.48778e-11 -0
1794 3.21644e-11 -0
1795 8.96693e-11 0
1796 -2.49147e-11 -0
1797 2.59123e-11 -0
1798 -1.02074e-11 0
1799 5.2382e-11 0
1800 -1.70822e-11 -0
1801 2.71098e-11 -0
1802 -7.89369e-12 -0
1803 -2.31421e-11 0
1804 1.20293e-11 -0
1805 -5.04744e-12 0
1806 2.58693e-10 0
1807 -7.07274e-11 0
1808 6.08656e-11 0
1809 -2.05477e-11 0
1810 3.8016e-11 -0
1811 1.68621e-10 -0
1812 -5.10976e-11 0
1813 2.91304e-11 -0
1814 -8.14239e-12 0
1815 -6.3127e-11 -0
1816 2.83694e-11 0
1817 -3.65795e-11 -0
1818 9.97463e-12 -0
1819 -6.8556e-11 0
1820 2.43019e-11 0
1821 -1.92453e-11 -0
1822 -9.69959e-11 -0
1823 2.88171e-11 -0
1824 -7.96305e-11 0
1825 5.06556e-11 -0
1826 -1.61031e-11 -0
1827 -5.1287e-11 -0
1828 1.39407e-11 -0
1829 -6.98992e-12 -0
1830 7.58301e-12 0
1831 -3.00166e-12 -0
1832 4.32178e-11 0
1833 -1.18854e-11 0
1834 2.44036e-11 -0
1835 -8.1144e-12 -0
1836 -3.10993e-11 0
1837 1.68824e-11 -0
1838 -4.83771e-12 -0
1839 3.43925e-12 -0
1840 -1.99467e-10 0
1841 7.20205e-11 0
1842 -9.43105e-11 -0
1843 2.52752e-11 0
1844 1.7335e-10 -0
1845 -7.38651e-11 0
1846 2.24334e-11 -0
1847 -6.46521e-11 -0
1848 5.11291e-11 -0
1849 -1.40357e-11 -0
1850 -1.66297e-10 0
1851 7.49268e-11 0
1852 -8.06787e-11 0
1853 2.35925e-11 -0
1854 9.86525e-11 0
1855 -3.36641e-11 -0
1856 2.17651e-11 0
1857 -5.79202e-12 -0
1858 2.37048e-11 0
1859 -8.97872e-12 0
1860 1.35053e-11 0
1861 -4.31067e-12 -0
1862 -2.23635e-11 0
1863 1.11652e-11 -0
1864 -3.05612e-12 -0
1865 1.90174e-11 0
1866 -1.63722e-11 -0
1867 4.70223e-12 -0
1868 1.30043e-10 0
1869 -5.35649e-11 -0
1870 1.43322e-11 -0
1871 -3.09484e-11 -0
1872 1.77548e-11 -0
1873 7.88493e-11 -0
1874 -2.43527e-11 -0
1875 1.79223e-11 -0
1876 -6.42489e-12 0
1877 8.06158e-12 0
1878 -2.2633e-12 -0
1879 2.59623e-11 0
1880 -1.20945e-11 0
1881 3.2608e-12 0
1882 1.8987e-11 -0
1883 -5.10262e-11 -0
1884 1.51363e-11 -0
1885 -8.18771e-12 0
1886 7.69142e-12 -0
1887 -2.58771e-12 -0
1888 -2.43577e-11 -0
1889 6.48279e-12 -0
1890 -2.58015e-12 0
1891 -1.0978e-11 -0
1892 6.58098e-12 0
1893 -1.12486e-11 -0
1894 3.12475e-12 0
1895 -2.20601e-11 -0
1896 6.84863e-12 0
1897 -2.85612e-12 -0
1898 2.59044e-12 -0
1899 -6.65686e-13 -0
1900 9.03048e-13 0
1901 -2.75068e-13 0
1902 1.17227e-13 0
1903 4.35661e-12 -0
1904 -1.1979e-12 0
1905 1.68707e-12 0
1906 -4.94823e-13 0
1907 2.2655e-13 -0
1908 1.21119e-11 -0
1909 -3.22106e-12 0
1910 2.60331e-12 -0
1911 1.29367e-11 -0
1912 -3.86067e-12 -0
1913 1.60103e-12 0
1914 -7.34844e-12 0
1915 2.46235e-12 0
1916 -2.52367e-12 -0
1917 6.69765e-13 -0
1918 -4.11609e-13 0
1919 -2.96311e-12 0
1920 8.41374e-13 0
1921 -2.42672e-12 0
1922 1.08531e-12 -0
1923 -2.78864e-13 -0
1924 3.25428e-13 -0
1925 -1.00547e-13 0
1926 -2.77299e-11 -0
1927 1.12675e-11 -0
1928 -7.05661e-12 0
1929 1.94495e-12 -0
1930 -4.79191e-12 -0
1931 -2.14645e-11 -0
1932 8.00915e-12 -0
1933 -7.22067e-12 0
1934 2.12368e-12 -0
1935 1.86755e-11 -0
1936 -9.49546e-12 0
1937 2.67226e-12 -0
1938 -3.40836e-12 0
1939 1.06515e-11 -0
1940 -2.85956e-12 0
1941 1.67843e-12 -0
1942 9.24335e-12 0
1943 -2.86271e-12 -0
1944 1.12845e-12 -0
1945 -9.10862e-13 0
1946 1.10076e-11 0
1947 -2.92188e-12 -0
1948 1.02446e-12 0
1949 4.55615e-12 -0
1950 -2.02356e-12 -0
1951 3.79674e-12 -0
1952 -1.07452e-12 -0
1953 1.04782e-12 0
1954 -2.82971e-13 -0
1955 -2.24902e-12 -0
1956 1.66482e-12 -0
1957 -5.27824e-13 -0
1958 2.62317e-12 0
1959 -1.39544e-12 -0
1960 4.16615e-13 -0
1961 -5.60243e-13 -0
1962 2.00134e-13 0
1963 2.78905e-12 0
1964 -7.43371e-13 0
1965 1.63904e-12 0
1966 -7.05931e-13 0
1967 -3.00729e-12 0
1968 8.38205e-13 -0
1969 -5.71452e-13 -0
1970 1.92943e-13 -0
1971 -1.71198e-12 0
1972 8.05092e-13 -0
1973 -8.77415e-13 0
1974 2.28475e-13 0
1975 1.62836e-12 -0
1976 -4.9131e-13 -0
1977 2.7051e-13 -0
1978 -7.88563e-13 -0
1979 2.88691e-13 -0
1980 -7.70266e-14 0
1981 1.06636e-13 0
1982 8.04221e-12 -0
1983 -2.6125e-12 0
1984 1.97964e-12 0
1985 -5.66294e-13 0
1986 -2.73504e-12 -0
1987 1.24808e-12 0
1988 -1.19047e-12 -0
1989 3.20558e-13 -0
1990 -2.37317e-12 -0
1991 9.75606e-13 -0
1992 -5.79659e-13 0
1993 1.70041e-13 -0
1994 1.36644e-12 0
1995 -3.61968e-12 0
1996 1.25014e-12 -0
1997 -3.43524e-13 0
1998 3.68963e-13 0
1999 -1.46201e-13 0
2000 -7.80175e-13 -0
2001 2.07595e-13 0
2002 -1.30563e-13 0
2003 -6.69388e-12 -0
2004 2.11906e-12 0
2005 -4.03465e-12 0
2006 2.12101e-12 -0
2007 -6.1006e-13 -0
2008 -4.31374e-12 -0
2009 1.61431e-12 0
2010 -1.47711e-12 -0
2011 3.97825e-13 0
2012 1.38199e-12 -0
2013 -2.13189e-12 -0
2014 7.14317e-13 0
2015 -5.5932e-12 0
2016 1.53549e-12 -0
2017 -7.34506e-13 -0
2018 5.47996e-13 0
2019 -1.61502e-13 -0
2020 4.69037e-13 0
2021 -1.84112e-13 0
2022 -9.47503e-13 0
2023 5.34703e-13 0
2024 -1.64212e-13 -0
2025 -1.38158e-12 0
2026 3.77156e-13 -0
2027 -4.15686e-13 -0
2028 1.81302e-13 0
2029 5.95627e-13 -0
2030 -1.70193e-13 -0
2031 4.11392e-13 -0
2032 -1.44227e-13 0
2033 1.23694e-13 -0
2034 -2.45036e-12 0
2035 6.7994e-13 0
2036 -3.43729e-13 0
2037 4.72863e-13 0
2038 -1.5457e-13 -0
2039 -6.44936e-13 -0
2040 1.7387e-13 0
2041 -1.16006e-13 0
2042 5.44089e-13 -0
2043 -1.64005e-13 0
2044 7.40453e-14 0
2045 -1.2e-12 0
2046 4.26691e-13 0
2047 -6.00759e-13 0
