0 0 0
1 -0 -0
2 -0 0
3 0 -0
4 -0 0
5 1.99992e-77 -0
6 -5.85026e-78 0
7 2.555e-78 0
8 -2.46835e-78 0
9 -1.18983e-77 -0
10 3.32e-78 0
11 -1.25885e-78 -0
12 4.97151e-78 0
13 -3.63791e-78 0
14 1.12691e-78 0
15 4.01768e-78 -0
16 -2.00803e-78 0
17 5.50878e-79 0
18 -7.28932e-79 -0
19 4.93005e-29 -0
20 -1.684e-29 -0
21 4.66628e-30 0
22 -9.61682e-30 -0
23 4.94847e-30 0
24 -3.80906e-30 -0
25 1.17987e-30 -0
26 5.85273e-30 0
27 -2.28147e-30 -0
28 1.03929e-29 -0
29 -2.75536e-30 0
30 2.78719e-30 0
31 -8.11053e-31 -0
32 -1.43899e-29 -0
33 6.38393e-30 -0
34 -3.93729e-30 -0
35 1.05839e-30 0
36 7.31574e-30 0
37 -9.95506e-30 0
38 3.50466e-30 -0
39 -1.22991e-29 -0
40 3.44666e-30 -0
41 -1.14017e-30 -0
42 -0.00190701 0
43 0.00143081 -0
44 -0.000589332 0
45 -0.00222975 -0
46 0.000619142 0
47 -0.00123054 0
48 0.000624892 -0
49 -0.000187608 -0
50 0.000185714 0
51 -4.98361e-05 0
52 0.000468484 -0
53 -0.000179858 0
54 -0.000743696 0
55 0.000450667 -0
56 -0.000144524 -0
57 0.000393292 -0
58 -0.000106769 -0
59 0.000142847 0
60 -6.69376e-05 -0
61 -0.000379139 0
62 0.000110596 0
63 -9.45312e-05 0
64 2.92986e-05 0
65 0.000357766 -0
66 -0.000197788 -0
67 5.33147e-05 0
68 -8.51975e-05 0
69 3.10963e-05 0
70 0.000116212 0
71 -5.10318e-05 0
72 1.42561e-05 0
73 -7.19619e-05 0
74 4.82926e-05 -0
75 -1.65095e-05 -0
76 -0.00012385 0
77 0.000141484 0
78 -3.87504e-05 0
79 0.00149735 0
80 -0.000585484 0
81 0.000174378 -0
82 0.000811638 -0
83 -0.000629113 0
84 0.000168702 0
85 -0.000362046 0
86 0.00011746 0
87 -5.84334e-05 -0
88 0.000215565 0
89 -6.16985e-05 -0
90 3.83313e-05 0
91 0.000153881 0
92 -6.4482e-05 -0
93 6.1528e-05 0
94 -1.70017e-05 -0
95 -0.000523288 -0
96 0.000185009 -0
97 -0.00142969 0
98 0.000439957 -0
99 -0.000238541 -0
100 0.000335146 0
101 -9.01068e-05 0
102 -0.000341241 0
103 0.000129085 -0
104 -9.38241e-05 -0
105 0.00023869 0
106 -6.75584e-05 0
107 -0.000353486 0
108 0.000117628 -0
109 -5.26724e-05 -0
110 6.27185e-05 0
111 -1.69517e-05 -0
112 0.000225632 0
113 -0.000133371 0
114 3.91653e-05 0
115 0.000391607 -0
116 -0.000346934 0
117 0.000110293 0
118 -0.000205021 0
119 8.3093e-05 0
120 0.00034803 0
121 -9.47886e-05 0
122 4.53188e-05 -0
123 -0.000137288 -0
124 3.98239e-05 0
125 -2.61839e-05 0
126 -9.6085e-05 0
127 3.31748e-05 -0
128 -3.43491e-05 -0
129 9.25565e-06 0
130 6.20849e-05 0
131 -1.8811e-05 -0
132 9.77437e-06 -0
133 -1.51083e-05 0
134 4.21256e-06 -0
135 -0.718285 0
136 0.263179 -0
137 -0.215063 -0
138 0.813244 -0
139 -0.349788 -0
140 0.0934158 0
141 0.484174 -0
142 -0.15061 -0
143 0.0844418 0
144 -0.516419 -0
145 0.141178 -0
146 -0.177986 -0
147 0.0685865 0
148 1.29556 0
149 -0.883116 0
150 0.29025 0
151 1.19193 -0
152 -0.332889 -0
153 0.152642 -0
154 -0.305873 -0
155 0.0825582 -0
156 -0.0896001 0
157 -0.588961 0
158 0.20851 -0
159 -0.0616025 0
160 0.778704 -0
161 -0.568654 -0
162 0.230839 -0
163 -0.0660079 -0
164 -0.317443 0
165 0.517777 -0
166 -0.166216 0
167 0.088256 -0
168 -0.0236034 -0
169 0.0647964 -0
170 0.25732 0
171 -0.228894 -0
172 0.0772541 -0
173 -0.0212176 -0
174 0.0125877 0
175 0.117949 0
176 -0.0564834 -0
177 0.248302 0
178 -0.0756731 0
179 0.0282257 -0
180 -1.0086 0
181 0.274488 0
182 -0.27326 0
183 0.114889 0
184 0.496714 0
185 -0.14031 0
186 0.109442 0
187 -0.254979 -0
188 0.0765058 0
189 -0.0490062 -0
190 -1.80655 0
191 0.482733 0
192 -0.173725 0
193 0.243636 -0
194 -0.12159 0
195 -0.681988 -0
196 0.197471 -0
197 -1.48516 0
198 0.583069 0
199 -0.156697 -0
200 0.186466 -0
201 0.751114 -0
202 -0.238489 0
203 0.132315 -0
204 -0.436443 -0
205 0.120431 0
206 -0.100055 0
207 0.0440649 -0
208 -0.0818042 0
209 0.0272371 0
210 0.185858 -0
211 -0.0521992 0
212 0.0351518 0
213 -0.659432 0
214 0.229853 -0
215 -0.0622224 0
216 -0.244129 0
217 0.226081 -0
218 -0.0700414 0
219 0.0318738 -0
220 -0.162368 -0
221 0.0434727 0
222 -0.0756768 0
223 0.0286732 0
224 0.128101 0
225 -0.037556 -0
226 0.0228674 0
227 0.305278 -0
228 -0.155637 -0
229 0.171865 -0
230 -0.0488433 0
231 0.0158622 -0
232 -0.0400403 0
233 0.0165348 0
234 0.0840013 -0
235 -0.0226514 -0
236 0.0170799 -0
237 -0.160962 0
238 0.04793 -0
239 -0.0617064 -0
240 0.028973 0
241 -0.00773704 0
242 -0.0685163 0
243 0.0234115 0
244 -0.0165484 0
245 -0.0695734 0
246 0.0193915 0
247 -0.0418211 -0
248 0.0166852 0
249 -0.00946777 -0
250 0.00295766 -0
251 0.064548 -0
252 -0.0667823 -0
253 0.0181968 -0
254 -0.0547447 0
255 0.0197898 -0
256 0.0779425 0
257 -0.0224293 0
258 0.0192492 0
259 -0.00940944 0
260 0.00252477 0
261 -0.00371907 -0
262 -0.0222345 0
263 0.00962662 0
264 -0.00295747 -0
265 0.0124841 0
266 -0.00779171 0
267 0.0021373 0
268 -0.192714 -0
269 0.0678544 0
270 0.318347 0
271 -0.172322 0
272 0.0501497 0
273 -0.0795467 -0
274 0.0759558 -0
275 -0.0202784 0
276 0.0077671 0
277 -0.0485947 -0
278 0.0159991 0
279 0.187156 0
280 -0.150082 -0
281 0.0415259 0
282 -0.0185595 0
283 -0.0750975 0
284 0.0226814 0
285 -0.0302525 -0
286 0.0198309 0
287 -0.00537508 -0
288 0.0192452 -0
289 -0.0070749 -0
290 -0.0383733 -0
291 0.019909 0
292 -0.00626224 -0
293 0.120795 0
294 -0.0324728 -0
295 0.0369713 -0
296 -0.015748 0
297 -0.120774 -0
298 0.0341206 -0
299 -0.064087 -0
300 0.0370384 0
301 -0.0124366 0
302 -0.052391 0
303 0.0140236 0
304 -0.00964829 0
305 0.0922835 -0
306 -0.0359878 -0
307 0.0105953 0
308 -0.0248888 0
309 0.00799906 0
310 0.467449 -0
311 -0.418692 0
312 0.115275 -0
313 -0.0531938 -0
314 -0.263964 -0
315 0.0909137 -0
316 -0.112047 0
317 0.0298998 0
318 -0.155478 0
319 0.114166 0
320 -0.0326669 -0
321 0.0132982 -0
322 0.057934 0
323 -0.0958013 -0
324 0.0267703 0
325 -0.0135452 0
326 -0.235649 -0
327 0.0843303 -0
328 -0.0897597 0
329 0.0242299 -0
330 -0.0770486 0
331 0.0465004 -0
332 -0.0139671 -0
333 -0.0905528 -0
334 0.0341204 0
335 0.136643 -0
336 -0.0434615 0
337 0.0335376 0
338 -0.00915194 0
339 0.0185921 0
340 -0.00893532 -0
341 0.327193 0
342 -0.0873949 0
343 0.0364851 -0
344 -0.0553314 0
345 0.0168683 0
346 0.141845 -0
347 -0.0780126 -0
348 0.0225169 -0
349 -0.0220731 -0
350 -0.0912484 -0
351 0.0308645 0
352 -0.085333 -0
353 0.0236716 0
354 -0.0152141 -0
355 0.126307 0
356 -0.0504735 -0
357 0.013536 0
358 -0.0110977 -0
359 -0.0540802 0
360 0.0176752 -0
361 -0.00930369 -0
362 0.0355784 -0
363 -0.0105531 -0
364 -0.11071 -0
365 0.0300545 -0
366 -0.0131457 -0
367 0.0157012 0
368 -0.00571599 0
369 -0.0229077 -0
370 0.00650949 0
371 -0.00461792 -0
372 0.0100257 0
373 -0.0026731 0
374 0.0336147 0
375 -0.0197231 -0
376 0.00688109 0
377 -0.0062741 0
378 0.00194334 0
379 0.0114998 0
380 -0.00540783 0
381 0.00151807 0
382 -0.00715569 -0
383 0.0100488 -0
384 -0.00387896 0
385 -0.138971 0
386 0.0379802 0
387 0.171938 -0
388 -0.0569877 0
389 0.0352395 0
390 -0.0102993 -0
391 0.0180744 -0
392 -0.00886138 -0
393 0.0023687 -0
394 0.427438 0
395 -0.369317 0
396 0.137155 -0
397 -0.365415 -0
398 0.114774 0
399 0.471401 -0
400 -0.127132 0
401 0.130208 0
402 -0.0585001 -0
403 0.338296 -0
404 -0.0934184 -0
405 0.0624569 0
406 0.33011 0
407 -0.0999662 -0
408 0.0414213 -0
409 -0.0548433 -0
410 0.0309115 0
411 0.366228 0
412 -0.0978137 -0
413 0.0316709 -0
414 -0.0240424 -0
415 0.0814537 0
416 -0.0236178 0
417 -0.100387 0
418 0.0356647 -0
419 -0.0403992 0
420 0.010939 0
421 -0.0056544 -0
422 -0.0381455 -0
423 0.0150372 0
424 -0.0295112 -0
425 0.00832122 0
426 -0.13583 0
427 0.041801 -0
428 -0.0328849 0
429 -0.130132 0
430 0.0549685 -0
431 -0.0147736 -0
432 0.104639 -0
433 -0.0363151 0
434 0.0344486 -0
435 -0.018575 -0
436 0.00530073 0
437 0.0463029 0
438 -0.0729325 0
439 0.0200428 -0
440 -0.00922 -0
441 -0.04242 -0
442 0.014164 -0
443 -0.00970684 -0
444 0.023991 -0
445 -0.00715529 -0
446 0.00191237 -0
447 0.0343999 0
448 -0.0130766 0
449 0.0166271 -0
450 -0.0105616 0
451 0.0476402 -0
452 -0.0152431 -0
453 0.00425112 -0
454 0.0171483 0
455 -0.00851274 -0
456 0.00712892 0
457 -0.00191051 -0
458 0.0532687 0
459 -0.021511 0
460 -0.128168 0
461 0.037629 0
462 -0.0685279 0
463 0.0394505 -0
464 -0.0135581 -0
465 0.0148036 -0
466 -0.00401668 0
467 -0.0200063 0
468 0.00884303 0
469 -0.0259079 0
470 0.00744138 -0
471 -0.00537919 0
472 0.00167609 0
473 -0.0189801 -0
474 0.00709739 -0
475 -0.0102974 -0
476 0.00277134 0
477 0.0122016 0
478 -0.0058072 -0
479 0.00162766 0
480 0.0234865 -0
481 -0.0206589 -0
482 0.00672375 -0
483 -0.0152783 0
484 0.00910971 0
485 -0.00243164 -0
486 -0.0178621 0
487 0.00764935 0
488 -0.00232513 0
489 -0.00919564 -0
490 0.00923116 0
491 -0.00335726 0
492 0.000914879 -0
493 -0.00708924 -0
494 0.00378068 0
495 -0.0138976 -0
496 0.0041111 0
497 -0.00482624 -0
498 0.0019161 -0
499 0.184901 -0
500 -0.0524655 0
501 0.0392455 0
502 0.163949 -0
503 -0.0556654 -0
504 0.0149415 -0
505 -0.0256397 -0
506 0.0128639 0
507 0.0708855 0
508 -0.0224556 0
509 0.0146829 -0
510 -0.00407004 -0
511 0.0086241 -0
512 -0.00354648 0
513 -0.0340625 0
514 0.00920779 0
515 -0.00746154 -0
516 0.00265783 -0
517 -0.0151086 0
518 0.00439632 0
519 -0.00596911 0
520 0.00270671 -0
521 0.0107226 -0
522 -0.00293963 -0
523 0.00163979 -0
524 -0.111768 0
525 0.0334382 0
526 -0.032212 -0
527 0.0976452 -0
528 -0.0261211 0
529 0.00962396 -0
530 0.0467933 -0
531 -0.0293034 -0
532 0.00969697 0
533 0.0621208 -0
534 -0.0301517 -0
535 0.00931067 -0
536 -0.0140381 -0
537 0.00390486 0
538 0.0983258 -0
539 -0.0688971 0
540 0.0299043 0
541 -0.00798211 -0
542 0.0203888 -0
543 -0.0212448 -0
544 0.00743877 -0
545 0.0338681 -0
546 -0.00975271 -0
547 0.041457 0
548 -0.0161408 -0
549 0.00841969 -0
550 -0.00229079 0
551 -0.0183673 -0
552 0.0228471 -0
553 -0.00720257 0
554 0.00611818 -0
555 0.0251817 -0
556 -0.00693067 -0
557 0.00323495 0
558 -0.0286305 0
559 0.00863321 0
560 -0.00527564 -0
561 0.00864478 0
562 -0.00230876 0
563 0.000774326 0
564 -0.0160842 0
565 0.00614491 -0
566 0.0322158 -0
567 -0.0299438 0
568 0.00872641 0
569 -0.00496441 -0
570 0.0173884 -0
571 -0.00468095 -0
572 -0.0187877 0
573 0.00790474 -0
574 -0.00533943 -0
575 0.00171923 0
576 -0.00326115 0
577 0.00091795 -0
578 0.0123013 -0
579 -0.00443037 -0
580 0.00491449 0
581 -0.00133122 -0
582 0.00854627 -0
583 -0.00436664 -0
584 0.00133711 -0
585 -0.00106399 0
586 -0.00448838 -0
587 0.00120261 -0
588 0.0552911 0
589 -0.024631 0
590 0.0340559 -0
591 -0.0116501 0
592 0.00332134 0
593 0.0234135 -0
594 -0.0127596 0
595 0.0298972 -0
596 -0.00826942 0
597 0.00331755 -0
598 -0.0163437 0
599 0.0118624 0
600 -0.00388853 -0
601 -0.018233 0
602 0.00486604 -0
603 -0.00522124 -0
604 0.00197199 -0
605 -0.0297751 0
606 0.00883129 -0
607 -0.00513642 0
608 -0.0207485 0
609 0.00567068 -0
610 -0.0114082 -0
611 0.00520494 -0
612 -0.00162739 -0
613 0.00146553 -0
614 0.00801 -0
615 -0.00215366 0
616 0.00142083 0
617 -0.00382089 -0
618 0.00134848 -0
619 0.0149784 0
620 -0.00418966 0
621 0.00542688 0
622 -0.00233904 0
623 0.000687228 -0
624 -0.0266081 0
625 0.0203681 0
626 -0.00543693 -0
627 -0.0219448 0
628 0.0080369 -0
629 -0.0128092 -0
630 0.00625534 0
631 -0.00199481 -0
632 0.00771057 -0
633 -0.00218118 0
634 -0.0138556 0
635 0.00564422 0
636 -0.00646794 -0
637 0.0017464 0
638 -0.00120575 -0
639 -0.0274435 -0
640 0.0092617 0
641 0.0405073 0
642 -0.0115958 0
643 0.00683494 0
644 -0.0224496 0
645 0.00865229 0
646 -0.00231475 0
647 0.00201913 0
648 -0.0197232 -0
649 0.00600451 -0
650 -0.00277676 0
651 0.00408512 0
652 -0.00111914 0
653 -0.0107809 -0
654 0.00568967 -0
655 -0.00197495 -0
656 -0.0102289 0
657 0.00306688 0
658 -0.00659106 0
659 0.00418969 -0
660 -0.00116126 -0
661 0.00115469 0
662 0.00477408 -0
663 -0.00154967 -0
664 0.000642469 0
665 -0.00386016 -0
666 0.00102958 -0
667 -0.00125207 -0
668 0.000630794 0
669 0.0962595 0
670 -0.0279233 0
671 0.0104081 0
672 -0.0186874 -0
673 0.00505071 -0
674 0.0217662 0
675 -0.0171079 -0
676 0.00571201 -0
677 -0.0167822 -0
678 0.00802869 0
679 -0.00218575 0
680 -0.0138089 0
681 0.00855289 -0
682 -0.00263916 0
683 -0.0383628 0
684 0.0151232 0
685 -0.0126681 0
686 0.00356486 0
687 -0.0168089 -0
688 0.0060436 -0
689 0.0236172 -0
690 -0.00632668 0
691 0.00673834 -0
692 -0.00373655 0
693 0.00110433 -0
694 -0.01402 -0
695 0.00597685 -0
696 -0.0112704 -0
697 0.00311103 0
698 0.0148119 0
699 -0.01098 0
700 0.00349483 0
701 -0.00543304 -0
702 0.00239115 0
703 0.0190103 0
704 -0.00511325 -0
705 0.00176898 0
706 -0.00167918 -0
707 0.012645 -0
708 -0.00365579 0
709 0.00220792 -0
710 0.00896043 0
711 -0.00244835 0
712 0.00595179 0
713 -0.00237296 0
714 0.000708079 0
715 0.0195531 -0
716 -0.00971455 0
717 0.00692159 0
718 -0.00185128 -0
719 0.00251643 -0
720 -0.000829997 0
721 -0.00446589 -0
722 0.00126463 -0
723 -0.00408577 0
724 0.00153562 -0
725 -0.000837922 -0
726 -0.00321291 -0
727 0.00100246 0
728 -0.000920514 0
729 0.0334179 0
730 -0.00934824 0
731 0.00440652 0
732 -0.00523594 0
733 0.00178712 -0
734 0.0130945 -0
735 -0.00351892 0
736 0.00228404 -0
737 -0.0125693 -0
738 0.00380806 0
739 -0.00643309 -0
740 0.00260912 0
741 0.0114312 -0
742 -0.00310934 -0
743 0.00253697 0
744 -0.000920291 -0
745 0.00358379 0
746 -0.00102647 -0
747 0.000581693 0
748 0.00571867 0
749 -0.00184045 0
750 0.00389359 0
751 -0.00104216 0
752 0.000470213 0
753 0.00195142 0
754 -0.00192088 -0
755 0.000562385 0
756 -0.000290713 0
757 0.00540736 0
758 -0.00148837 -0
759 0.00111994 -0
760 0.00520283 -0
761 -0.00200235 0
762 0.00286939 -0
763 -0.000903323 0
764 0.00240353 0
765 -0.000648689 0
766 0.0002723 -0
767 0.0113444 0
768 -0.00760169 -0
769 0.00268153 -0
770 0.0103066 0
771 -0.00287135 0
772 0.00326807 0
773 -0.00159013 0
774 0.0142465 0
775 -0.00381337 0
776 0.00124934 0
777 0.00701905 0
778 -0.00407214 0
779 0.00116026 -0
780 -0.00266174 -0
781 0.00228748 0
782 -0.000696329 0
783 0.000304051 -0
784 0.00376642 0
785 -0.001022 0
786 0.00132106 0
787 -0.000484309 -0
788 -0.00188717 -0
789 0.00806807 -0
790 -0.00235072 0
791 0.00148719 0
792 -0.000502269 -0
793 0.000891998 0
794 -0.000239306 -0
795 -0.00120032 0
796 0.000645299 -0
797 -0.000253486 0
798 0.0227132 0
799 -0.00626492 0
800 0.0064603 -0
801 -0.00462813 -0
802 0.00138162 0
803 0.00614237 -0
804 -0.00252363 0
805 0.00700964 -0
806 -0.00191134 0
807 0.000590126 0
808 -0.0068598 -0
809 0.00314872 -0
810 -0.00278623 0
811 -0.0200985 -0
812 0.00710641 0
813 -0.00190852 0
814 0.00371257 -0
815 -0.00187832 0
816 0.000525664 -0
817 -0.00293488 0
818 0.00199107 -0
819 -0.000641607 0
820 -0.00263427 0
821 0.00314399 0
822 -0.000837423 -0
823 0.000316574 0
824 0.0105457 0
825 -0.00308895 0
826 0.00186762 -0
827 -0.00629626 -0
828 0.00278256 -0
829 0.0130372 0
830 -0.0037474 0
831 0.0028455 -0
832 -0.000943956 0
833 0.0013533 -0
834 0.0124153 -0
835 -0.00339449 0
836 0.00125569 -0
837 -0.00126301 -0
838 0.000659491 0
839 -0.0001765 -0
840 -0.000738806 -0
841 0.000226384 0
842 -0.00105524 -0
843 0.000499948 0
844 -0.0103285 0
845 0.00356674 0
846 -0.00290022 0
847 0.000815946 -0
848 -0.001469 -0
849 -0.00961218 0
850 0.00259971 0
851 -0.00151665 0
852 0.000479273 -0
853 -0.0011855 -0
854 0.000504586 0
855 0.00263956 -0
856 -0.000779573 -0
857 0.000846818 -0
858 -0.000225486 -0
859 -0.00285695 -0
860 0.00112904 0
861 -0.00153848 0
862 0.000856111 0
863 -0.000238135 -0
864 0.00209045 0
865 -0.000744544 -0
866 0.000708832 -0
867 0.00310758 -0
868 -0.000832998 -0
869 0.000578669 -0
870 -0.000190422 -0
871 0.0012193 0
872 -0.000365603 -0
873 0.000181744 0
874 0.00141472 0
875 -0.000401683 -0
876 0.000626239 0
877 -0.000253563 0
878 0.000198647 0
879 0.000817702 0
880 -0.000220216 -0
881 0.000646309 0
882 -0.000293101 0
883 9.16417e-05 0
884 0.0019538 0
885 -0.00053823 0
886 0.000344184 -0
887 -0.000427219 0
888 0.000148731 -0
889 0.000828829 0
890 -0.000221379 -0
891 0.000482766 0
892 -0.000186722 -0
893 0.000161008 -0
894 -4.68342e-05 -0
895 0.000979048 0
896 -0.000466962 0
897 0.000148542 -0
898 0.000650479 0
899 -0.000176159 -0
900 0.000103536 -0
901 -0.000415542 -0
902 0.000154962 0
903 -0.00025573 -0
904 7.28731e-05 0
905 0.000358639 -0
906 -0.000238365 0
907 7.91188e-05 -0
908 -7.18798e-05 0
909 1.90882e-05 0
910 0.000180213 0
911 -7.46113e-05 -0
912 0.000226615 0
913 -6.88182e-05 -0
914 3.71904e-05 0
915 -1.01553e-05 0
916 9.82866e-05 0
917 -0.000106129 0
918 4.62077e-05 -0
919 0.000351266 -0
920 -9.824e-05 -0
921 6.97334e-05 0
922 -2.3531e-05 0
923 4.38853e-05 -0
924 -1.16114e-05 0
925 -0.000325643 0
926 9.61022e-05 -0
927 -0.000122256 -0
928 6.24794e-05 0
929 0.000282074 -0
930 -0.000102756 -0
931 0.000461037 0
932 -0.000123676 0
933 7.54811e-05 0
934 -2.32238e-05 0
935 -0.000127675 0
936 5.34633e-05 0
937 -5.60381e-05 -0
938 1.55814e-05 -0
939 -9.50737e-05 -0
940 4.36915e-05 0
941 -1.15434e-05 0
942 2.54781e-05 0
943 -1.96589e-05 0
944 6.27579e-06 -0
945 2.92883e-05 0
946 -1.09894e-05 -0
947 1.54051e-05 0
948 -4.22235e-06 -0
949 -5.62245e-05 0
950 3.15879e-05 -0
951 -9.22128e-06 -0
952 -0.00214427 0
953 0.00086437 -0
954 -0.000764628 -0
955 0.000205656 0
956 -0.000750889 -0
957 0.000255599 -0
958 0.00108922 0
959 -0.000717353 -0
960 0.000207482 -0
961 -0.000403286 0
962 0.000198582 0
963 -6.32768e-05 0
964 -0.00040714 0
965 0.000111023 -0
966 -0.000109892 0
967 4.80532e-05 0
968 -0.000526928 0
969 0.000159053 0
970 -5.73799e-05 0
971 -0.000265571 0
972 0.000205947 0
973 -5.51052e-05 -0
974 8.90825e-05 0
975 -4.79073e-05 -0
976 -0.00107048 -0
977 0.000301336 0
978 -0.000836838 0
979 0.000288211 0
980 -0.000206049 -0
981 5.59565e-05 -0
982 0.000221124 -0
983 -8.84209e-05 -0
984 0.000105832 -0
985 -3.25543e-05 0
986 -0.000395822 -0
987 0.000113161 0
988 -6.95418e-05 -0
989 0.00100101 0
990 -0.000267333 0
991 0.000120964 -0
992 0.000609917 -0
993 -0.000860214 -0
994 0.000280568 0
995 -0.000237804 -0
996 8.88519e-05 -0
997 -2.4381e-05 0
998 5.62264e-05 0
999 -2.96033e-05 0
1000 -0.000128334 -0
1001 3.45862e-05 0
1002 -0.000198356 0
1003 6.20096e-05 -0
1004 -6.38056e-05 0
1005 2.75678e-05 -0
1006 0.000201759 0
1007 -5.96675e-05 -0
1008 3.3559e-05 0
1009 -0.000137428 0
1010 3.8045e-05 -0
1011 -1.34528e-05 -0
1012 0.000340475 0
1013 -0.000247935 -0
1014 0.000100431 0
1015 -0.000171408 -0
1016 4.56079e-05 0
1017 0.000205977 0
1018 -9.89531e-05 0
1019 2.78567e-05 0
1020 -3.48958e-05 -0
1021 -0.000223498 0
1022 7.49716e-05 0
1023 -4.80233e-05 -0
1024 1.42261e-05 0
1025 -3.8782e-05 -0
1026 3.47239e-05 0
1027 -9.32667e-06 -0
1028 -0.00075389 0
1029 0.000273699 0
1030 -0.000136952 0
1031 -0.000592978 0
1032 0.000186739 -0
1033 -4.97895e-05 0
1034 7.549e-05 -0
1035 -0.000531689 0
1036 0.000209031 -0
1037 -5.81532e-05 -0
1038 3.96949e-05 -0
1039 0.000440916 -0
1040 -0.000127639 -0
1041 0.00014013 0
1042 -6.504e-05 -0
1043 -0.000333031 -0
1044 0.000109939 -0
1045 -0.000230471 0
1046 6.16051e-05 -0
1047 -3.5613e-05 -0
1048 1.08108e-05 0
1049 6.74235e-05 -0
1050 -5.54184e-05 -0
1051 2.13115e-05 0
1052 -7.41034e-05 -0
1053 2.03761e-05 0
1054 8.27632e-05 0
1055 -3.63969e-05 0
1056 3.50595e-05 0
1057 -1.02439e-05 -0
1058 0.000114507 -0
1059 -3.91438e-05 -0
1060 2.23864e-05 0
1061 -5.91455e-06 -0
1062 1.20895e-05 -0
1063 -1.29741e-05 -0
1064 5.10157e-06 -0
1065 8.4787e-05 -0
1066 -2.28151e-05 -0
1067 1.1339e-05 0
1068 -4.20006e-05 -0
1069 1.32814e-05 0
1070 9.07626e-05 -0
1071 -2.56051e-05 0
1072 1.82489e-05 0
1073 -2.67008e-05 0
1074 6.94813e-06 -0
1075 -2.40799e-06 0
1076 -8.15589e-05 0
1077 5.03833e-05 0
1078 -1.54251e-05 0
1079 -7.32694e-05 0
1080 3.45844e-05 0
1081 -9.53165e-06 0
1082 9.75106e-06 -0
1083 -3.52787e-05 -0
1084 1.0429e-05 0
1085 -5.58786e-06 -0
1086 -4.83761e-05 -0
1087 1.2848e-05 0
1088 -1.78253e-05 -0
1089 6.5208e-06 0
1090 -3.73859e-05 -0
1091 1.22608e-05 -0
1092 -8.22208e-06 0
1093 2.19331e-06 -0
1094 1.37055e-05 0
1095 -5.74988e-06 -0
1096 9.7071e-06 -0
1097 -3.06062e-06 -0
1098 2.69856e-06 -0
1099 -7.46347e-07 0
1100 -5.40585e-05 -0
1101 2.09254e-05 0
1102 -6.05235e-05 0
1103 1.60862e-05 0
1104 6.89584e-05 0
1105 -3.63085e-05 0
1106 1.09395e-05 -0
1107 -1.24843e-05 -0
1108 5.67595e-06 0
1109 -5.46642e-05 0
1110 1.55118e-05 -0
1111 -1.20497e-05 -0
1112 -7.9332e-05 0
1113 2.11532e-05 -0
1114 -7.2681e-06 0
1115 4.75171e-06 0
1116 -1.89751e-05 -0
1117 5.90571e-06 0
1118 -7.4693e-06 -0
1119 2.01458e-06 0
1120 3.52015e-05 0
1121 -1.32823e-05 -0
1122 7.48215e-06 -0
1123 3.51924e-05 0
1124 -9.75769e-06 -0
1125 2.25303e-05 -0
1126 -1.04859e-05 -0
1127 8.76899e-06 -0
1128 -2.53417e-06 -0
1129 -0.000351497 -0
1130 9.37457e-05 -0
1131 -3.93811e-05 -0
1132 6.46078e-05 0
1133 -2.29899e-05 0
1134 -0.000146732 0
1135 9.15975e-05 -0
1136 -2.82514e-05 0
1137 0.000107511 -0
1138 -2.90243e-05 -0
1139 2.94629e-05 -0
1140 0.000119977 0
1141 -5.95925e-05 -0
1142 2.03081e-05 -0
1143 -5.76108e-06 -0
1144 0.000107883 0
1145 -0.000212031 -0
1146 9.45907e-05 0
1147 -2.59532e-05 0
1148 -0.000122311 0
1149 8.76329e-05 0
1150 -2.82201e-05 -0
1151 3.52348e-05 -0
1152 -9.44531e-06 0
1153 -7.89513e-05 -0
1154 2.97711e-05 -0
1155 -1.6472e-05 -0
1156 0.000102287 -0
1157 -3.0731e-05 0
1158 2.89831e-05 -0
1159 -1.16416e-05 0
1160 -6.99184e-05 0
1161 1.86296e-05 -0
1162 -4.34177e-05 0
1163 1.23896e-05 -0
1164 -9.59891e-06 0
1165 3.19109e-06 -0
1166 7.14486e-05 0
1167 -4.34419e-05 0
1168 1.20515e-05 0
1169 4.87514e-05 -0
1170 -1.78059e-05 0
1171 2.74303e-05 0
1172 -1.42488e-05 0
1173 3.86062e-06 -0
1174 -1.27173e-05 -0
1175 3.95994e-06 -0
1176 -4.4744e-06 -0
1177 -1.96384e-05 0
1178 8.4946e-06 -0
1179 -2.49647e-06 0
1180 2.65225e-05 -0
1181 -7.0847e-06 -0
1182 5.90816e-06 0
1183 -2.31254e-06 0
1184 -2.29485e-05 0
1185 1.51313e-05 0
1186 -4.62372e-06 0
1187 2.40104e-05 -0
1188 -6.53506e-06 -0
1189 8.98542e-06 0
1190 -4.14142e-06 -0
1191 -2.23509e-05 -0
1192 7.70543e-06 -0
1193 -4.14908e-06 0
1194 1.16187e-06 -0
1195 -3.04735e-06 -0
1196 -1.27408e-05 -0
1197 4.16345e-06 0
1198 -3.70023e-06 0
1199 9.9057e-07 -0
1200 4.64761e-05 -0
1201 -1.94784e-05 0
1202 1.36994e-05 0
1203 -4.01463e-06 -0
1204 8.04689e-06 0
1205 4.77366e-05 -0
1206 -1.74765e-05 0
1207 4.86627e-06 -0
1208 -5.2407e-06 0
1209 2.71079e-06 0
1210 -3.41634e-05 -0
1211 1.09608e-05 0
1212 4.63521e-05 -0
1213 -1.24684e-05 -0
1214 7.36816e-06 -0
1215 -1.00836e-05 0
1216 3.01512e-06 0
1217 2.88797e-05 -0
1218 -1.24206e-05 0
1219 2.8778e-05 0
1220 -7.84183e-06 0
1221 6.11307e-06 -0
1222 -2.07847e-06 -0
1223 -7.36509e-06 -0
1224 2.74865e-06 0
1225 -1.44051e-05 -0
1226 4.1038e-06 0
1227 -1.84529e-06 0
1228 0.000102652 -0
1229 -0.000112845 0
1230 3.02028e-05 -0
1231 -1.94063e-05 0
1232 6.13158e-06 -0
1233 2.57841e-05 -0
1234 -4.61193e-05 -0
1235 1.797e-05 0
1236 -5.14041e-06 0
1237 2.51927e-06 0
1238 -9.69547e-06 0
1239 2.64762e-06 0
1240 1.23762e-05 -0
1241 -9.9156e-06 -0
1242 3.50268e-06 -0
1243 4.89827e-05 -0
1244 -1.45745e-05 0
1245 8.34903e-06 -0
1246 -1.03474e-05 -0
1247 2.79873e-06 0
1248 -8.25759e-06 0
1249 3.38538e-06 0
1250 1.3371e-05 0
1251 -3.72014e-06 0
1252 3.42434e-06 0
1253 -1.13437e-06 -0
1254 8.60864e-06 0
1255 -5.88827e-06 -0
1256 1.77632e-06 -0
1257 1.00275e-05 0
1258 -4.57799e-06 0
1259 1.22756e-06 0
1260 -1.88327e-06 -0
1261 7.11057e-07 -0
1262 1.32181e-05 0
1263 -3.84713e-06 0
1264 2.8902e-06 0
1265 1.03348e-05 0
1266 -4.98207e-06 0
1267 1.37958e-06 -0
1268 -3.35932e-06 -0
1269 1.16394e-06 0
1270 7.73644e-06 0
1271 -4.68745e-06 -0
1272 1.48318e-06 -0
1273 -1.54364e-06 0
1274 4.1888e-07 0
1275 -8.15061e-06 -0
1276 3.29429e-06 -0
1277 -5.44814e-06 0
1278 1.53341e-06 0
1279 7.44024e-06 0
1280 -3.81793e-06 -0
1281 1.31663e-05 0
1282 -4.24923e-06 -0
1283 3.77721e-06 -0
1284 -1.03188e-06 0
1285 -3.85727e-06 -0
1286 1.38232e-06 0
1287 -1.64239e-06 0
1288 4.85e-07 -0
1289 -4.9905e-06 -0
1290 2.68983e-06 0
1291 -7.24322e-07 -0
1292 -6.92214e-06 0
1293 3.00849e-06 -0
1294 -1.99799e-06 -0
1295 6.13601e-07 -0
1296 -1.32293e-06 -0
1297 -5.70342e-06 -0
1298 2.20836e-06 0
1299 -5.93326e-07 0
1300 7.88018e-07 -0
1301 -2.27336e-07 0
1302 1.04745e-06 -0
1303 -6.41358e-07 0
1304 2.18845e-07 -0
1305 1.3157e-06 0
1306 -3.68692e-07 0
1307 3.07116e-07 -0
1308 -1.17332e-05 0
1309 5.83024e-06 -0
1310 -1.90295e-06 -0
1311 -7.22048e-06 0
1312 1.97887e-06 0
1313 -3.36387e-06 -0
1314 1.41161e-06 0
1315 -1.03553e-06 -0
1316 3.09979e-07 -0
1317 -1.95852e-06 -0
1318 7.04185e-07 0
1319 2.87992e-06 0
1320 -7.78908e-07 0
1321 7.71961e-07 0
1322 -3.54625e-07 -0
1323 -7.35076e-06 -0
1324 2.09452e-06 0
1325 -6.16811e-06 0
1326 3.43784e-06 0
1327 -1.06759e-06 0
1328 1.2292e-06 -0
1329 -3.31157e-07 -0
1330 -1.79623e-06 0
1331 7.21756e-07 0
1332 -1.40873e-06 -0
1333 4.71713e-07 0
1334 -2.9713e-07 0
1335 -1.27687e-06 0
1336 3.55641e-07 0
1337 -1.34135e-07 0
1338 5.1768e-07 0
1339 -3.67446e-07 -0
1340 1.07388e-07 0
1341 7.83872e-07 -0
1342 -3.86056e-07 0
1343 5.88395e-07 -0
1344 -1.61123e-07 0
1345 -5.81395e-07 0
1346 1.87337e-07 -0
1347 -1.62414e-07 0
1348 7.24447e-08 0
1349 -2.5566e-06 0
1350 6.86879e-07 -0
1351 -2.42139e-07 -0
1352 1.30319e-06 0
1353 -1.24938e-06 0
1354 3.57414e-07 -0
1355 1.36144e-06 -0
1356 -7.22873e-07 -0
1357 2.20742e-07 -0
1358 2.74695e-06 -0
1359 -1.14445e-06 -0
1360 1.49116e-06 -0
1361 -4.04777e-07 0
1362 1.02885e-06 0
1363 -7.90484e-07 0
1364 2.35672e-07 -0
1365 1.34265e-06 -0
1366 -5.19668e-07 -0
1367 2.99797e-07 0
1368 -8.31571e-08 0
1369 -2.7301e-07 0
1370 9.32947e-08 -0
1371 -2.00252e-07 -0
1372 1.33151e-07 0
1373 -3.79185e-08 -0
1374 4.13347e-07 0
1375 -1.96614e-07 -0
1376 5.30995e-08 -0
1377 2.28717e-07 -0
1378 -2.54596e-07 -0
1379 8.0095e-08 -0
1380 -2.9479e-08 0
1381 3.23405e-06 0
1382 -4.80713e-06 0
1383 1.30007e-06 0
1384 -7.65939e-07 -0
1385 2.25677e-06 -0
1386 -7.31944e-07 0
1387 -3.20441e-06 0
1388 1.36784e-06 0
1389 -1.21113e-06 -0
1390 3.54337e-07 0
1391 4.87526e-06 0
1392 -1.30441e-06 0
1393 6.55706e-07 0
1394 -2.69615e-06 -0
1395 1.05929e-06 0
1396 -8.20747e-07 0
1397 2.27731e-07 0
1398 8.91213e-07 0
1399 -3.08237e-07 -0
1400 4.88489e-07 -0
1401 -1.46488e-07 0
1402 -8.16662e-07 0
1403 5.83457e-07 0
1404 -1.59132e-07 -0
1405 2.14455e-06 0
1406 -9.48955e-07 -0
1407 2.03013e-06 0
1408 -5.76202e-07 -0
1409 2.12551e-07 -0
1410 1.82924e-06 0
1411 -1.83364e-06 -0
1412 5.87364e-07 0
1413 -3.04876e-07 0
1414 1.73474e-06 -0
1415 -4.6627e-07 -0
1416 2.94567e-07 -0
1417 1.21815e-06 0
1418 -3.74836e-07 0
1419 4.46516e-07 0
1420 -1.81284e-07 0
1421 4.99199e-08 0
1422 1.08484e-06 0
1423 -2.07368e-06 0
1424 7.43997e-07 -0
1425 -4.12821e-07 -0
1426 1.2007e-07 -0
1427 4.70902e-07 -0
1428 -4.13651e-07 0
1429 1.11764e-07 0
1430 -3.93835e-07 0
1431 1.85868e-07 -0
1432 -6.25189e-08 0
1433 -3.11228e-07 0
1434 4.42305e-07 -0
1435 -1.24945e-07 0
1436 -4.17776e-07 -0
1437 1.28072e-07 -0
1438 -8.79367e-08 0
1439 3.46018e-08 0
1440 -9.85058e-08 0
1441 2.71984e-08 0
1442 1.13692e-07 0
1443 -1.23004e-07 0
1444 6.3748e-08 -0
1445 -2.09694e-08 0
1446 3.20987e-07 -0
1447 -8.73896e-08 -0
1448 5.47306e-08 0
1449 1.93481e-07 0
1450 -6.80473e-08 0
1451 7.9379e-08 0
1452 -2.36685e-08 -0
1453 1.03589e-08 -0
1454 -3.51905e-07 0
1455 2.84203e-07 -0
1456 -7.77026e-08 0
1457 -2.64758e-07 0
1458 1.00668e-07 -0
1459 -1.86233e-07 0
1460 5.37849e-08 0
1461 -2.80017e-07 0
1462 1.63936e-07 -0
1463 -5.40828e-08 0
1464 -3.71684e-07 0
1465 1.71248e-07 -0
1466 -4.64898e-08 0
1467 6.96025e-08 -0
1468 2.4967e-07 0
1469 -7.54456e-08 -0
1470 5.60722e-08 -0
1471 -2.05326e-08 -0
1472 5.569e-08 0
1473 -1.56613e-08 -0
1474 8.47725e-09 -0
1475 -7.19546e-07 -0
1476 2.88296e-07 0
1477 -2.80279e-07 0
1478 7.50174e-08 0
1479 5.19397e-07 0
1480 -1.61178e-07 0
1481 6.36211e-07 -0
1482 -3.13622e-07 -0
1483 -1.22499e-06 -0
1484 3.44436e-07 0
1485 -4.20309e-07 0
1486 1.46559e-07 -0
1487 -1.19887e-07 -0
1488 3.23627e-08 -0
1489 1.4838e-07 0
1490 -6.14841e-08 0
1491 1.40195e-07 -0
1492 -4.12381e-08 0
1493 4.70644e-07 -0
1494 -2.90407e-07 0
1495 9.37519e-08 -0
1496 -2.57049e-08 0
1497 4.24755e-08 -0
1498 -2.35958e-08 0
1499 -1.80684e-07 0
1500 6.84167e-08 -0
1501 -1.8353e-08 0
1502 9.91862e-08 0
1503 -6.79661e-08 0
1504 -2.98183e-07 -0
1505 9.10129e-08 -0
1506 -3.97895e-08 -0
1507 4.55582e-08 -0
1508 -1.28776e-08 0
1509 -2.75216e-07 0
1510 9.11699e-08 0
1511 -8.36824e-08 0
1512 4.26795e-08 0
1513 1.54004e-07 0
1514 -4.21014e-08 -0
1515 8.76087e-08 0
1516 -3.01816e-08 -0
1517 1.06913e-07 -0
1518 -2.96797e-08 0
1519 2.27372e-08 -0
1520 1.08064e-07 0
1521 -3.99504e-08 -0
1522 1.90581e-08 -0
1523 -5.67345e-09 0
1524 7.47435e-09 0
1525 6.11189e-08 -0
1526 -1.65116e-08 0
1527 1.07033e-08 -0
1528 -8.14422e-08 -0
1529 2.59912e-08 0
1530 -1.03646e-08 0
1531 -3.89187e-08 0
1532 1.12597e-08 0
1533 -1.19127e-08 0
1534 5.38406e-09 -0
1535 -3.72833e-07 0
1536 1.00414e-07 0
1537 -1.50698e-07 -0
1538 8.48892e-08 -0
1539 -2.97355e-08 -0
1540 8.03304e-08 -0
1541 -2.19839e-08 -0
1542 -1.31557e-07 -0
1543 3.93832e-08 -0
1544 -3.35857e-08 0
1545 1.4042e-08 0
1546 5.78932e-08 -0
1547 -1.54337e-08 0
1548 1.3148e-07 -0
1549 -6.71056e-08 0
1550 2.2336e-08 0
1551 -1.55545e-08 -0
1552 4.48352e-09 0
1553 7.12259e-08 0
1554 -9.68922e-08 0
1555 2.99873e-08 -0
1556 -5.61376e-08 0
1557 2.17781e-08 -0
1558 1.06315e-07 0
1559 -2.98289e-08 -0
1560 1.7532e-08 0
1561 -6.00299e-08 -0
1562 1.61052e-08 0
1563 -1.76376e-08 0
1564 6.27979e-09 -0
1565 -8.40154e-08 -0
1566 3.82247e-08 0
1567 -1.05468e-08 -0
1568 -7.98142e-08 -0
1569 5.85543e-08 0
1570 -1.83214e-08 -0
1571 -8.63006e-08 0
1572 2.29882e-08 -0
1573 -2.11751e-08 0
1574 1.12845e-08 -0
1575 -2.82972e-08 -0
1576 8.01971e-09 -0
1577 -3.05025e-09 -0
1578 -9.66675e-08 -0
1579 6.24697e-08 0
1580 -1.69588e-08 0
1581 -6.95735e-08 0
1582 2.34643e-08 -0
1583 -1.08012e-07 -0
1584 5.2269e-08 -0
1585 -1.5954e-08 0
1586 2.65693e-08 0
1587 -2.17918e-08 -0
1588 6.39428e-09 0
1589 -2.65106e-09 0
1590 -3.34698e-08 0
1591 9.04492e-09 0
1592 -1.13115e-08 0
1593 4.18148e-09 -0
1594 2.20274e-08 0
1595 -5.8791e-09 -0
1596 1.26377e-08 -0
1597 -5.55082e-09 0
1598 1.08028e-07 0
1599 -3.48554e-08 -0
1600 2.30816e-08 -0
1601 -6.31894e-09 -0
1602 -2.70445e-08 0
1603 2.58258e-08 0
1604 -7.48247e-09 -0
1605 3.815e-08 -0
1606 -1.9628e-08 0
1607 6.78258e-09 0
1608 5.65953e-08 -0
1609 -1.59465e-08 -0
1610 1.22056e-08 -0
1611 -4.86441e-09 0
1612 1.36825e-08 0
1613 -3.66517e-09 -0
1614 5.15176e-09 -0
1615 -2.94309e-09 0
1616 -1.35827e-08 -0
1617 4.29508e-09 0
1618 -1.29139e-09 0
1619 8.53562e-09 -0
1620 -4.01298e-09 -0
1621 1.06438e-09 -0
1622 -1.19507e-09 -0
1623 -8.54216e-09 0
1624 3.05859e-09 -0
1625 -1.87054e-09 0
1626 5.1313e-10 -0
1627 3.75947e-08 0
1628 -6.81365e-08 -0
1629 2.91419e-08 0
1630 -9.62268e-09 -0
1631 -4.42749e-08 -0
1632 1.2085e-08 0
1633 -1.25754e-08 -0
1634 5.18774e-08 -0
1635 -1.53928e-08 0
1636 7.65894e-09 -0
1637 -6.10913e-09 0
1638 1.63095e-09 -0
1639 1.51911e-08 -0
1640 -5.76081e-09 0
1641 1.35955e-08 -0
1642 -3.8943e-09 0
1643 2.17285e-09 -0
1644 8.558e-09 -0
1645 -2.67184e-09 0
1646 2.37008e-09 -0
1647 -3.43302e-08 -0
1648 9.55971e-09 -0
1649 -3.88017e-09 -0
1650 5.07536e-09 0
1651 2.57702e-08 0
1652 -6.91278e-09 -0
1653 5.03422e-09 -0
1654 -1.72838e-09 0
1655 3.46225e-09 0
1656 -1.55234e-09 0
1657 -2.74152e-08 0
1658 7.43508e-09 -0
1659 -4.44239e-09 0
1660 1.43286e-09 0
1661 5.89046e-09 -0
1662 -2.31446e-08 -0
1663 6.67875e-09 -0
1664 -2.43748e-09 0
1665 2.63311e-09 0
1666 -1.80647e-09 -0
1667 5.4451e-10 -0
1668 3.37371e-09 0
1669 -1.57458e-09 -0
1670 1.06111e-08 -0
1671 -2.83216e-09 0
1672 4.45651e-09 -0
1673 -1.25411e-09 0
1674 4.93246e-10 -0
1675 1.07001e-08 -0
1676 -5.93623e-09 0
1677 -2.05032e-08 -0
1678 7.02767e-09 -0
1679 -1.95286e-09 -0
1680 1.95208e-09 -0
1681 -6.44379e-09 0
1682 2.00266e-09 0
1683 -8.83683e-10 0
1684 -4.61764e-09 -0
1685 1.25863e-09 0
1686 -8.64662e-10 0
1687 1.30186e-09 0
1688 -4.68377e-10 0
1689 8.30047e-09 -0
1690 -2.4525e-09 0
1691 -8.64184e-09 0
1692 4.48165e-09 0
1693 -4.01923e-09 0
1694 1.13539e-09 -0
1695 -3.08894e-09 -0
1696 1.16813e-09 0
1697 -3.17227e-10 -0
1698 -1.43271e-09 -0
1699 1.12157e-09 0
1700 -3.71329e-10 0
1701 2.24093e-09 0
1702 -9.33196e-10 -0
1703 1.10554e-09 0
1704 -3.03291e-10 0
1705 -2.31527e-09 -0
1706 1.44404e-09 -0
1707 -4.62676e-10 0
1708 -1.67944e-09 0
1709 4.84406e-10 -0
1710 -9.87723e-10 -0
1711 4.60156e-10 0
1712 -1.24592e-10 0
1713 5.53148e-09 -0
1714 -5.70001e-09 0
1715 2.20704e-09 0
1716 -6.63055e-10 -0
1717 -2.45505e-09 0
1718 1.30986e-09 0
1719 -4.73208e-09 -0
1720 1.64795e-09 0
1721 -4.56438e-10 -0
1722 3.2651e-10 0
1723 4.05958e-09 -0
1724 -2.03047e-09 -0
1725 3.63402e-09 -0
1726 -9.90805e-10 -0
1727 3.08003e-10 0
1728 1.32721e-09 -0
1729 -1.13314e-09 -0
1730 4.85568e-10 -0
1731 -4.54716e-09 -0
1732 1.35001e-09 0
1733 -1.7021e-09 -0
1734 4.59248e-10 -0
1735 -2.6458e-10 0
1736 -1.4649e-09 0
1737 4.92235e-10 0
1738 -1.17917e-09 -0
1739 4.25515e-10 -0
1740 -2.77017e-10 -0
1741 7.76274e-11 0
1742 2.82138e-10 0
1743 -1.26844e-10 -0
1744 1.95995e-10 0
1745 -5.27361e-11 -0
1746 -3.97609e-10 0
1747 1.31481e-10 0
1748 -1.29605e-10 -0
1749 3.85872e-11 -0
1750 -2.46171e-10 0
1751 1.00509e-10 0
1752 3.21834e-10 -0
1753 -8.99862e-11 -0
1754 5.19082e-11 0
1755 1.52796e-10 0
1756 -2.58823e-10 -0
1757 8.50167e-11 0
1758 -4.34977e-11 0
1759 2.06356e-10 -0
1760 -6.00461e-11 -0
1761 5.13104e-11 0
1762 -1.97358e-11 0
1763 2.3839e-09 -0
1764 -6.39251e-10 -0
1765 1.3756e-09 -0
1766 -8.69415e-10 0
1767 -3.43649e-09 0
1768 1.17846e-09 -0
1769 -3.19652e-10 0
1770 3.21949e-10 -0
1771 -9.8302e-11 -0
1772 -4.99287e-10 -0
1773 1.96674e-10 0
1774 -1.329e-09 0
1775 3.838e-10 -0
1776 -2.81091e-10 -0
1777 1.45816e-10 0
1778 1.5007e-09 0
1779 -4.1467e-10 -0
1780 4.7586e-10 -0
1781 -1.70178e-10 -0
1782 -6.13921e-10 -0
1783 2.58492e-10 0
1784 -7.27452e-10 -0
1785 1.96843e-10 -0
1786 -6.45787e-11 -0
1787 9.40845e-10 0
1788 -5.55264e-10 0
1789 9.14198e-10 0
1790 -2.7212e-10 -0
1791 -1.71108e-09 0
1792 7.96876e-10 -0
1793 -2.24456e-10 -0
1794 1.53259e-10 -0
1795 6.57456e-10 0
1796 -1.76766e-10 -0
1797 1.65772e-10 -0
1798 -6.28383e-11 0
1799 2.41116e-10 0
1800 -7.70289e-11 -0
1801 1.12263e-10 -0
1802 -3.21757e-11 -0
1803 -1.24255e-10 0
1804 6.20827e-11 -0
1805 -2.52618e-11 0
1806 5.97904e-10 0
1807 -1.62468e-10 0
1808 1.37223e-10 0
1809 -4.59882e-11 0
1810 8.19569e-11 -0
1811 4.07528e-10 -0
1812 -1.22599e-10 0
1813 6.8965e-11 -0
1814 -1.91518e-11 0
1815 -2.59552e-10 -0
1816 1.13915e-10 0
1817 -1.38212e-10 -0
1818 3.72041e-11 -0
1819 -2.06766e-10 0
1820 7.2427e-11 0
1821 -5.59179e-11 -0
1822 -3.80259e-10 -0
1823 1.11312e-10 -0
1824 -2.75268e-10 0
1825 1.70671e-10 -0
1826 -5.35726e-11 -0
1827 -2.05221e-10 -0
1828 5.50075e-11 -0
1829 -2.69069e-11 -0
1830 2.77905e-11 0
1831 -1.08073e-11 -0
1832 1.11578e-10 0
1833 -3.04581e-11 0
1834 5.94596e-11 -0
1835 -1.96082e-11 -0
1836 -8.48268e-11 0
1837 4.53332e-11 -0
1838 -1.28843e-11 -0
1839 8.98187e-12 -0
1840 9.52372e-11 0
1841 -3.57967e-11 0
1842 5.40486e-11 -0
1843 -1.48841e-11 0
1844 -4.93389e-11 -0
1845 2.24455e-11 0
1846 -7.1287e-12 -0
1847 3.03672e-11 -0
1848 -2.62329e-11 -0
1849 7.41555e-12 -0
1850 1.54533e-11 0
1851 -8.22336e-12 0
1852 1.22312e-11 0
1853 -3.84777e-12 -0
1854 -1.95873e-12 0
1855 1.06639e-12 -0
1856 -1.18757e-12 0
1857 3.7104e-13 -0
1858 -5.59779e-12 0
1859 2.26545e-12 0
1860 -4.3326e-12 0
1861 1.44615e-12 -0
1862 3.06901e-12 0
1863 -1.74941e-12 -0
1864 5.11934e-13 -0
1865 -9.50707e-12 0
1866 8.97107e-12 -0
1867 -2.65313e-12 -0
1868 2.73232e-11 0
1869 -1.06311e-11 -0
1870 2.73568e-12 -0
1871 -3.90534e-12 -0
1872 1.93094e-12 -0
1873 1.82229e-11 -0
1874 -5.41959e-12 -0
1875 3.61693e-12 -0
1876 -1.2312e-12 0
1877 1.24888e-12 0
1878 -3.31943e-13 -0
1879 -1.00717e-11 0
1880 4.95971e-12 0
1881 -1.37932e-12 0
1882 -3.70137e-12 -0
1883 1.5907e-11 -0
1884 -4.9159e-12 -0
1885 2.85834e-12 0
1886 -3.02253e-12 -0
1887 1.05827e-12 -0
1888 1.88663e-12 -0
1889 -5.63492e-13 -0
1890 2.60945e-13 0
1891 -3.82712e-13 -0
1892 1.01065e-13 0
1893 4.8371e-13 -0
1894 -1.64267e-13 0
1895 1.5521e-10 -0
1896 -5.04694e-11 0
1897 2.24895e-11 -0
1898 -2.43098e-11 -0
1899 6.55833e-12 -0
1900 -2.54556e-11 0
1901 9.40179e-12 0
1902 -6.78045e-12 0
1903 -3.62314e-11 -0
1904 1.04403e-11 0
1905 -2.19773e-11 0
1906 6.95662e-12 0
1907 -3.66974e-12 -0
1908 -3.69632e-11 -0
1909 1.00479e-11 0
1910 -8.71451e-12 -0
1911 -3.17506e-11 -0
1912 9.68861e-12 -0
1913 -4.14688e-12 0
1914 3.98268e-11 0
1915 -1.38911e-11 0
1916 1.64287e-11 -0
1917 -4.52013e-12 -0
1918 3.0479e-12 0
1919 1.28778e-11 0
1920 -3.76357e-12 0
1921 1.94333e-11 0
1922 -9.37455e-12 -0
1923 2.51893e-12 -0
1924 -3.93455e-12 -0
1925 1.31209e-12 0
1926 1.60169e-11 -0
1927 -6.71815e-12 -0
1928 4.41462e-12 0
1929 -1.24221e-12 -0
1930 3.6776e-12 -0
1931 1.21675e-11 -0
1932 -4.67574e-12 -0
1933 4.52011e-12 0
1934 -1.35894e-12 -0
1935 -5.86159e-12 -0
1936 3.16175e-12 0
1937 -9.18456e-13 -0
1938 1.34182e-12 0
1939 -5.63608e-12 -0
1940 1.54683e-12 0
1941 -9.51601e-13 -0
1942 -3.29898e-12 0
1943 1.05588e-12 -0
1944 -4.33506e-13 -0
1945 3.78779e-13 0
1946 -1.52594e-11 0
1947 4.11365e-12 -0
1948 -1.47256e-12 0
1949 -5.18935e-12 -0
1950 2.36635e-12 -0
1951 -4.98093e-12 -0
1952 1.43287e-12 -0
1953 -1.4813e-12 0
1954 4.06821e-13 -0
1955 2.17837e-12 -0
1956 -1.68792e-12 -0
1957 5.45847e-13 -0
1958 -3.79077e-12 0
1959 2.07978e-12 -0
1960 -6.31588e-13 -0
1961 9.21995e-13 -0
1962 -3.36772e-13 0
1963 -2.52682e-12 0
1964 6.84753e-13 0
1965 -1.73398e-12 0
1966 7.66114e-13 0
1967 2.57865e-12 0
1968 -7.31168e-13 -0
1969 5.2031e-13 -0
1970 -1.79155e-13 -0
1971 8.40616e-12 0
1972 -4.13665e-12 -0
1973 5.08015e-12 0
1974 -1.36077e-12 0
1975 -6.26105e-12 -0
1976 1.93417e-12 -0
1977 -1.11501e-12 -0
1978 4.69414e-12 -0
1979 -1.79019e-12 -0
1980 4.92556e-13 0
1981 -8.33076e-13 0
1982 -1.2678e-11 -0
1983 4.19014e-12 0
1984 -3.30698e-12 0
1985 9.60344e-13 0
1986 3.70449e-12 -0
1987 -1.73189e-12 0
1988 1.73822e-12 -0
1989 -4.74676e-13 -0
1990 6.34027e-12 -0
1991 -2.67351e-12 -0
1992 1.64934e-12 0
1993 -4.92973e-13 -0
1994 -2.76046e-12 0
1995 8.61596e-12 0
1996 -3.03612e-12 -0
1997 8.48002e-13 0
1998 -9.72615e-13 0
1999 3.93944e-13 0
2000 1.63179e-12 -0
2001 -4.40561e-13 0
2002 2.87179e-13 0
2003 -7.99624e-12 -0
2004 2.48754e-12 0
2005 -4.27002e-12 0
2006 2.17834e-12 -0
2007 -6.16109e-13 -0
2008 -7.12599e-12 -0
2009 2.61308e-12 0
2010 -2.27707e-12 -0
2011 6.04359e-13 0
2012 2.61159e-12 -0
2013 -3.71111e-12 -0
2014 1.22081e-12 0
2015 -6.63014e-12 0
2016 1.79234e-12 -0
2017 -8.34539e-13 -0
2018 5.97001e-13 0
2019 -1.72939e-13 -0
2020 4.25712e-13 0
2021 -1.62966e-13 0
2022 -1.18005e-12 0
2023 6.45328e-13 0
2024 -1.9483e-13 -0
2025 -3.83104e-12 0
2026 1.02688e-12 -0
2027 -1.05636e-12 -0
2028 4.48147e-13 0
2029 1.95877e-12 -0
2030 -5.48137e-13 -0
2031 1.13751e-12 -0
2032 -3.89763e-13 0
2033 3.16301e-13 -0
2034 -2.87865e-12 0
2035 7.85727e-13 0
2036 -3.85536e-13 0
2037 4.89019e-13 0
2038 -1.56701e-13 -0
2039 -8.63752e-13 -0
2040 2.29347e-13 0
2041 -1.47198e-13 0
2042 5.3235e-13 -0
2043 -1.57333e-13 0
2044 6.91854e-14 0
2045 5.25611e-12 0
2046 -1.92193e-12 0
2047 3.07895e-12 0
