0 0 0
1 -0 -0
2 -0 0
3 0 -0
4 -0 0
5 3.33335 -0
6 -0.975087 0
7 0.425853 0
8 -0.41141 0
9 -1.98315 -0
10 0.553358 0
11 -0.209818 -0
12 0.828622 0
13 -0.606346 0
14 0.187827 0
15 0.669643 -0
16 -0.334687 0
17 0.0918171 0
18 -0.121494 -0
19 -1.15421 -0
20 0.40896 -0
21 -0.116725 0
22 0.307204 -0
23 -0.167128 0
24 0.139989 -0
25 -0.0448237 -0
26 -0.146074 0
27 0.0593781 -0
28 -0.519676 -0
29 0.141731 0
30 -0.160453 0
31 0.048166 -0
32 0.298013 -0
33 -0.138687 -0
34 0.0914735 -0
35 -0.0253052 0
36 -0.101247 0
37 0.160808 0
38 -0.0587909 -0
39 0.327178 -0
40 -0.0944739 -0
41 0.0323799 -0
42 0.621406 0
43 -0.485203 -0
44 0.204232 0
45 0.645464 -0
46 -0.18186 0
47 0.403201 0
48 -0.210319 -0
49 0.0641464 -0
50 -0.0669521 0
51 0.0182213 0
52 -0.335754 -0
53 0.131532 0
54 0.447463 0
55 -0.279997 -0
56 0.0913177 -0
57 -0.289562 -0
58 0.0797365 -0
59 -0.114675 0
60 0.0550812 -0
61 0.240888 0
62 -0.0713523 0
63 0.0638308 0
64 -0.0201082 0
65 -0.15006 -0
66 0.0854204 -0
67 -0.0233535 0
68 0.0407089 0
69 -0.0151465 0
70 -0.0473785 0
71 0.0212924 0
72 -0.00603605 0
73 0.0413432 0
74 -0.0287502 -0
75 0.0100069 -0
76 0.0539718 0
77 -0.0655589 0
78 0.0182156 0
79 0.694507 0
80 -0.27721 0
81 0.0838648 -0
82 0.314153 -0
83 -0.253754 0
84 0.0690105 0
85 -0.166748 0
86 0.055029 0
87 -0.0281041 -0
88 0.128351 0
89 -0.0372924 -0
90 0.0239437 0
91 0.0794929 0
92 -0.0340542 -0
93 0.0341944 0
94 -0.0095868 -0
95 -0.119508 -0
96 0.0429781 -0
97 -0.532058 0
98 0.166219 -0
99 -0.0925674 -0
100 0.139643 0
101 -0.0380441 0
102 -0.121739 0
103 0.046912 -0
104 -0.0353455 -0
105 0.102676 0
106 -0.0294687 0
107 -0.123129 0
108 0.0416416 -0
109 -0.0190589 -0
110 0.0240832 0
111 -0.00659568 -0
112 0.257641 0
113 -0.156889 0
114 0.0467523 0
115 0.314958 -0
116 -0.291564 0
117 0.0941435 0
118 -0.192445 0
119 0.0795698 0
120 0.277204 0
121 -0.0765055 0
122 0.0374437 -0
123 -0.133065 -0
124 0.0391524 0
125 -0.0265959 0
126 -0.0828852 0
127 0.0291038 -0
128 -0.0317281 -0
129 0.00866275 0
130 0.0440536 0
131 -0.0135431 -0
132 0.00721587 -0
133 -0.0120453 0
134 0.003404 -0
135 0.0512594 0
136 -0.0192498 -0
137 0.0166331 -0
138 -0.0839903 -0
139 0.0371877 -0
140 -0.0101108 0
141 -0.038985 -0
142 0.0123827 -0
143 -0.00721107 0
144 0.0742644 -0
145 -0.0206778 -0
146 0.028451 -0
147 -0.0112515 0
148 -0.0942716 0
149 0.0673068 0
150 -0.0226151 0
151 -0.0729696 -0
152 0.0207645 -0
153 -0.00982035 -0
154 0.0226995 -0
155 -0.00623865 -0
156 0.0072967 0
157 0.0333877 0
158 -0.0121048 -0
159 0.00364785 0
160 -0.287332 -0
161 0.220521 -0
162 -0.0919983 -0
163 0.026816 -0
164 0.0977442 0
165 -0.178797 -0
166 0.0586476 0
167 -0.0322785 -0
168 0.00878875 -0
169 -0.0295066 -0
170 -0.0927224 0
171 0.087658 -0
172 -0.0302638 -0
173 0.00846627 -0
174 -0.00522877 0
175 -0.0302008 0
176 0.0149376 -0
177 -0.0927421 0
178 0.0288482 0
179 -0.0110336 -0
180 -0.287069 0
181 0.0795636 0
182 -0.0848159 0
183 0.0366842 0
184 0.123218 0
185 -0.0354719 0
186 0.0291798 0
187 -0.0804295 -0
188 0.0246234 0
189 -0.0164736 -0
190 -0.176108 0
191 0.0479086 0
192 -0.0176634 0
193 0.0273159 -0
194 -0.0140998 0
195 -0.0576201 -0
196 0.0170111 -0
197 -0.255626 0
198 0.103045 0
199 -0.0281962 -0
200 0.0364321 -0
201 0.115779 -0
202 -0.0375534 0
203 0.021632 -0
204 -0.0913704 -0
205 0.0256831 0
206 -0.022584 0
207 0.0102458 -0
208 -0.021696 0
209 0.00738713 0
210 0.0346872 -0
211 -0.00992728 0
212 0.00699818 0
213 0.384948 0
214 -0.137606 -0
215 0.0379849 0
216 0.116304 0
217 -0.115358 -0
218 0.0365494 0
219 -0.0171925 -0
220 0.137123 -0
221 -0.037424 0
222 0.0742986 0
223 -0.0289261 0
224 -0.0981103 0
225 0.0293748 -0
226 -0.0186932 0
227 -0.127624 -0
228 0.0675274 -0
229 -0.0809514 -0
230 0.0234824 0
231 -0.00780696 -0
232 0.0240171 0
233 -0.0102178 0
234 -0.0380926 -0
235 0.0104735 -0
236 -0.00834603 -0
237 0.22972 0
238 -0.0698556 -0
239 0.098798 -0
240 -0.0479571 0
241 0.0130493 0
242 0.0713498 0
243 -0.0249766 0
244 0.0185725 0
245 0.0603075 0
246 -0.0171438 0
247 0.0435414 -0
248 -0.0178701 0
249 0.0105588 -0
250 -0.00337208 -0
251 -0.0289999 -0
252 0.0323601 -0
253 -0.00898984 -0
254 0.0342773 0
255 -0.0127131 -0
256 -0.0392128 0
257 0.0115171 0
258 -0.0105181 0
259 0.00532418 0
260 -0.00145602 0
261 0.00239165 -0
262 0.0100647 0
263 -0.00449448 0
264 0.00141127 -0
265 -0.00845368 0
266 0.00551696 0
267 -0.00154291 0
268 -0.0240316 -0
269 0.00869186 0
270 0.0301223 0
271 -0.0169989 0
272 0.005058 0
273 -0.0091107 -0
274 0.00937266 -0
275 -0.00255356 0
276 0.00100708 0
277 -0.0118312 -0
278 0.00399347 0
279 0.0249307 0
280 -0.0212655 -0
281 0.00600799 0
282 -0.00277787 0
283 -0.00863053 0
284 0.00266683 0
285 -0.00395037 -0
286 0.00272273 0
287 -0.000753217 -0
288 0.00367696 -0
289 -0.00138975 -0
290 -0.00536855 -0
291 0.00289729 0
292 -0.000933183 -0
293 -0.0169811 0
294 0.0046993 -0
295 -0.00607252 -0
296 0.0027063 0
297 0.0111289 -0
298 -0.00324698 -0
299 0.00764981 -0
300 -0.00471231 0
301 0.00164089 0
302 0.00468846 0
303 -0.00129376 0
304 0.000963355 0
305 -0.0546106 -0
306 0.0220423 -0
307 -0.00665948 0
308 0.0195886 0
309 -0.0064738 0
310 -0.0606861 -0
311 0.0590647 0
312 -0.0166694 -0
313 0.00801995 -0
314 0.0274294 -0
315 -0.00975152 -0
316 0.0135132 0
317 -0.00369432 0
318 0.0346228 0
319 -0.0271218 0
320 0.00795437 -0
321 -0.00335419 -0
322 -0.0106164 0
323 0.0204505 -0
324 -0.00585446 0
325 0.00309581 0
326 0.0211167 -0
327 -0.00780524 -0
328 0.00916887 0
329 -0.00253535 -0
330 0.0111 0
331 -0.00706484 -0
332 0.00217807 -0
333 0.0089972 -0
334 -0.00350591 0
335 -0.0103362 -0
336 0.00338369 0
337 -0.0028031 0
338 0.000783881 0
339 -0.00193581 0
340 0.000970971 -0
341 0.00967312 0
342 -0.00267423 0
343 0.00117799 -0
344 -0.00218367 0
345 0.000690787 0
346 0.00266939 -0
347 -0.00158764 -0
348 0.000476884 -0
349 -0.00053621 -0
350 -0.00137532 -0
351 0.000489313 0
352 -0.00210088 -0
353 0.000604194 0
354 -0.000422325 -0
355 0.016553 0
356 -0.00687478 -0
357 0.0018916 0
358 -0.00168019 -0
359 -0.00556906 0
360 0.00187925 -0
361 -0.00104171 -0
362 0.00615782 -0
363 -0.00187784 -0
364 -0.00981039 -0
365 0.00273439 -0
366 -0.00124815 -0
367 0.00168053 0
368 -0.000633532 0
369 -0.00182986 -0
370 0.00053463 0
371 -0.000406937 -0
372 0.00110975 0
373 -0.00030347 0
374 0.102282 0
375 -0.0628367 -0
376 0.0225246 0
377 -0.0220806 0
378 0.00700559 0
379 0.0285553 0
380 -0.0139284 0
381 0.0039956 0
382 -0.0294536 -0
383 0.0463448 -0
384 -0.0184347 0
385 -0.179291 0
386 0.0500236 0
387 0.169143 -0
388 -0.0574872 0
389 0.0372736 0
390 -0.0111374 -0
391 0.0225004 -0
392 -0.0114515 -0
393 0.00312354 -0
394 0.0402789 0
395 -0.037109 0
396 0.0141596 -0
397 -0.0466419 -0
398 0.0149876 0
399 0.0475241 -0
400 -0.0130701 0
401 0.0144492 0
402 -0.00670816 -0
403 0.0660302 -0
404 -0.0186001 -0
405 0.013058 0
406 0.0501021 0
407 -0.0155076 -0
408 0.00662153 -0
409 -0.00968156 -0
410 0.00568538 0
411 0.0364634 0
412 -0.0099284 -0
413 0.00329086 -0
414 -0.00264147 -0
415 0.0117962 0
416 -0.0034925 0
417 -0.0113901 0
418 0.00415183 -0
419 -0.0051161 0
420 0.00141256 0
421 -0.000758078 -0
422 -0.0034511 -0
423 0.00139985 0
424 -0.00319425 -0
425 0.000919152 0
426 -0.341491 0
427 0.107021 -0
428 -0.0882591 0
429 -0.283537 0
430 0.122805 -0
431 -0.0335335 -0
432 0.404346 -0
433 -0.143225 0
434 0.143807 -0
435 -0.0800551 -0
436 0.0232312 0
437 0.134505 0
438 -0.233245 0
439 0.0651407 -0
440 -0.03079 -0
441 -0.111729 -0
442 0.038046 -0
443 -0.0271569 -0
444 0.0783857 -0
445 -0.023791 -0
446 0.0064589 -0
447 0.0568178 0
448 -0.0220861 0
449 0.030321 -0
450 -0.0199973 0
451 0.122083 -0
452 -0.0397993 -0
453 0.0112817 -0
454 0.0368888 0
455 -0.0188544 -0
456 0.016594 0
457 -0.0045172 -0
458 -0.187995 0
459 0.0777978 0
460 0.34169 0
461 -0.102111 0
462 0.208705 0
463 -0.124435 -0
464 0.0436633 -0
465 -0.0510069 -0
466 0.0140682 0
467 0.0539875 0
468 -0.0245111 0
469 0.0870626 0
470 -0.0254435 -0
471 0.0192233 0
472 -0.00610344 0
473 0.205165 -0
474 -0.0784367 -0
475 0.124361 -0
476 -0.0340047 0
477 -0.119034 0
478 0.0582763 -0
479 -0.0166063 0
480 -0.129974 -0
481 0.120523 -0
482 -0.0399866 -0
483 0.104761 0
484 -0.0647165 0
485 0.0175481 -0
486 0.090208 0
487 -0.0396218 0
488 0.0122612 0
489 0.0393917 -0
490 -0.0420063 0
491 0.0156086 0
492 -0.00432224 -0
493 0.0607253 -0
494 -0.0334158 0
495 0.155909 -0
496 -0.0469211 0
497 0.0590829 -0
498 -0.0240064 -0
499 -0.361428 -0
500 0.104212 0
501 -0.0813637 0
502 -0.275375 -0
503 0.0953125 -0
504 -0.0259744 -0
505 0.0493129 -0
506 -0.0254566 0
507 -0.107164 0
508 0.0345622 0
509 -0.0234586 -0
510 0.00660526 -0
511 -0.0158795 -0
512 0.00668395 0
513 0.04174 0
514 -0.0114566 0
515 0.00972514 -0
516 -0.00353462 -0
517 0.0294003 0
518 -0.00869583 0
519 0.0127716 0
520 -0.00594117 -0
521 -0.0192818 -0
522 0.00536808 -0
523 -0.0030904 -0
524 -0.0672036 0
525 0.0204773 0
526 -0.0209511 -0
527 0.0778341 -0
528 -0.0211652 0
529 0.00797648 -0
530 0.0299578 -0
531 -0.0195005 -0
532 0.0065851 0
533 0.0304126 -0
534 -0.0152075 -0
535 0.00478531 -0
536 -0.00793864 -0
537 0.00224601 0
538 0.0225982 -0
539 -0.0165257 0
540 0.00736361 0
541 -0.00199733 -0
542 0.00601961 -0
543 -0.00668839 -0
544 0.0023919 -0
545 0.00856501 -0
546 -0.00250949 -0
547 0.014287 0
548 -0.00569465 -0
549 0.00306588 -0
550 -0.000847903 0
551 -0.00460379 -0
552 0.00618401 -0
553 -0.00198676 0
554 0.00177742 -0
555 0.00587834 -0
556 -0.00164477 -0
557 0.000789604 0
558 -0.0146008 0
559 0.00448233 0
560 -0.00284138 -0
561 0.00515328 0
562 -0.00139828 0
563 0.000478413 0
564 0.0331484 0
565 -0.0129745 -0
566 -0.0512608 -0
567 0.0505791 0
568 -0.0150131 0
569 0.00885537 -0
570 -0.0397153 -0
571 0.0108744 -0
572 0.0349076 0
573 -0.0150829 -0
574 0.0106365 -0
575 -0.00349506 0
576 0.00752113 0
577 -0.00215496 -0
578 -0.0157831 -0
579 0.00581402 -0
580 -0.00692529 0
581 0.00190791 -0
582 -0.0203537 -0
583 0.01074 -0
584 -0.0033524 -0
585 0.00280627 0
586 0.00938637 -0
587 -0.0025574 -0
588 -0.0311923 0
589 0.0142787 0
590 -0.0215367 -0
591 0.00752253 0
592 -0.0021821 0
593 -0.0108041 -0
594 0.00608734 0
595 -0.0166028 -0
596 0.00466995 0
597 -0.00191983 -0
598 0.0134397 0
599 -0.0101999 0
600 0.00341084 -0
601 0.0124789 0
602 -0.00338463 -0
603 0.00388192 -0
604 -0.00150019 -0
605 -0.0413902 0
606 0.0126595 -0
607 -0.00782344 0
608 -0.0221202 0
609 0.00622529 -0
610 -0.015758 -0
611 0.00753808 -0
612 -0.00243368 -0
613 0.00240777 -0
614 0.00834534 -0
615 -0.00230906 0
616 0.00163553 0
617 -0.00600285 -0
618 0.00219521 -0
619 0.0110308 0
620 -0.00318193 0
621 0.00477573 0
622 -0.00215594 0
623 0.000653492 -0
624 0.000573092 0
625 -0.000873516 0
626 0.00027509 -0
627 -0.000514249 0
628 0.000131432 -0
629 0.000290542 -0
630 -0.000221796 0
631 8.80868e-05 -0
632 -0.00180695 -0
633 0.000542536 0
634 0.000959996 0
635 -0.000459469 0
636 0.000782407 -0
637 -0.000228082 0
638 0.000189818 -0
639 -0.00105589 -0
640 0.000328006 0
641 0.00232967 0
642 -0.000649235 0
643 0.000358837 0
644 -0.000374122 0
645 0.00010577 0
646 -2.08917e-05 0
647 -5.58377e-06 0
648 0.0221253 -0
649 -0.00695118 -0
650 0.0033725 0
651 -0.00581423 0
652 0.00163744 0
653 0.0078154 -0
654 -0.00436646 -0
655 0.00157268 -0
656 0.00518286 0
657 -0.00160686 0
658 0.00446895 0
659 -0.00304353 -0
660 0.000868723 -0
661 -0.000962452 0
662 -0.00275463 -0
663 0.000926333 -0
664 -0.000401757 0
665 0.00566432 -0
666 -0.00155019 -0
667 0.00212975 -0
668 -0.00112637 0
669 -0.0102564 0
670 0.00306654 0
671 -0.00118815 0
672 0.00259084 -0
673 -0.000719269 -0
674 -0.0021388 0
675 0.00182843 -0
676 -0.000631973 -0
677 0.00258561 -0
678 -0.00129602 0
679 0.000362187 0
680 0.00138957 0
681 -0.00091817 -0
682 0.000292389 0
683 0.0015274 0
684 -0.000632263 0
685 0.000587426 0
686 -0.000170905 0
687 0.00152314 -0
688 -0.000567899 -0
689 -0.00157036 -0
690 0.00043286 0
691 -0.000517585 -0
692 0.000304118 0
693 -9.26425e-05 -0
694 0.0124731 -0
695 -0.00548402 -0
696 0.0119381 -0
697 -0.0033611 0
698 -0.011943 0
699 0.0093471 0
700 -0.00304408 0
701 0.00531896 -0
702 -0.00241632 0
703 -0.0122442 0
704 0.00335794 -0
705 -0.00119116 0
706 0.00121275 -0
707 -0.0190566 -0
708 0.00562178 0
709 -0.00354307 -0
710 -0.0112211 0
711 0.00312523 0
712 -0.00912834 0
713 0.00374232 0
714 -0.00114014 0
715 -0.0108939 -0
716 0.00560274 0
717 -0.00419611 0
718 0.00114318 -0
719 -0.0017124 -0
720 0.000577771 0
721 0.00227243 -0
722 -0.000656199 -0
723 0.00271526 0
724 -0.00104721 -0
725 0.000593353 -0
726 0.00180451 -0
727 -0.000575222 0
728 0.000563311 0
729 0.0103072 0
730 -0.00295103 0
731 0.0014468 0
732 -0.00190242 0
733 0.000667771 -0
734 0.00303244 -0
735 -0.000833632 0
736 0.000571944 -0
737 -0.00555811 -0
738 0.00172503 0
739 -0.00335607 -0
740 0.0014055 0
741 0.00457284 -0
742 -0.00127114 -0
743 0.00110826 0
744 -0.000413803 -0
745 0.00229666 0
746 -0.000672548 -0
747 0.000398363 0
748 0.00221317 0
749 -0.000730646 0
750 0.00184754 0
751 -0.000504935 0
752 0.000236018 0
753 0.000739626 0
754 -0.000788371 -0
755 0.000236183 0
756 -0.000127179 0
757 0.0214824 0
758 -0.00599185 -0
759 0.00467656 -0
760 0.0177609 -0
761 -0.00696409 0
762 0.010714 -0
763 -0.00342443 0
764 0.010426 0
765 -0.00285028 0
766 0.00122069 -0
767 0.0177142 0
768 -0.012238 -0
769 0.00438642 -0
770 0.0143784 0
771 -0.00405646 0
772 0.00486518 0
773 -0.00241999 0
774 0.0349904 0
775 -0.00947345 0
776 0.00314741 0
777 0.0142612 0
778 -0.00848356 0
779 0.00244691 -0
780 -0.00621632 -0
781 0.0055431 0
782 -0.00170929 0
783 0.00076032 -0
784 0.00618844 0
785 -0.00169861 0
786 0.00232169 0
787 -0.000864442 -0
788 -0.00289369 -0
789 0.015038 -0
790 -0.00443506 0
791 0.00288128 0
792 -0.000986875 -0
793 0.0018906 0
794 -0.000512861 -0
795 -0.00213064 0
796 0.00117145 -0
797 -0.000467746 0
798 -0.00971106 0
799 0.00272314 0
800 -0.00299108 -0
801 0.00223794 -0
802 -0.000680134 0
803 -0.00239414 -0
804 0.00100815 0
805 -0.0033502 -0
806 0.000928474 0
807 -0.000291995 0
808 0.00432238 -0
809 -0.00199977 -0
810 0.00179221 0
811 0.0109109 -0
812 -0.00389217 0
813 0.00105218 0
814 -0.00212604 -0
815 0.0010854 0
816 -0.000305207 -0
817 0.0013881 0
818 -0.000910397 -0
819 0.000288176 0
820 0.00128471 0
821 -0.00147775 0
822 0.000390029 -0
823 -0.000145299 0
824 -0.00316392 0
825 0.000930869 0
826 -0.000567396 -0
827 0.00188977 -0
828 -0.000832943 -0
829 -0.0037436 0
830 0.00107856 0
831 -0.000822172 -0
832 0.000273086 0
833 -0.000389597 -0
834 -0.00310913 -0
835 0.000853712 0
836 -0.00031752 -0
837 0.000323117 -0
838 -0.000169589 0
839 4.54963e-05 -0
840 0.000177159 -0
841 -5.45721e-05 0
842 0.000245121 -0
843 -0.000115532 0
844 -0.0179427 0
845 0.00631567 0
846 -0.00537435 0
847 0.00153562 -0
848 -0.00306388 -0
849 -0.0147787 0
850 0.0040568 0
851 -0.00244422 0
852 0.000785879 -0
853 -0.0022417 -0
854 0.00097642 0
855 0.00398312 -0
856 -0.00119542 -0
857 0.00137901 -0
858 -0.000372518 -0
859 -0.0028082 -0
860 0.00113382 0
861 -0.0016663 0
862 0.000955601 0
863 -0.000269808 -0
864 0.0036679 0
865 -0.00132527 -0
866 0.00131046 -0
867 0.00485727 -0
868 -0.00131665 -0
869 0.000941406 -0
870 -0.000313985 -0
871 0.00232363 0
872 -0.000700986 -0
873 0.000351751 0
874 0.002231 0
875 -0.000638653 -0
876 0.00103656 0
877 -0.000423891 0
878 0.000338044 0
879 0.0012443 0
880 -0.000337673 -0
881 0.00105283 0
882 -0.000481546 0
883 0.000151405 0
884 0.00191213 0
885 -0.000531425 0
886 0.000346709 -0
887 -0.000446427 0
888 0.000156973 -0
889 0.000736596 0
890 -0.000198511 -0
891 0.000463133 0
892 -0.000181185 -0
893 0.000160086 -0
894 -4.69404e-05 -0
895 -0.00258885 0
896 0.00127496 0
897 -0.000414296 -0
898 -0.00141314 0
899 0.000389543 -0
900 -0.000238047 -0
901 0.001296 -0
902 -0.000495418 0
903 0.000917592 -0
904 -0.000266502 0
905 -0.000995952 -0
906 0.000691615 0
907 -0.000234595 -0
908 0.000226471 0
909 -6.11959e-05 0
910 -0.000363989 0
911 0.000154685 -0
912 -0.000579484 0
913 0.000179373 -0
914 -0.00010032 0
915 2.78689e-05 0
916 0.00423086 0
917 -0.00520731 0
918 0.00238696 -0
919 0.0103177 -0
920 -0.00296893 -0
921 0.00227176 0
922 -0.0007941 0
923 0.00185391 -0
924 -0.00050503 0
925 -0.00421687 0
926 0.00127623 -0
927 -0.0018216 -0
928 0.000973689 0
929 0.00320193 -0
930 -0.00120272 -0
931 0.00885936 0
932 -0.00243363 0
933 0.00156964 0
934 -0.000496446 0
935 -0.00186854 0
936 0.000811017 0
937 -0.000933277 -0
938 0.000265802 -0
939 -0.0038296 -0
940 0.0018405 0
941 -0.000498888 0
942 0.00141588 0
943 -0.00118645 0
944 0.000391692 -0
945 0.00126618 0
946 -0.000492795 -0
947 0.000801672 0
948 -0.000225872 -0
949 -0.00140916 0
950 0.000831768 -0
951 -0.000249072 -0
952 -0.00403163 0
953 0.00166373 -0
954 -0.00155061 -0
955 0.000423607 0
956 -0.00195703 -0
957 0.000679446 -0
958 0.00232737 0
959 -0.00159289 -0
960 0.000468477 -0
961 -0.00102466 0
962 0.000519199 0
963 -0.000168515 0
964 -0.000793333 0
965 0.00021975 -0
966 -0.000230517 0
967 0.000103377 0
968 -0.0027168 0
969 0.000833431 0
970 -0.00030654 0
971 -0.00113852 0
972 0.000920847 0
973 -0.000249943 -0
974 0.000441899 0
975 -0.000244611 -0
976 -0.00253264 -0
977 0.000723481 0
978 -0.00234508 0
979 0.000822255 0
980 -0.000610326 -0
981 0.000168096 -0
982 0.000551818 -0
983 -0.000225299 -0
984 0.000287366 -0
985 -8.98158e-05 0
986 -0.000673644 -0
987 0.000195441 0
988 -0.000123996 -0
989 -0.000333495 0
990 9.98887e-05 0
991 -5.3942e-05 -0
992 3.00941e-05 -0
993 0.00010058 -0
994 -4.40227e-05 0
995 6.4685e-05 -0
996 -2.88774e-05 -0
997 8.90333e-06 0
998 -4.57452e-05 0
999 2.72954e-05 0
1000 4.16462e-05 -0
1001 -1.25487e-05 0
1002 0.000436323 0
1003 -0.000142806 -0
1004 0.00017101 0
1005 -7.84416e-05 -0
1006 -0.000251067 0
1007 7.82285e-05 -0
1008 -4.85077e-05 0
1009 0.000416501 0
1010 -0.000119488 -0
1011 4.42065e-05 -0
1012 -0.000166486 0
1013 9.77321e-05 -0
1014 -3.3815e-05 0
1015 -3.4925e-06 -0
1016 3.6028e-06 0
1017 -8.76903e-05 0
1018 3.62356e-05 0
1019 -9.17031e-06 0
1020 3.94067e-06 -0
1021 0.000123486 0
1022 -3.9556e-05 0
1023 2.26896e-05 -0
1024 -6.33436e-06 0
1025 -1.73241e-06 -0
1026 8.19317e-06 0
1027 -2.76255e-06 -0
1028 0.000225985 0
1029 -8.12156e-05 0
1030 3.997e-05 0
1031 0.000178631 0
1032 -5.60927e-05 -0
1033 1.49126e-05 0
1034 -2.18264e-05 -0
1035 -0.000117223 0
1036 5.23512e-05 -0
1037 -1.58438e-05 -0
1038 1.31615e-05 -0
1039 -1.35625e-05 -0
1040 2.66823e-06 -0
1041 3.25226e-06 0
1042 -2.80514e-06 -0
1043 2.62201e-05 -0
1044 -7.74586e-06 -0
1045 -9.10749e-07 0
1046 8.5056e-07 -0
1047 -1.31602e-06 -0
1048 5.36556e-07 0
1049 -5.48691e-06 -0
1050 3.41737e-06 -0
1051 -1.10566e-06 0
1052 -8.04389e-06 -0
1053 2.47983e-06 0
1054 -1.59957e-07 0
1055 -4.48283e-07 0
1056 1.68783e-06 0
1057 -6.08978e-07 -0
1058 0.000153688 -0
1059 -5.41415e-05 -0
1060 3.26204e-05 0
1061 -8.82809e-06 -0
1062 2.28354e-05 -0
1063 -2.78839e-05 -0
1064 1.14945e-05 -0
1065 8.75575e-05 -0
1066 -2.40227e-05 -0
1067 1.23834e-05 0
1068 -5.75537e-05 -0
1069 1.85178e-05 0
1070 9.39772e-05 -0
1071 -2.68933e-05 0
1072 1.98556e-05 0
1073 -3.09488e-05 0
1074 8.13995e-06 -0
1075 -2.85978e-06 0
1076 -4.26609e-05 0
1077 2.69513e-05 0
1078 -8.34075e-06 0
1079 -3.32082e-05 0
1080 1.59746e-05 0
1081 -4.45079e-06 0
1082 4.73106e-06 -0
1083 -1.76614e-05 -0
1084 5.23052e-06 0
1085 -2.80428e-06 -0
1086 -1.99397e-05 -0
1087 5.32978e-06 0
1088 -7.56877e-06 -0
1089 2.78356e-06 0
1090 4.76573e-05 -0
1091 -1.69091e-05 -0
1092 1.33796e-05 0
1093 -3.79865e-06 -0
1094 -9.19061e-06 0
1095 4.30081e-06 -0
1096 -1.17135e-05 -0
1097 3.97285e-06 -0
1098 -4.33965e-06 -0
1099 1.27718e-06 0
1100 1.17762e-06 -0
1101 -6.56986e-07 0
1102 9.33751e-06 0
1103 -2.6707e-06 0
1104 -3.59951e-06 0
1105 2.44642e-06 0
1106 -8.3659e-07 -0
1107 1.47055e-06 -0
1108 -7.68603e-07 0
1109 0.000969713 0
1110 -0.000283514 -0
1111 0.000239928 -0
1112 0.000971284 0
1113 -0.000265755 -0
1114 9.443e-05 0
1115 -6.59266e-05 0
1116 0.000463445 -0
1117 -0.000149309 0
1118 0.000220487 -0
1119 -6.13631e-05 0
1120 -0.000414649 0
1121 0.000162035 -0
1122 -9.62662e-05 -0
1123 -0.00032117 0
1124 9.12615e-05 -0
1125 -0.000266092 -0
1126 0.000129301 -0
1127 -0.000117125 -0
1128 3.47751e-05 -0
1129 0.000490955 -0
1130 -0.000133201 -0
1131 5.74932e-05 -0
1132 -0.00010534 0
1133 3.83544e-05 0
1134 0.000174501 0
1135 -0.000113402 -0
1136 3.56717e-05 0
1137 -0.000178766 -0
1138 4.90993e-05 -0
1139 -5.32645e-05 -0
1140 -0.000172657 0
1141 8.85265e-05 -0
1142 -3.08299e-05 -0
1143 8.90511e-06 -0
1144 0.00037354 0
1145 -0.000866205 -0
1146 0.000400296 0
1147 -0.000112223 0
1148 -0.000388409 0
1149 0.000294503 0
1150 -9.72461e-05 -0
1151 0.000134354 -0
1152 -3.67766e-05 0
1153 -0.000188375 -0
1154 7.31185e-05 -0
1155 -4.22242e-05 -0
1156 0.000496552 -0
1157 -0.000152672 0
1158 0.000155145 -0
1159 -6.42881e-05 0
1160 -0.000266136 0
1161 7.23593e-05 -0
1162 -0.000204622 0
1163 5.96764e-05 -0
1164 -4.9113e-05 0
1165 1.67489e-05 -0
1166 0.000143952 0
1167 -9.15161e-05 0
1168 2.59037e-05 0
1169 8.13141e-05 -0
1170 -3.0494e-05 0
1171 5.27865e-05 0
1172 -2.84776e-05 0
1173 7.86823e-06 -0
1174 -3.39222e-05 -0
1175 1.08038e-05 -0
1176 -1.32843e-05 -0
1177 -4.44188e-05 0
1178 1.98245e-05 -0
1179 -5.95088e-06 0
1180 0.000228189 -0
1181 -6.20833e-05 -0
1182 5.48957e-05 0
1183 -2.20769e-05 0
1184 -0.00013194 0
1185 9.09928e-05 0
1186 -2.83831e-05 0
1187 0.000225761 -0
1188 -6.2586e-05 -0
1189 9.47928e-05 0
1190 -4.50852e-05 -0
1191 -0.000179244 -0
1192 6.3239e-05 -0
1193 -3.53132e-05 0
1194 1.0076e-05 -0
1195 -3.20235e-05 -0
1196 -0.000104938 -0
1197 3.50478e-05 0
1198 -3.30931e-05 0
1199 9.01889e-06 -0
1200 0.000155776 -0
1201 -6.63092e-05 0
1202 4.7887e-05 0
1203 -1.41883e-05 -0
1204 3.07916e-05 0
1205 0.00015195 -0
1206 -5.6337e-05 0
1207 1.58389e-05 -0
1208 -1.77279e-05 0
1209 9.34093e-06 0
1210 -0.000218412 -0
1211 7.09081e-05 0
1212 0.000261203 -0
1213 -7.09312e-05 -0
1214 4.28096e-05 -0
1215 -6.15972e-05 0
1216 1.86177e-05 0
1217 0.000140049 -0
1218 -6.09884e-05 0
1219 0.000151932 0
1220 -4.17458e-05 0
1221 3.33426e-05 -0
1222 -1.14572e-05 -0
1223 -3.68903e-05 -0
1224 1.39161e-05 0
1225 -8.70769e-05 -0
1226 2.50288e-05 0
1227 -1.14152e-05 0
1228 -0.000342161 -0
1229 0.000398673 0
1230 -0.000108194 -0
1231 7.18975e-05 0
1232 -2.30925e-05 -0
1233 -7.9967e-05 -0
1234 0.000157425 -0
1235 -6.25863e-05 0
1236 1.81691e-05 0
1237 -9.13371e-06 0
1238 4.38003e-05 0
1239 -1.21309e-05 0
1240 -4.58323e-05 -0
1241 3.82785e-05 -0
1242 -1.37692e-05 -0
1243 -0.000115828 -0
1244 3.4957e-05 0
1245 -2.05856e-05 -0
1246 2.71158e-05 -0
1247 -7.43019e-06 0
1248 2.55458e-05 0
1249 -1.06839e-05 0
1250 -3.55479e-05 0
1251 1.00225e-05 0
1252 -9.64781e-06 0
1253 3.24718e-06 -0
1254 -3.85473e-05 0
1255 2.72533e-05 -0
1256 -8.34138e-06 -0
1257 -3.72707e-05 0
1258 1.73865e-05 0
1259 -4.7213e-06 0
1260 7.80481e-06 -0
1261 -2.99999e-06 -0
1262 -3.41117e-05 0
1263 1.00285e-05 0
1264 -7.736e-06 0
1265 -2.48205e-05 0
1266 1.21548e-05 0
1267 -3.3964e-06 -0
1268 9.01737e-06 -0
1269 -3.16185e-06 0
1270 -1.78198e-05 0
1271 1.09805e-05 -0
1272 -3.50536e-06 -0
1273 3.76126e-06 0
1274 -1.02878e-06 0
1275 2.74746e-05 -0
1276 -1.11668e-05 -0
1277 1.88655e-05 0
1278 -5.32866e-06 0
1279 -2.42563e-05 0
1280 1.25334e-05 -0
1281 -4.49463e-05 0
1282 1.4557e-05 -0
1283 -1.30589e-05 -0
1284 3.5773e-06 0
1285 1.28189e-05 -0
1286 -4.61268e-06 0
1287 5.55077e-06 0
1288 -1.64424e-06 -0
1289 1.12826e-05 -0
1290 -5.9101e-06 0
1291 1.56764e-06 -0
1292 1.82322e-05 0
1293 -7.85541e-06 -0
1294 5.13997e-06 -0
1295 -1.56711e-06 -0
1296 3.14014e-06 -0
1297 1.48139e-05 -0
1298 -5.68907e-06 0
1299 1.51943e-06 0
1300 -1.94609e-06 -0
1301 5.56749e-07 0
1302 -1.8884e-06 -0
1303 1.09733e-06 0
1304 -3.62802e-07 -0
1305 -2.91107e-06 0
1306 8.05917e-07 0
1307 -6.44542e-07 -0
1308 -8.58894e-05 0
1309 4.3402e-05 -0
1310 -1.43225e-05 -0
1311 -4.81424e-05 0
1312 1.33178e-05 0
1313 -2.40032e-05 -0
1314 1.02155e-05 0
1315 -7.68051e-06 -0
1316 2.32208e-06 -0
1317 -1.78171e-05 -0
1318 6.47061e-06 0
1319 2.36285e-05 0
1320 -6.44146e-06 0
1321 6.57056e-06 0
1322 -3.05828e-06 -0
1323 -4.86557e-05 -0
1324 1.39225e-05 0
1325 -4.29784e-05 0
1326 2.4167e-05 0
1327 -7.54203e-06 0
1328 8.84747e-06 -0
1329 -2.39398e-06 -0
1330 -1.21496e-05 0
1331 4.90736e-06 0
1332 -9.8411e-06 -0
1333 3.3106e-06 0
1334 -2.10392e-06 0
1335 -8.64152e-06 0
1336 2.41427e-06 0
1337 -9.1444e-07 0
1338 3.70747e-06 0
1339 -2.65541e-06 -0
1340 7.78963e-07 0
1341 5.55106e-06 -0
1342 -2.73918e-06 0
1343 4.20969e-06 -0
1344 -1.15456e-06 0
1345 -4.16901e-06 0
1346 1.34347e-06 -0
1347 -1.1663e-06 0
1348 5.2072e-07 0
1349 4.21611e-05 0
1350 -1.14529e-05 -0
1351 4.09645e-06 -0
1352 -2.84989e-05 0
1353 2.8477e-05 0
1354 -8.24647e-06 -0
1355 -2.71672e-05 -0
1356 1.47472e-05 -0
1357 -4.56082e-06 -0
1358 -4.46252e-05 -0
1359 1.87676e-05 -0
1360 -2.52478e-05 -0
1361 6.89945e-06 0
1362 -1.88377e-05 0
1363 1.47909e-05 0
1364 -4.44713e-06 -0
1365 -2.30315e-05 -0
1366 8.97769e-06 -0
1367 -5.23734e-06 0
1368 1.4607e-06 0
1369 4.61847e-06 0
1370 -1.58501e-06 -0
1371 3.52781e-06 -0
1372 -2.3738e-06 0
1373 6.79545e-07 -0
1374 -1.0478e-05 0
1375 5.04954e-06 -0
1376 -1.37394e-06 -0
1377 -5.40447e-06 -0
1378 6.1763e-06 -0
1379 -1.95762e-06 -0
1380 7.26943e-07 0
1381 1.46124e-05 0
1382 -2.38047e-05 0
1383 6.54217e-06 0
1384 -3.99301e-06 -0
1385 1.42397e-05 -0
1386 -4.70848e-06 0
1387 -1.64074e-05 0
1388 7.18328e-06 0
1389 -6.7085e-06 -0
1390 1.99694e-06 0
1391 1.5494e-05 0
1392 -4.20884e-06 0
1393 2.1773e-06 0
1394 -1.16477e-05 -0
1395 4.67978e-06 0
1396 -3.79145e-06 0
1397 1.06872e-06 0
1398 3.43155e-06 0
1399 -1.21026e-06 -0
1400 2.10483e-06 -0
1401 -6.41982e-07 0
1402 -2.73605e-06 0
1403 2.03518e-06 0
1404 -5.63583e-07 -0
1405 1.95053e-05 0
1406 -8.80733e-06 -0
1407 2.08402e-05 0
1408 -5.99109e-06 -0
1409 2.24707e-06 -0
1410 1.39757e-05 0
1411 -1.4663e-05 -0
1412 4.76474e-06 0
1413 -2.53148e-06 0
1414 1.89438e-05 -0
1415 -5.14999e-06 -0
1416 3.34194e-06 -0
1417 1.1759e-05 0
1418 -3.66611e-06 0
1419 4.59736e-06 0
1420 -1.89884e-06 0
1421 5.28982e-07 0
1422 8.93073e-06 0
1423 -1.75812e-05 0
1424 6.34317e-06 -0
1425 -3.55128e-06 -0
1426 1.03783e-06 -0
1427 3.90807e-06 -0
1428 -3.46873e-06 0
1429 9.40286e-07 0
1430 -3.50252e-06 0
1431 1.66537e-06 -0
1432 -5.63203e-07 0
1433 -2.69742e-06 0
1434 3.88819e-06 -0
1435 -1.10156e-06 0
1436 -3.64249e-06 -0
1437 1.11799e-06 -0
1438 -7.70404e-07 0
1439 3.03853e-07 0
1440 -8.89768e-07 0
1441 2.46363e-07 0
1442 2.46444e-06 0
1443 -2.38048e-06 0
1444 1.17329e-06 -0
1445 -3.74535e-07 0
1446 4.25133e-06 -0
1447 -1.15067e-06 -0
1448 7.12097e-07 0
1449 3.11773e-06 0
1450 -1.07712e-06 0
1451 1.19749e-06 0
1452 -3.52841e-07 -0
1453 1.51957e-07 -0
1454 6.56547e-06 0
1455 -5.53908e-06 -0
1456 1.5367e-06 0
1457 4.47253e-06 0
1458 -1.73378e-06 -0
1459 3.54333e-06 0
1460 -1.03875e-06 0
1461 7.43074e-06 0
1462 -4.48833e-06 -0
1463 1.50688e-06 0
1464 7.98223e-06 0
1465 -3.75339e-06 -0
1466 1.0313e-06 0
1467 -1.65656e-06 -0
1468 -5.20571e-06 0
1469 1.59226e-06 -0
1470 -1.22048e-06 -0
1471 4.5379e-07 -0
1472 -1.39708e-06 0
1473 3.9783e-07 -0
1474 -2.20676e-07 -0
1475 -2.18579e-06 -0
1476 9.16666e-07 0
1477 -9.95911e-07 0
1478 2.74447e-07 0
1479 1.01117e-06 0
1480 -3.26471e-07 0
1481 2.21178e-06 -0
1482 -1.14946e-06 -0
1483 -3.10336e-06 -0
1484 9.01294e-07 0
1485 -1.26821e-06 0
1486 4.59472e-07 -0
1487 -4.11264e-07 -0
1488 1.14241e-07 -0
1489 3.41388e-07 0
1490 -1.48525e-07 0
1491 4.46552e-07 -0
1492 -1.35543e-07 0
1493 8.97427e-06 -0
1494 -5.79635e-06 0
1495 1.91596e-06 -0
1496 -5.35934e-07 0
1497 1.00491e-06 -0
1498 -5.81416e-07 0
1499 -2.87032e-06 0
1500 1.11726e-06 -0
1501 -3.05597e-07 0
1502 2.64966e-06 0
1503 -1.90659e-06 0
1504 -6.40475e-06 -0
1505 1.99738e-06 -0
1506 -9.00645e-07 -0
1507 1.12031e-06 -0
1508 -3.23005e-07 0
1509 -3.01027e-06 0
1510 1.0176e-06 0
1511 -9.88964e-07 0
1512 5.20456e-07 0
1513 1.54452e-06 0
1514 -4.29262e-07 -0
1515 1.02019e-06 0
1516 -3.58856e-07 -0
1517 1.61105e-06 -0
1518 -4.54759e-07 0
1519 3.65054e-07 -0
1520 1.35798e-06 0
1521 -5.13123e-07 -0
1522 2.51809e-07 -0
1523 -7.62911e-08 0
1524 1.08918e-07 0
1525 6.17894e-07 -0
1526 -1.69402e-07 0
1527 1.13815e-07 -0
1528 -1.46753e-06 -0
1529 4.76549e-07 0
1530 -1.94222e-07 0
1531 -6.09379e-07 0
1532 1.79022e-07 0
1533 -2.00614e-07 0
1534 9.28926e-08 -0
1535 1.12551e-06 0
1536 -3.11249e-07 0
1537 5.45778e-07 -0
1538 -3.24981e-07 -0
1539 1.17784e-07 -0
1540 -4.27354e-07 -0
1541 1.20058e-07 -0
1542 4.58139e-07 -0
1543 -1.41158e-07 -0
1544 1.30929e-07 0
1545 -5.69891e-08 0
1546 -1.68707e-07 -0
1547 4.61456e-08 0
1548 -1.5008e-06 -0
1549 8.01457e-07 0
1550 -2.74698e-07 0
1551 2.03619e-07 -0
1552 -6.02013e-08 0
1553 -4.11533e-07 0
1554 6.31317e-07 0
1555 -2.00554e-07 -0
1556 4.44669e-07 0
1557 -1.78257e-07 -0
1558 -6.19917e-07 0
1559 1.78061e-07 -0
1560 -1.1e-07 0
1561 5.24498e-07 -0
1562 -1.43894e-07 0
1563 1.73217e-07 0
1564 -6.35379e-08 -0
1565 1.99564e-07 -0
1566 -7.97745e-08 0
1567 2.00654e-08 -0
1568 2.88492e-07 -0
1569 -1.99917e-07 0
1570 6.08677e-08 -0
1571 3.31725e-07 0
1572 -8.76193e-08 -0
1573 7.75083e-08 0
1574 -4.01575e-08 -0
1575 7.36028e-08 -0
1576 -1.99403e-08 -0
1577 7.07751e-09 -0
1578 2.57751e-07 -0
1579 -1.65745e-07 0
1580 4.48827e-08 0
1581 1.80265e-07 0
1582 -6.08771e-08 -0
1583 2.34198e-07 -0
1584 -1.10697e-07 -0
1585 3.32436e-08 0
1586 -4.81235e-08 0
1587 3.60387e-08 -0
1588 -1.01946e-08 0
1589 3.98684e-09 0
1590 6.77517e-08 0
1591 -1.81991e-08 0
1592 2.18234e-08 0
1593 -7.95493e-09 -0
1594 -4.40044e-08 0
1595 1.17119e-08 -0
1596 -2.37603e-08 -0
1597 1.02927e-08 0
1598 1.01262e-06 0
1599 -3.3335e-07 -0
1600 2.30151e-07 -0
1601 -6.40905e-08 -0
1602 -2.17809e-07 0
1603 2.20786e-07 0
1604 -6.51135e-08 -0
1605 4.71826e-07 -0
1606 -2.50233e-07 0
1607 8.82411e-08 0
1608 5.01118e-07 -0
1609 -1.4347e-07 -0
1610 1.14741e-07 -0
1611 -4.67735e-08 0
1612 1.55564e-07 0
1613 -4.22921e-08 -0
1614 6.43545e-08 -0
1615 -3.79364e-08 0
1616 -1.40144e-07 -0
1617 4.50847e-08 0
1618 -1.37786e-08 0
1619 9.79955e-08 -0
1620 -4.62369e-08 -0
1621 1.22823e-08 -0
1622 -1.37191e-08 -0
1623 -8.60718e-08 0
1624 3.10179e-08 -0
1625 -1.91446e-08 0
1626 5.27141e-09 -0
1627 1.32188e-07 0
1628 -2.50119e-07 -0
1629 1.08018e-07 0
1630 -3.59284e-08 -0
1631 -1.47247e-07 -0
1632 4.04825e-08 0
1633 -4.3244e-08 -0
1634 1.89305e-07 -0
1635 -5.63906e-08 0
1636 2.82244e-08 -0
1637 -2.26835e-08 0
1638 6.06971e-09 -0
1639 4.74405e-08 -0
1640 -1.81276e-08 0
1641 4.42845e-08 -0
1642 -1.27349e-08 0
1643 7.15464e-09 -0
1644 2.62493e-08 -0
1645 -8.24169e-09 0
1646 7.41798e-09 -0
1647 1.0281e-06 -0
1648 -2.92501e-07 -0
1649 1.22518e-07 -0
1650 -1.78058e-07 0
1651 -6.53418e-07 0
1652 1.78904e-07 -0
1653 -1.37879e-07 -0
1654 4.85994e-08 0
1655 -1.14764e-07 0
1656 5.32655e-08 0
1657 4.14114e-07 0
1658 -1.14546e-07 -0
1659 7.15154e-08 0
1660 -2.36149e-08 0
1661 -7.4969e-08 -0
1662 4.08865e-07 -0
1663 -1.20458e-07 -0
1664 4.51342e-08 0
1665 -5.2815e-08 0
1666 3.80935e-08 -0
1667 -1.17338e-08 -0
1668 -5.06072e-08 0
1669 2.44225e-08 -0
1670 -3.07076e-07 -0
1671 8.34952e-08 0
1672 -1.47369e-07 -0
1673 4.2292e-08 0
1674 -1.70975e-08 -0
1675 -2.36886e-07 -0
1676 1.33422e-07 0
1677 4.34598e-07 -0
1678 -1.49907e-07 -0
1679 4.18784e-08 -0
1680 -4.27753e-08 -0
1681 1.54929e-07 0
1682 -4.8563e-08 0
1683 2.16973e-08 0
1684 1.08715e-07 -0
1685 -2.97072e-08 0
1686 2.05708e-08 0
1687 -3.17227e-08 0
1688 1.1482e-08 0
1689 -3.91467e-07 -0
1690 1.16608e-07 0
1691 3.80322e-07 0
1692 -1.99661e-07 0
1693 1.83071e-07 0
1694 -5.20794e-08 -0
1695 1.52942e-07 -0
1696 -5.84417e-08 0
1697 1.59908e-08 -0
1698 6.5839e-08 -0
1699 -5.24618e-08 0
1700 1.75012e-08 0
1701 -1.26108e-07 0
1702 5.31176e-08 -0
1703 -6.50854e-08 0
1704 1.79943e-08 0
1705 1.23511e-07 -0
1706 -7.77963e-08 -0
1707 2.50563e-08 0
1708 8.86767e-08 0
1709 -2.56347e-08 -0
1710 5.35571e-08 -0
1711 -2.5099e-08 0
1712 6.82011e-09 0
1713 2.11688e-07 -0
1714 -2.31216e-07 0
1715 9.14733e-08 0
1716 -2.79429e-08 -0
1717 -8.62407e-08 0
1718 4.73785e-08 0
1719 -2.12949e-07 -0
1720 7.55909e-08 0
1721 -2.12571e-08 -0
1722 1.58234e-08 0
1723 1.26877e-07 -0
1724 -6.49073e-08 -0
1725 1.2647e-07 -0
1726 -3.49164e-08 -0
1727 1.1011e-08 0
1728 4.01609e-08 -0
1729 -3.55862e-08 -0
1730 1.55357e-08 -0
1731 -2.49873e-07 -0
1732 7.51834e-08 0
1733 -1.00522e-07 -0
1734 2.74579e-08 -0
1735 -1.6245e-08 0
1736 -7.302e-08 0
1737 2.48878e-08 0
1738 -6.64898e-08 -0
1739 2.43743e-08 -0
1740 -1.63316e-08 -0
1741 4.63329e-09 0
1742 1.4639e-08 0
1743 -6.70693e-09 -0
1744 1.10897e-08 0
1745 -3.01841e-09 -0
1746 -2.96697e-08 0
1747 9.72165e-09 0
1748 -9.39609e-09 -0
1749 2.78258e-09 -0
1750 -1.83583e-08 0
1751 7.51575e-09 0
1752 2.52199e-08 -0
1753 -7.02693e-09 -0
1754 4.03192e-09 0
1755 2.17637e-08 0
1756 -3.13349e-08 -0
1757 9.97981e-09 0
1758 -4.89628e-09 0
1759 1.99194e-08 -0
1760 -5.74238e-09 -0
1761 4.80369e-09 0
1762 -1.83203e-09 0
1763 -3.27374e-08 -0
1764 8.93247e-09 -0
1765 -2.22877e-08 -0
1766 1.46792e-08 0
1767 4.63774e-08 0
1768 -1.62581e-08 -0
1769 4.48719e-09 0
1770 -4.8278e-09 -0
1771 1.50319e-09 -0
1772 5.79212e-09 -0
1773 -2.33928e-09 0
1774 2.67531e-08 0
1775 -7.86352e-09 -0
1776 6.02658e-09 -0
1777 -3.22777e-09 0
1778 -2.10592e-08 0
1779 5.91077e-09 -0
1780 -7.25179e-09 -0
1781 2.64678e-09 -0
1782 7.96563e-09 -0
1783 -3.43371e-09 0
1784 1.14518e-08 -0
1785 -3.14605e-09 -0
1786 1.05132e-09 -0
1787 -4.69798e-08 0
1788 2.85061e-08 0
1789 -5.08253e-08 0
1790 1.53412e-08 -0
1791 7.53427e-08 0
1792 -3.5834e-08 -0
1793 1.02222e-08 -0
1794 -7.20037e-09 -0
1795 -2.60419e-08 0
1796 7.0845e-09 -0
1797 -6.92772e-09 -0
1798 2.67036e-09 0
1799 -1.23383e-08 0
1800 3.99822e-09 -0
1801 -6.23045e-09 -0
1802 1.80875e-09 -0
1803 5.98225e-09 0
1804 -3.05539e-09 -0
1805 1.26568e-09 0
1806 3.88256e-08 0
1807 -1.07689e-08 0
1808 9.70732e-09 0
1809 -3.3366e-09 0
1810 6.85173e-09 -0
1811 2.48809e-08 -0
1812 -7.65601e-09 0
1813 4.49398e-09 -0
1814 -1.27419e-09 0
1815 -8.69707e-09 -0
1816 3.94264e-09 0
1817 -5.24226e-09 -0
1818 1.43903e-09 -0
1819 -1.30017e-08 0
1820 4.66745e-09 0
1821 -3.80661e-09 -0
1822 -1.76425e-08 -0
1823 5.27036e-09 -0
1824 -1.5671e-08 0
1825 1.01438e-08 -0
1826 -3.25347e-09 -0
1827 -9.88912e-09 -0
1828 2.69982e-09 -0
1829 -1.36594e-09 -0
1830 1.5168e-09 0
1831 -6.05789e-10 -0
1832 1.68926e-08 0
1833 -4.68939e-09 0
1834 1.03926e-08 -0
1835 -3.4976e-09 -0
1836 -1.19961e-08 0
1837 6.6249e-09 -0
1838 -1.91581e-09 -0
1839 1.39432e-09 -0
1840 1.81165e-08 0
1841 -6.77197e-09 0
1842 1.01279e-08 -0
1843 -2.78532e-09 0
1844 -1.1724e-08 -0
1845 5.19921e-09 0
1846 -1.62442e-09 -0
1847 6.39163e-09 -0
1848 -5.45698e-09 -0
1849 1.53742e-09 -0
1850 8.90708e-09 0
1851 -4.17942e-09 0
1852 4.974e-09 0
1853 -1.49317e-09 -0
1854 -4.5721e-09 0
1855 1.60818e-09 -0
1856 -1.10213e-09 0
1857 3.00293e-10 -0
1858 -1.9178e-09 0
1859 7.5142e-10 0
1860 -1.30342e-09 0
1861 4.28109e-10 -0
1862 1.53325e-09 0
1863 -8.00077e-10 -0
1864 2.24321e-10 -0
1865 -3.04076e-09 0
1866 2.8308e-09 -0
1867 -8.34005e-10 -0
1868 -7.41937e-09 0
1869 3.15519e-09 -0
1870 -8.61827e-10 -0
1871 2.22904e-09 -0
1872 -1.33751e-09 -0
1873 -4.44718e-09 -0
1874 1.40636e-09 -0
1875 -1.09606e-09 -0
1876 4.03881e-10 0
1877 -5.60062e-10 0
1878 1.60662e-10 -0
1879 -3.49943e-09 0
1880 1.66168e-09 0
1881 -4.52924e-10 0
1882 -2.1035e-09 -0
1883 6.324e-09 -0
1884 -1.89793e-09 -0
1885 1.04837e-09 0
1886 -1.02002e-09 -0
1887 3.47404e-10 -0
1888 2.35935e-09 -0
1889 -6.34824e-10 -0
1890 2.56775e-10 0
1891 9.2467e-10 -0
1892 -5.68688e-10 0
1893 1.04389e-09 -0
1894 -2.93237e-10 0
1895 -9.20743e-09 -0
1896 3.02634e-09 0
1897 -1.36862e-09 -0
1898 1.53382e-09 -0
1899 -4.17497e-10 -0
1900 1.846e-09 0
1901 -6.89797e-10 0
1902 5.08924e-10 0
1903 2.33231e-09 -0
1904 -6.78135e-10 0
1905 1.52547e-09 0
1906 -4.87571e-10 0
1907 2.61376e-10 -0
1908 2.06914e-09 -0
1909 -5.66637e-10 0
1910 5.03317e-10 -0
1911 1.67603e-09 -0
1912 -5.15518e-10 -0
1913 2.23128e-10 0
1914 -2.59094e-09 0
1915 9.09321e-10 0
1916 -1.09737e-09 -0
1917 3.03327e-10 -0
1918 -2.06771e-10 0
1919 -8.12735e-10 0
1920 2.38749e-10 0
1921 -1.30306e-09 0
1922 6.31573e-10 -0
1923 -1.70131e-10 -0
1924 2.68538e-10 -0
1925 -8.97284e-11 0
1926 -1.59725e-09 -0
1927 6.63122e-10 -0
1928 -4.29321e-10 0
1929 1.20057e-10 -0
1930 -3.37542e-10 -0
1931 -1.23046e-09 -0
1932 4.68021e-10 -0
1933 -4.42039e-10 0
1934 1.31963e-10 -0
1935 8.03554e-10 -0
1936 -4.19289e-10 0
1937 1.19694e-10 -0
1938 -1.62975e-10 0
1939 5.9703e-10 -0
1940 -1.62329e-10 0
1941 9.79393e-11 -0
1942 4.27109e-10 0
1943 -1.34255e-10 -0
1944 5.39335e-11 -0
1945 -4.52303e-11 0
1946 -3.07715e-09 0
1947 8.38538e-10 -0
1948 -3.04485e-10 0
1949 -9.52124e-10 -0
1950 4.41527e-10 -0
1951 -1.01076e-09 -0
1952 2.94038e-10 -0
1953 -3.16787e-10 0
1954 8.79477e-11 -0
1955 4.02821e-10 -0
1956 -3.20174e-10 -0
1957 1.04633e-10 -0
1958 -9.8013e-10 0
1959 5.49094e-10 -0
1960 -1.68687e-10 -0
1961 2.6093e-10 -0
1962 -9.66389e-11 0
1963 -6.05595e-10 0
1964 1.65288e-10 0
1965 -4.52862e-10 0
1966 2.02806e-10 0
1967 6.30829e-10 0
1968 -1.80161e-10 -0
1969 1.30604e-10 -0
1970 -4.53995e-11 -0
1971 -8.11529e-10 0
1972 4.15073e-10 -0
1973 -5.62438e-10 0
1974 1.53789e-10 0
1975 5.21579e-10 -0
1976 -1.65072e-10 -0
1977 9.95773e-11 -0
1978 -6.077e-10 -0
1979 2.38443e-10 -0
1980 -6.69604e-11 0
1981 1.29166e-10 0
1982 9.71553e-10 -0
1983 -3.28383e-10 0
1984 2.73603e-10 0
1985 -8.10221e-11 0
1986 -2.48438e-10 -0
1987 1.1988e-10 0
1988 -1.28915e-10 -0
1989 3.5855e-11 -0
1990 -1.60618e-09 -0
1991 6.92623e-10 -0
1992 -4.41714e-10 0
1993 1.34161e-10 -0
1994 5.85788e-10 0
1995 -2.17358e-09 0
1996 7.79931e-10 -0
1997 -2.2096e-10 0
1998 2.69328e-10 0
1999 -1.11496e-10 0
2000 -3.82672e-10 -0
2001 1.04734e-10 0
2002 -7.05423e-11 0
2003 -9.34199e-10 -0
2004 3.01089e-10 0
2005 -6.42527e-10 0
2006 3.48191e-10 -0
2007 -1.01819e-10 -0
2008 -5.32695e-10 -0
2009 2.03152e-10 0
2010 -1.94904e-10 -0
2011 5.32172e-11 0
2012 1.59075e-10 -0
2013 -2.65009e-10 -0
2014 9.02523e-11 0
2015 -1.15815e-09 0
2016 3.22364e-10 -0
2017 -1.57996e-10 -0
2018 1.22516e-10 0
2019 -3.66699e-11 -0
2020 1.2515e-10 0
2021 -5.01661e-11 0
2022 -2.07124e-10 0
2023 1.20118e-10 0
2024 -3.74374e-11 -0
2025 -2.62354e-10 0
2026 7.21003e-11 -0
2027 -8.19421e-11 -0
2028 3.6168e-11 0
2029 1.13171e-10 -0
2030 -3.24963e-11 -0
2031 8.3158e-11 -0
2032 -2.94161e-11 0
2033 2.57707e-11 -0
2034 -9.65721e-10 0
2035 2.69784e-10 0
2036 -1.38049e-10 0
2037 1.96556e-10 0
2038 -6.47479e-11 -0
2039 -2.47985e-10 -0
2040 6.72368e-11 0
2041 -4.55488e-11 0
2042 2.38832e-10 -0
2043 -7.24992e-11 0
2044 3.29793e-11 0
2045 5.22653e-10 0
2046 -1.94656e-10 0
2047 3.38961e-10 0
