0 0 0
1 -0 -0
2 -0 0
3 0 -0
4 -0 0
5 7.62173e-07 -0
6 -2.22954e-07 0
7 9.73714e-08 0
8 -9.40691e-08 0
9 -4.53447e-07 -0
10 1.26526e-07 0
11 -4.7975e-08 -0
12 1.89465e-07 0
13 -1.38641e-07 0
14 4.29466e-08 0
15 1.53114e-07 -0
16 -7.65264e-08 0
17 2.0994e-08 0
18 -2.77797e-08 -0
19 -2.63912e-07 -0
20 9.35089e-08 -0
21 -2.66892e-08 0
22 7.02424e-08 -0
23 -3.8214e-08 0
24 3.20085e-08 -0
25 -1.0249e-08 -0
26 -3.34e-08 0
27 1.35768e-08 -0
28 -1.18824e-07 -0
29 3.24068e-08 0
30 -3.66877e-08 0
31 1.10132e-08 -0
32 6.81408e-08 -0
33 -3.17108e-08 -0
34 2.09155e-08 -0
35 -5.78605e-09 0
36 -2.31502e-08 0
37 3.67689e-08 0
38 -1.34426e-08 -0
39 7.48095e-08 -0
40 -2.16015e-08 -0
41 7.40368e-09 -0
42 1.42085e-07 0
43 -1.10942e-07 -0
44 4.66978e-08 0
45 1.47586e-07 -0
46 -4.15823e-08 0
47 9.21921e-08 0
48 -4.80894e-08 -0
49 1.46671e-08 -0
50 -1.53086e-08 0
51 4.16632e-09 0
52 -7.67703e-08 -0
53 3.00749e-08 0
54 1.02313e-07 0
55 -6.40214e-08 -0
56 2.08798e-08 -0
57 -6.62084e-08 -0
58 1.82318e-08 -0
59 -2.62205e-08 0
60 1.25944e-08 -0
61 5.50792e-08 0
62 -1.63147e-08 0
63 1.4595e-08 0
64 -4.59775e-09 0
65 -3.43114e-08 -0
66 1.95314e-08 -0
67 -5.3398e-09 0
68 9.30812e-09 0
69 -3.46325e-09 0
70 -1.08331e-08 0
71 4.86852e-09 0
72 -1.38015e-09 0
73 9.45314e-09 0
74 -6.57375e-09 -0
75 2.28809e-09 -0
76 1.23407e-08 0
77 -1.49901e-08 0
78 4.16501e-09 0
79 -0.618614 0
80 0.24436 0
81 -0.0733445 -0
82 -0.304679 -0
83 0.240996 0
84 -0.0650767 0
85 0.147872 0
86 -0.0483808 0
87 0.0243821 -0
88 -0.0994414 0
89 0.0286742 -0
90 -0.0181055 0
91 -0.0658435 0
92 0.0278935 -0
93 -0.0272896 0
94 0.00759512 -0
95 0.140674 -0
96 -0.0501172 -0
97 0.468363 0
98 -0.145131 -0
99 0.0796599 -0
100 -0.115597 0
101 0.0312698 0
102 0.109229 0
103 -0.0416701 -0
104 0.0307876 -0
105 -0.0831037 0
106 0.0236732 0
107 0.111088 0
108 -0.037239 -0
109 0.0168417 -0
110 -0.0205988 0
111 0.00560117 -0
112 -0.108071 0
113 0.0647748 0
114 -0.019153 0
115 -0.15672 -0
116 0.14164 0
117 -0.0453503 0
118 0.0879863 0
119 -0.0359892 0
120 -0.137987 0
121 0.0378093 0
122 -0.0182703 -0
123 0.0593918 -0
124 -0.0173414 0
125 0.0115736 0
126 0.0392795 0
127 -0.0136665 -0
128 0.0144847 -0
129 -0.00392664 0
130 -0.0230419 0
131 0.00702695 -0
132 -0.00369242 -0
133 0.00590513 0
134 -0.00165651 -0
135 -0.0412281 0
136 0.0153317 -0
137 -0.012954 -0
138 0.0577622 -0
139 -0.0252813 -0
140 0.00682498 0
141 0.0292762 -0
142 -0.00922208 -0
143 0.0052897 0
144 -0.0428913 -0
145 0.0118558 -0
146 -0.0157445 -0
147 0.00616255 0
148 0.0661759 0
149 -0.0463789 0
150 0.0154472 0
151 0.0544496 -0
152 -0.0153796 -0
153 0.00718451 -0
154 -0.0156575 -0
155 0.00427247 -0
156 -0.00484833 0
157 -0.0252102 0
158 0.00905396 -0
159 -0.00270706 0
160 0.0695478 -0
161 -0.0523233 -0
162 0.0215923 -0
163 -0.00624604 -0
164 -0.0251734 0
165 0.04394 -0
166 -0.0142899 0
167 0.00775296 -0
168 -0.002096 -0
169 0.00646743 -0
170 0.0221489 0
171 -0.0204325 -0
172 0.006991 -0
173 -0.00194148 -0
174 0.00117995 0
175 0.00803202 0
176 -0.00392183 -0
177 0.0209394 0
178 -0.00646068 0
179 0.00244648 -0
180 0.200411 0
181 -0.0551448 0
182 0.0571862 0
183 -0.0244565 0
184 -0.0900829 0
185 0.0257385 0
186 -0.0207258 0
187 0.0532759 -0
188 -0.0161805 0
189 0.0106384 -0
190 0.15804 0
191 -0.0426889 0
192 0.0155882 0
193 -0.023167 -0
194 0.0117985 0
195 0.0540039 -0
196 -0.015821 -0
197 0.170531 0
198 -0.0680234 0
199 0.0184806 -0
200 -0.0230959 -0
201 -0.080072 -0
202 0.0257525 0
203 -0.0146135 -0
204 0.0555692 -0
205 -0.0155055 0
206 0.0133271 0
207 -0.00597511 -0
208 0.0119868 0
209 -0.00404519 0
210 -0.0216626 -0
211 0.00615353 0
212 -0.00425915 0
213 0.0412803 0
214 -0.0141264 -0
215 0.00376689 0
216 0.0167546 0
217 -0.0150131 -0
218 0.00459651 0
219 -0.00205264 -0
220 0.00560374 -0
221 -0.00143009 0
222 0.00152775 0
223 -0.000496466 0
224 -0.0051246 0
225 0.00144464 -0
226 -0.000801483 0
227 -0.0178429 -0
228 0.00894543 -0
229 -0.00944716 -0
230 0.00265199 0
231 -0.000848478 -0
232 0.00178195 0
233 -0.000710308 0
234 -0.00452192 -0
235 0.00120576 -0
236 -0.00087717 -0
237 -0.0090161 0
238 0.00285146 -0
239 -0.00470696 -0
240 0.00239441 0
241 -0.000668022 0
242 -0.00120822 0
243 0.000476829 0
244 -0.000436736 0
245 -4.54581e-05 0
246 4.66353e-05 0
247 -0.000800547 -0
248 0.000372923 0
249 -0.000257044 -0
250 8.83289e-05 -0
251 -0.00157175 -0
252 0.0014325 -0
253 -0.000376005 -0
254 0.000456989 0
255 -0.000134849 -0
256 -0.00144777 0
257 0.000396742 0
258 -0.000284685 0
259 0.000122813 0
260 -3.0479e-05 0
261 2.15737e-05 -0
262 0.000468966 0
263 -0.000191853 0
264 5.64174e-05 -0
265 3.39232e-06 0
266 -2.57655e-05 0
267 9.99193e-06 0
268 -0.00639346 -0
269 0.00225823 0
270 0.00992712 0
271 -0.00541355 0
272 0.00158157 0
273 -0.00255248 -0
274 0.00245897 -0
275 -0.000658032 0
276 0.000252829 0
277 -0.00141846 -0
278 0.000463948 0
279 0.00520297 0
280 -0.00417848 -0
281 0.00115651 0
282 -0.000516908 0
283 -0.00203281 0
284 0.000615186 0
285 -0.000824671 -0
286 0.000541394 0
287 -0.000146808 -0
288 0.000505207 -0
289 -0.000184858 -0
290 -0.0010004 -0
291 0.000518784 0
292 -0.00016309 -0
293 -0.715406 0
294 0.19505 -0
295 -0.236085 -0
296 0.102846 0
297 0.564485 -0
298 -0.161846 -0
299 0.336819 -0
300 -0.200683 0
301 0.0685806 0
302 0.237195 0
303 -0.0643825 0
304 0.0459321 0
305 -0.877352 -0
306 0.349253 -0
307 -0.104431 0
308 0.279721 0
309 -0.0914398 0
310 -1.35361 -0
311 1.26981 0
312 -0.354532 -0
313 0.167502 -0
314 0.665019 -0
315 -0.233087 -0
316 0.306291 0
317 -0.0828482 0
318 0.584281 0
319 -0.445564 0
320 0.129362 -0
321 -0.0537677 -0
322 -0.192046 0
323 0.346493 -0
324 -0.0982079 0
325 0.050994 0
326 0.474144 -0
327 -0.172776 -0
328 0.194257 0
329 -0.0531571 -0
330 0.201112 0
331 -0.125166 -0
332 0.0381707 -0
333 0.186853 -0
334 -0.0717596 0
335 -0.239459 -0
336 0.0773943 0
337 -0.0621184 0
338 0.0171857 0
339 -0.0388621 0
340 0.0191372 -0
341 0.737045 0
342 -0.199711 0
343 0.0852723 -0
344 -0.140717 0
345 0.043609 0
346 0.253731 -0
347 -0.143737 -0
348 0.0421314 -0
349 -0.0435665 -0
350 -0.147817 -0
351 0.0509087 0
352 -0.16491 -0
353 0.0464293 0
354 -0.0308938 -0
355 0.461513 0
356 -0.188458 -0
357 0.0512772 0
358 -0.0439732 -0
359 -0.170108 0
360 0.0565828 -0
361 -0.030644 -0
362 0.147404 -0
363 -0.0444289 -0
364 -0.299587 -0
365 0.0825162 -0
366 -0.0369491 -0
367 0.0471199 0
368 -0.0174921 0
369 -0.0578434 -0
370 0.0166877 0
371 -0.0123004 -0
372 0.0301816 0
373 -0.00816268 0
374 0.317133 0
375 -0.192144 -0
376 0.0683199 0
377 -0.0655156 0
378 0.0206378 0
379 0.0927618 0
380 -0.0447482 0
381 0.0127533 0
382 -0.080615 -0
383 0.122512 -0
384 -0.0482999 0
385 -0.604131 0
386 0.167489 0
387 0.61412 -0
388 -0.207105 0
389 0.132312 0
390 -0.0392658 -0
391 0.075824 -0
392 -0.0381469 -0
393 0.0103406 -0
394 0.191593 0
395 -0.172772 0
396 0.0653383 -0
397 -0.199882 -0
398 0.0637516 0
399 0.218408 -0
400 -0.0596816 0
401 0.0643159 0
402 -0.0295387 -0
403 0.237304 -0
404 -0.0664187 -0
405 0.0458926 0
406 0.19315 0
407 -0.059361 -0
408 0.0250999 -0
409 -0.0355094 -0
410 0.0205759 0
411 0.155072 0
412 -0.0419583 -0
413 0.0138013 -0
414 -0.0108757 -0
415 0.0440562 0
416 -0.0129557 0
417 -0.0456933 0
418 0.0165168 -0
419 -0.0197918 0
420 0.00543008 0
421 -0.00287867 -0
422 -0.0146534 -0
423 0.00588839 0
424 -0.0127645 -0
425 0.0036488 0
426 -0.25957 0
427 0.0810588 -0
428 -0.0662287 0
429 -0.220846 0
430 0.0951834 -0
431 -0.0259105 -0
432 0.27549 -0
433 -0.0971995 0
434 0.0965197 -0
435 -0.0534015 -0
436 0.015447 0
437 0.0956211 0
438 -0.162674 0
439 0.0452908 -0
440 -0.0212955 -0
441 -0.0805461 -0
442 0.0273235 -0
443 -0.019349 -0
444 0.0541137 -0
445 -0.016369 -0
446 0.00443059 -0
447 0.0432467 0
448 -0.0167378 0
449 0.0226306 -0
450 -0.0148161 0
451 0.0847321 -0
452 -0.0275237 -0
453 0.00777761 -0
454 0.0263894 0
455 -0.013412 -0
456 0.0116901 0
457 -0.0031727 -0
458 -0.238411 0
459 0.0982258 0
460 0.452775 0
461 -0.134875 0
462 0.269758 0
463 -0.159815 -0
464 0.0558677 -0
465 -0.0644577 -0
466 0.0177258 0
467 0.0709447 0
468 -0.0320538 0
469 0.109688 0
470 -0.0319556 -0
471 0.0239501 0
472 -0.00757851 0
473 0.192507 -0
474 -0.073328 -0
475 0.114524 -0
476 -0.0312335 0
477 -0.113154 0
478 0.0551373 -0
479 -0.0156689 0
480 -0.132807 -0
481 0.122045 -0
482 -0.0403608 -0
483 0.103123 0
484 -0.0633264 0
485 0.0171263 -0
486 0.0926981 0
487 -0.0405416 0
488 0.0125081 0
489 0.0414945 -0
490 -0.043791 0
491 0.0162128 0
492 -0.0044774 -0
493 0.0556239 -0
494 -0.0304528 0
495 0.136278 -0
496 -0.0409006 0
497 0.0509199 -0
498 -0.0206137 -0
499 -0.361594 -0
500 0.103978 0
501 -0.0805905 0
502 -0.281787 -0
503 0.0972138 -0
504 -0.0264245 -0
505 0.0492878 -0
506 -0.0253209 0
507 -0.111027 0
508 0.0356989 0
509 -0.0240755 -0
510 0.00676097 -0
511 -0.0158951 -0
512 0.00666422 0
513 0.0442462 0
514 -0.0121129 0
515 0.0102001 -0
516 -0.0036945 -0
517 0.0285423 0
518 -0.00841913 0
519 0.0122011 0
520 -0.00565172 -0
521 -0.0189094 -0
522 0.00525091 -0
523 -0.003007 -0
524 -0.0823831 0
525 0.0250302 0
526 -0.0253639 -0
527 0.0910551 -0
528 -0.0246974 0
529 0.00927492 -0
530 0.0361142 -0
531 -0.0233646 -0
532 0.00786495 0
533 0.0379888 -0
534 -0.0189062 -0
535 0.00593149 -0
536 -0.0096883 -0
537 0.00273372 0
538 0.0304316 -0
539 -0.0220998 0
540 0.00980568 0
541 -0.00265287 -0
542 0.00777307 -0
543 -0.00854678 -0
544 0.0030462 -0
545 0.0112925 -0
546 -0.00329944 -0
547 0.0178306 0
548 -0.00708058 -0
549 0.00379289 -0
550 -0.00104625 0
551 -0.00598814 -0
552 0.00794291 -0
553 -0.00254414 0
554 0.00225707 -0
555 0.00770574 -0
556 -0.00215038 -0
557 0.00102768 0
558 -0.0163277 0
559 0.00499889 0
560 -0.00315118 -0
561 0.00562559 0
562 -0.00152281 0
563 0.000519464 0
564 0.0206217 0
565 -0.00810496 -0
566 -0.0304688 -0
567 0.0304332 0
568 -0.00906596 0
569 0.00538496 -0
570 -0.0252415 -0
571 0.00692941 -0
572 0.0214745 0
573 -0.00932279 -0
574 0.00662382 -0
575 -0.00218401 0
576 0.00479708 0
577 -0.00137813 -0
578 -0.00917326 -0
579 0.00339598 -0
580 -0.00410728 0
581 0.00113548 -0
582 -0.0132512 -0
583 0.00702135 -0
584 -0.00219695 -0
585 0.00185057 0
586 0.00601316 -0
587 -0.00164222 -0
588 -0.0165348 0
589 0.00762822 0
590 -0.0117856 -0
591 0.00413897 0
592 -0.00120595 0
593 -0.00543552 -0
594 0.00309624 0
595 -0.00885344 -0
596 0.00250198 0
597 -0.00103554 -0
598 0.00791537 0
599 -0.00606066 0
600 0.00203445 -0
601 0.00708812 0
602 -0.00192958 -0
603 0.00224609 -0
604 -0.000872254 -0
605 0.111787 0
606 -0.0337403 -0
607 0.0203135 0
608 0.0663589 0
609 -0.0184311 -0
610 0.0420142 -0
611 -0.019693 -0
612 0.00627166 -0
613 -0.00596064 -0
614 -0.0246856 -0
615 0.00674327 0
616 -0.0046271 0
617 0.0147526 -0
618 -0.00531569 -0
619 -0.0357826 0
620 0.0101754 0
621 -0.0142586 0
622 0.00630419 0
623 -0.00188452 -0
624 -0.0423859 0
625 0.0342867 0
626 -0.00932679 -0
627 -0.02929 0
628 0.0110116 -0
629 -0.0197622 -0
630 0.00999305 0
631 -0.00325959 -0
632 0.0172018 -0
633 -0.00496323 0
634 -0.0218491 0
635 0.00916037 0
636 -0.0114049 -0
637 0.00313825 0
638 -0.00227558 -0
639 -0.0198471 -0
640 0.00686155 0
641 0.0228413 0
642 -0.0066756 0
643 0.00410776 0
644 -0.0175296 0
645 0.00694344 0
646 -0.001893 0
647 0.00175812 0
648 -0.0477491 -0
649 0.0148326 -0
650 -0.0070735 0
651 0.0115137 0
652 -0.00321174 0
653 -0.0189546 -0
654 0.010362 -0
655 -0.0036805 -0
656 -0.0142091 0
657 0.00434615 0
658 -0.0108726 0
659 0.00721159 -0
660 -0.00203578 -0
661 0.00216494 0
662 0.00703921 -0
663 -0.00233469 -0
664 0.000994981 0
665 -0.00976251 -0
666 0.00264943 -0
667 -0.00349579 -0
668 0.00182022 0
669 0.0279007 0
670 -0.00823356 0
671 0.00313741 0
672 -0.00628936 -0
673 0.00172695 -0
674 0.0059377 0
675 -0.00489232 -0
676 0.00166602 -0
677 -0.00589628 -0
678 0.0029009 0
679 -0.000802342 0
680 -0.00369935 0
681 0.00237736 -0
682 -0.000747041 0
683 -0.00578437 0
684 0.00233575 0
685 -0.00206001 0
686 0.000589631 0
687 -0.00383241 -0
688 0.00140735 -0
689 0.00447031 -0
690 -0.00121671 0
691 0.00138208 -0
692 -0.000792055 0
693 0.000238197 -0
694 -0.00935999 -0
695 0.004083 -0
696 -0.00855614 -0
697 0.00239691 0
698 0.0091005 0
699 -0.00702359 0
700 0.00227408 0
701 -0.00385345 -0
702 0.00173652 0
703 0.00968995 0
704 -0.00264432 -0
705 0.00093204 0
706 -0.000931852 -0
707 0.011566 -0
708 -0.00339509 0
709 0.00211718 -0
710 0.00708697 0
711 -0.00196453 0
712 0.00546876 0
713 -0.00222664 0
714 0.000674908 0
715 0.00770092 -0
716 -0.00392628 0
717 0.00290368 0
718 -0.000787439 -0
719 0.00115046 -0
720 -0.000385974 0
721 -0.0016269 -0
722 0.000467499 -0
723 -0.00180889 0
724 0.000693162 -0
725 -0.00038906 -0
726 -0.00124711 -0
727 0.000395419 0
728 -0.000380968 0
729 -0.00574797 0
730 0.00165092 0
731 -0.000813447 0
732 0.001081 0
733 -0.000380441 -0
734 -0.00158355 -0
735 0.000437638 0
736 -0.000303869 -0
737 0.00309372 -0
738 -0.000961461 0
739 0.00187915 -0
740 -0.000787615 0
741 -0.0025111 -0
742 0.000699179 -0
743 -0.000612172 0
744 0.00022895 -0
745 -0.00127089 0
746 0.000372144 -0
747 -0.000220345 0
748 -0.00118038 0
749 0.000390488 0
750 -0.000996181 0
751 0.000272496 0
752 -0.000127533 0
753 -0.000391062 0
754 0.000419359 -0
755 -0.000125832 0
756 6.79275e-05 0
757 -0.021524 0
758 0.00600812 -0
759 -0.00469972 -0
760 -0.0176742 -0
761 0.00693725 0
762 -0.0107179 -0
763 0.00342872 0
764 -0.0105371 0
765 0.00288308 0
766 -0.00123639 -0
767 -0.0172702 0
768 0.0119536 -0
769 -0.00428864 -0
770 -0.0139364 0
771 0.00393471 0
772 -0.00473444 0
773 0.00235812 0
774 -0.0363971 0
775 0.00986608 0
776 -0.00328271 0
777 -0.0146093 0
778 0.00871171 0
779 -0.00251568 -0
780 0.0064632 -0
781 -0.0057865 0
782 0.00178685 0
783 -0.000796452 -0
784 -0.00628196 0
785 0.00172615 0
786 -0.00237253 0
787 0.000884721 -0
788 0.00292384 -0
789 -0.0155507 -0
790 0.00459228 0
791 -0.00299219 0
792 0.00102646 -0
793 -0.00198471 0
794 0.000539099 -0
795 0.00219947 0
796 -0.00121226 -0
797 0.000484914 0
798 0.00921295 0
799 -0.0025867 0
800 0.00285521 -0
801 -0.00214343 -0
802 0.000652296 0
803 0.00226019 -0
804 -0.000953557 0
805 0.00321711 -0
806 -0.000892705 0
807 0.000281146 0
808 -0.011879 -0
809 0.00561343 -0
810 -0.00525822 0
811 -0.0262664 -0
812 0.00949401 0
813 -0.00259265 0
814 0.00573304 -0
815 -0.00299432 0
816 0.000852768 -0
817 -0.00732124 0
818 0.00518768 -0
819 -0.00170622 0
820 -0.00558184 0
821 0.00719696 0
822 -0.00194933 -0
823 0.000754715 0
824 0.00852152 0
825 -0.00253961 0
826 0.00159188 -0
827 -0.00669174 -0
828 0.00303619 -0
829 0.0111685 0
830 -0.0032651 0
831 0.00259448 -0
832 -0.000877715 0
833 0.00137368 -0
834 0.00822989 -0
835 -0.00228635 0
836 0.000864291 -0
837 -0.000923156 -0
838 0.000497087 0
839 -0.000135134 -0
840 -0.000455482 -0
841 0.000142085 0
842 -0.000906913 -0
843 0.00044179 0
844 0.0102417 0
845 -0.00365179 0
846 0.00320507 0
847 -0.000925186 -0
848 0.00198183 -0
849 0.00807922 0
850 -0.00224097 0
851 0.00138113 0
852 -0.000449401 -0
853 0.00142386 -0
854 -0.000629712 0
855 -0.00222657 -0
856 0.000675831 -0
857 -0.000813873 -0
858 0.000222032 -0
859 0.00124839 -0
860 -0.000513268 0
861 0.000804366 0
862 -0.000472559 0
863 0.000134995 -0
864 -0.003971 0
865 0.00145571 -0
866 -0.00149937 -0
867 -0.00485854 -0
868 0.00133103 -0
869 -0.000979149 -0
870 0.00033092 -0
871 -0.00417844 0
872 0.00128248 -0
873 -0.000662874 0
874 -0.00322287 0
875 0.000935566 -0
876 -0.00165698 0
877 0.000692419 0
878 -0.000577089 0
879 -0.0018035 0
880 0.000495985 -0
881 -0.00187534 0
882 0.0008809 0
883 -0.000282142 0
884 -0.00227769 0
885 0.000641029 0
886 -0.000431034 -0
887 0.000590839 0
888 -0.000211283 -0
889 -0.000822337 0
890 0.000224279 -0
891 -0.000586709 0
892 0.00023381 -0
893 -0.000215717 -0
894 6.41612e-05 -0
895 4.65226e-05 0
896 -3.83277e-05 0
897 1.57687e-05 -0
898 -6.25192e-05 0
899 1.46395e-05 -0
900 -5.41987e-06 -0
901 -0.000151973 -0
902 6.29908e-05 0
903 -0.000161946 -0
904 4.91075e-05 0
905 8.87688e-05 -0
906 -7.39785e-05 0
907 2.71465e-05 -0
908 -3.19273e-05 0
909 9.06173e-06 0
910 3.30236e-07 0
911 -1.77252e-06 -0
912 6.30595e-05 0
913 -2.09688e-05 -0
914 1.32044e-05 0
915 -3.87286e-06 0
916 0.00584778 0
917 -0.00713372 0
918 0.00325916 -0
919 0.0145397 -0
920 -0.00417518 -0
921 0.00317725 0
922 -0.00110783 0
923 0.00254353 -0
924 -0.000691534 0
925 -0.00613164 0
926 0.00185182 -0
927 -0.00261696 -0
928 0.0013936 0
929 0.00468979 -0
930 -0.00175702 -0
931 0.0123113 0
932 -0.00337542 0
933 0.00216734 0
934 -0.000683979 0
935 -0.0026431 0
936 0.00114377 0
937 -0.00130579 -0
938 0.000371165 -0
939 -0.00488992 -0
940 0.00234278 0
941 -0.000633925 0
942 0.00176705 0
943 -0.00147285 0
944 0.000485225 -0
945 0.00160182 0
946 -0.000621871 -0
947 0.00100127 0
948 -0.000281605 -0
949 -0.00183025 0
950 0.00107624 -0
951 -0.000321662 -0
952 -0.00575428 0
953 0.00236886 -0
954 -0.00219572 -0
955 0.000598876 0
956 -0.00269317 -0
957 0.000933106 -0
958 0.00326179 0
959 -0.00222348 -0
960 0.000652809 -0
961 -0.0014097 0
962 0.000712175 0
963 -0.000230708 0
964 -0.00111663 0
965 0.000308805 -0
966 -0.000321971 0
967 0.000144014 0
968 -0.00348978 0
969 0.00106951 0
970 -0.000392916 0
971 -0.00147819 0
972 0.00119232 0
973 -0.000323335 -0
974 0.000568453 0
975 -0.000314119 -0
976 -0.00337939 -0
977 0.000964371 0
978 -0.00309185 0
979 0.00108282 0
980 -0.000801755 -0
981 0.000220619 -0
982 0.000732631 -0
983 -0.0002987 -0
984 0.000379352 -0
985 -0.000118442 0
986 -0.000913247 -0
987 0.000264678 0
988 -0.00016754 -0
989 0.00664223 0
990 -0.0017951 0
991 0.000828851 -0
992 0.00341883 -0
993 -0.00514166 -0
994 0.00170148 0
995 -0.00149815 -0
996 0.000569137 -0
997 -0.000158085 0
998 0.000405813 0
999 -0.000218737 0
1000 -0.000796443 -0
1001 0.000217216 0
1002 -0.00166228 0
1003 0.000526852 -0
1004 -0.000567623 0
1005 0.000249963 -0
1006 0.00138804 0
1007 -0.000415837 -0
1008 0.000239738 0
1009 -0.00119333 0
1010 0.000334365 -0
1011 -0.00012007 -0
1012 -0.0032327 0
1013 0.0024948 -0
1014 -0.00104351 0
1015 0.00206333 -0
1016 -0.000561025 0
1017 -0.00188739 0
1018 0.000941228 0
1019 -0.000270811 0
1020 0.000376024 -0
1021 0.00164339 0
1022 -0.000565098 0
1023 0.000379859 -0
1024 -0.00011504 0
1025 0.000396407 -0
1026 -0.000381446 0
1027 0.000104646 -0
1028 0.0015031 0
1029 -0.000557293 0
1030 0.000287097 0
1031 0.000998074 0
1032 -0.000320029 -0
1033 8.66396e-05 0
1034 -0.000143783 -0
1035 0.00170821 0
1036 -0.000687213 -0
1037 0.000194318 -0
1038 -0.000138116 -0
1039 -0.000945987 -0
1040 0.000278363 -0
1041 -0.000325691 0
1042 0.000155218 -0
1043 0.000619011 -0
1044 -0.000208159 -0
1045 0.000494129 0
1046 -0.000134081 -0
1047 8.00972e-05 -0
1048 -2.47345e-05 0
1049 -0.000114862 -0
1050 9.88884e-05 -0
1051 -3.8852e-05 0
1052 0.000167414 -0
1053 -4.67479e-05 0
1054 -0.00015522 0
1055 6.99542e-05 0
1056 -7.11637e-05 0
1057 2.11338e-05 -0
1058 0.000616828 -0
1059 -0.000220331 -0
1060 0.000136084 0
1061 -3.72455e-05 -0
1062 0.000111113 -0
1063 -0.000145842 -0
1064 6.16215e-05 -0
1065 0.000360224 -0
1066 -9.99432e-05 -0
1067 5.26569e-05 0
1068 -0.000486299 -0
1069 0.000162305 0
1070 0.000598079 -0
1071 -0.000174984 0
1072 0.000137644 0
1073 -0.000256085 0
1074 6.93198e-05 -0
1075 -2.5364e-05 0
1076 -0.00021181 0
1077 0.000138672 0
1078 -4.36847e-05 0
1079 -0.000147602 0
1080 7.26214e-05 0
1081 -2.05035e-05 0
1082 2.30516e-05 -0
1083 -0.000127927 -0
1084 3.8933e-05 0
1085 -2.20198e-05 -0
1086 -0.000109406 -0
1087 2.97367e-05 0
1088 -4.70193e-05 -0
1089 1.77789e-05 0
1090 -0.000295521 -0
1091 0.000100745 -0
1092 -7.34446e-05 0
1093 2.02454e-05 -0
1094 7.73902e-05 0
1095 -3.39326e-05 -0
1096 7.03118e-05 -0
1097 -2.29737e-05 -0
1098 2.25487e-05 -0
1099 -6.44438e-06 0
1100 -7.67287e-05 -0
1101 3.05327e-05 0
1102 -0.000111609 0
1103 3.02456e-05 0
1104 9.97419e-05 0
1105 -5.45339e-05 0
1106 1.67868e-05 -0
1107 -2.08483e-05 -0
1108 9.79638e-06 0
1109 -0.000468822 0
1110 0.000136267 -0
1111 -0.00011338 -0
1112 -0.000499048 0
1113 0.000135808 -0
1114 -4.79179e-05 0
1115 3.29951e-05 0
1116 -0.000202865 -0
1117 6.49304e-05 0
1118 -9.30565e-05 -0
1119 2.57506e-05 0
1120 0.000200907 0
1121 -7.79052e-05 -0
1122 4.57435e-05 -0
1123 0.000163294 0
1124 -4.61431e-05 -0
1125 0.000127189 -0
1126 -6.12139e-05 -0
1127 5.44658e-05 -0
1128 -1.60759e-05 -0
1129 -0.000307087 -0
1130 8.28997e-05 -0
1131 -3.54983e-05 -0
1132 6.29002e-05 0
1133 -2.2748e-05 0
1134 -0.00011293 0
1135 7.25231e-05 -0
1136 -2.26815e-05 0
1137 0.00010401 -0
1138 -2.84224e-05 -0
1139 3.02241e-05 -0
1140 0.000104191 0
1141 -5.29217e-05 -0
1142 1.83127e-05 -0
1143 -5.26149e-06 -0
1144 -0.000330622 0
1145 0.000752476 -0
1146 -0.000346429 0
1147 9.68986e-05 0
1148 0.00034467 0
1149 -0.000259787 0
1150 8.55592e-05 -0
1151 -0.000116908 -0
1152 3.19305e-05 0
1153 0.000169952 -0
1154 -6.57785e-05 -0
1155 3.78224e-05 -0
1156 -0.000405741 -0
1157 0.000124437 0
1158 -0.000125397 -0
1159 5.17827e-05 0
1160 0.000221608 0
1161 -6.01231e-05 -0
1162 0.000166196 0
1163 -4.83549e-05 -0
1164 3.95281e-05 0
1165 -1.34424e-05 -0
1166 -0.000122951 0
1167 7.78143e-05 0
1168 -2.1981e-05 0
1169 -7.04771e-05 -0
1170 2.63635e-05 0
1171 -4.50949e-05 0
1172 2.42366e-05 0
1173 -6.68345e-06 -0
1174 2.79188e-05 -0
1175 -8.87069e-06 -0
1176 1.08066e-05 -0
1177 3.70238e-05 0
1178 -1.64708e-05 -0
1179 4.93342e-06 0
1180 -0.000151583 -0
1181 4.11686e-05 -0
1182 -3.61949e-05 0
1183 1.45183e-05 0
1184 9.0135e-05 0
1185 -6.1894e-05 0
1186 1.92687e-05 0
1187 -0.00014601 -0
1188 4.04073e-05 -0
1189 -6.06277e-05 0
1190 2.87503e-05 -0
1191 0.000117182 -0
1192 -4.1253e-05 -0
1193 2.29567e-05 0
1194 -6.53875e-06 -0
1195 2.03818e-05 -0
1196 6.8159e-05 -0
1197 -2.27177e-05 0
1198 2.13271e-05 0
1199 -5.80258e-06 -0
1200 -0.000108507 -0
1201 4.61009e-05 0
1202 -3.3185e-05 0
1203 9.81917e-06 -0
1204 -2.10964e-05 0
1205 -0.000106309 -0
1206 3.93533e-05 0
1207 -1.10508e-05 -0
1208 1.23089e-05 0
1209 -6.47071e-06 0
1210 0.000139826 -0
1211 -4.53435e-05 0
1212 -0.000169224 -0
1213 4.591e-05 -0
1214 -2.76498e-05 -0
1215 3.9586e-05 0
1216 -1.19523e-05 0
1217 -9.22072e-05 -0
1218 4.00964e-05 0
1219 -9.90673e-05 0
1220 2.71955e-05 0
1221 -2.16637e-05 -0
1222 7.43562e-06 -0
1223 2.41966e-05 -0
1224 -9.11639e-06 0
1225 5.595e-05 -0
1226 -1.60675e-05 0
1227 7.31776e-06 0
1228 0.000192672 -0
1229 -0.000225617 0
1230 6.12988e-05 -0
1231 -4.08431e-05 0
1232 1.31347e-05 -0
1233 4.47008e-05 -0
1234 -8.87774e-05 -0
1235 3.53555e-05 0
1236 -1.02765e-05 0
1237 5.17676e-06 0
1238 -2.5191e-05 0
1239 6.98263e-06 0
1240 2.59915e-05 -0
1241 -2.1776e-05 -0
1242 7.84338e-06 -0
1243 6.22778e-05 -0
1244 -1.8835e-05 0
1245 1.11354e-05 -0
1246 -1.47881e-05 -0
1247 4.05895e-06 0
1248 -1.41974e-05 0
1249 5.94971e-06 0
1250 1.94058e-05 0
1251 -5.48053e-06 0
1252 5.30424e-06 0
1253 -1.78856e-06 -0
1254 2.20677e-05 0
1255 -1.56361e-05 -0
1256 4.79012e-06 -0
1257 2.10274e-05 0
1258 -9.82703e-06 0
1259 2.6713e-06 0
1260 -4.44172e-06 -0
1261 1.70956e-06 -0
1262 1.78727e-05 0
1263 -5.2661e-06 0
1264 4.08522e-06 0
1265 1.27481e-05 0
1266 -6.26907e-06 0
1267 1.75589e-06 -0
1268 -4.75436e-06 -0
1269 1.67129e-06 0
1270 8.90903e-06 0
1271 -5.52314e-06 -0
1272 1.76862e-06 -0
1273 -1.91647e-06 0
1274 5.25481e-07 0
1275 -3.12248e-05 -0
1276 1.27998e-05 -0
1277 -2.24744e-05 0
1278 6.38887e-06 0
1279 2.66991e-05 0
1280 -1.39393e-05 -0
1281 5.45302e-05 0
1282 -1.77967e-05 -0
1283 1.63233e-05 -0
1284 -4.50207e-06 0
1285 -1.49647e-05 -0
1286 5.42791e-06 0
1287 -6.7193e-06 0
1288 2.00431e-06 -0
1289 -3.22396e-05 -0
1290 1.77122e-05 0
1291 -4.81519e-06 -0
1292 -3.55082e-05 0
1293 1.56442e-05 -0
1294 -1.06107e-05 -0
1295 3.29046e-06 -0
1296 -7.62276e-06 -0
1297 -2.90745e-05 -0
1298 1.13917e-05 0
1299 -3.08591e-06 0
1300 4.27442e-06 -0
1301 -1.24429e-06 0
1302 6.73577e-06 -0
1303 -4.20805e-06 0
1304 1.45202e-06 -0
1305 7.3993e-06 0
1306 -2.09106e-06 0
1307 1.78698e-06 -0
1308 3.89354e-05 0
1309 -2.00599e-05 -0
1310 6.70315e-06 -0
1311 1.98019e-05 0
1312 -5.54023e-06 0
1313 1.07375e-05 -0
1314 -4.64592e-06 0
1315 3.59545e-06 -0
1316 -1.09955e-06 -0
1317 1.1649e-05 -0
1318 -4.28657e-06 0
1319 -1.38229e-05 0
1320 3.80589e-06 0
1321 -4.0306e-06 0
1322 1.90809e-06 -0
1323 1.68569e-05 -0
1324 -4.89317e-06 0
1325 1.75345e-05 0
1326 -1.0111e-05 0
1327 3.19917e-06 0
1328 -3.9503e-06 -0
1329 1.08127e-06 -0
1330 4.39126e-06 0
1331 -1.8091e-06 0
1332 3.99177e-06 -0
1333 -1.3635e-06 0
1334 8.91596e-07 0
1335 3.03198e-06 0
1336 -8.59088e-07 0
1337 3.31591e-07 0
1338 -1.63436e-06 0
1339 1.20784e-06 -0
1340 -3.58825e-07 0
1341 -1.85079e-06 -0
1342 9.37548e-07 0
1343 -1.5595e-06 -0
1344 4.33543e-07 0
1345 1.29903e-06 0
1346 -4.26302e-07 -0
1347 3.88229e-07 0
1348 -1.77523e-07 0
1349 3.84259e-05 0
1350 -1.03903e-05 -0
1351 3.69395e-06 -0
1352 -2.29716e-05 0
1353 2.25684e-05 0
1354 -6.50322e-06 -0
1355 -2.26911e-05 -0
1356 1.22051e-05 -0
1357 -3.7549e-06 -0
1358 -4.37227e-05 -0
1359 1.82626e-05 -0
1360 -2.40395e-05 -0
1361 6.54002e-06 0
1362 -1.70907e-05 0
1363 1.32484e-05 0
1364 -3.96376e-06 -0
1365 -2.2409e-05 -0
1366 8.68019e-06 -0
1367 -5.0163e-06 0
1368 1.39275e-06 0
1369 4.64026e-06 0
1370 -1.58372e-06 -0
1371 3.40249e-06 -0
1372 -2.26482e-06 0
1373 6.45356e-07 -0
1374 -7.99097e-06 0
1375 3.82166e-06 -0
1376 -1.03535e-06 -0
1377 -4.34155e-06 -0
1378 4.87372e-06 -0
1379 -1.53707e-06 -0
1380 5.67446e-07 0
1381 1.56379e-05 0
1382 -2.49273e-05 0
1383 6.82537e-06 0
1384 -4.13179e-06 -0
1385 1.40553e-05 -0
1386 -4.62678e-06 0
1387 -1.69145e-05 0
1388 7.36195e-06 0
1389 -6.78999e-06 -0
1390 2.01313e-06 0
1391 1.73747e-05 0
1392 -4.70307e-06 0
1393 2.41666e-06 0
1394 -1.20822e-05 -0
1395 4.82891e-06 0
1396 -3.87113e-06 0
1397 1.08715e-06 0
1398 3.64285e-06 0
1399 -1.27891e-06 -0
1400 2.17489e-06 -0
1401 -6.60718e-07 0
1402 -2.9793e-06 0
1403 2.19508e-06 0
1404 -6.05698e-07 -0
1405 1.69802e-05 0
1406 -7.64399e-06 -0
1407 1.78194e-05 0
1408 -5.11342e-06 -0
1409 1.9134e-06 -0
1410 1.24314e-05 0
1411 -1.2951e-05 -0
1412 4.1993e-06 0
1413 -2.22323e-06 0
1414 1.60423e-05 -0
1415 -4.35542e-06 -0
1416 2.81765e-06 -0
1417 1.01056e-05 0
1418 -3.14539e-06 0
1419 3.91949e-06 0
1420 -1.61554e-06 0
1421 4.49443e-07 0
1422 8.44457e-06 0
1423 -1.64367e-05 0
1424 5.91798e-06 -0
1425 -3.30271e-06 -0
1426 9.63596e-07 -0
1427 3.71205e-06 -0
1428 -3.27763e-06 0
1429 8.87073e-07 0
1430 -3.23958e-06 0
1431 1.53647e-06 -0
1432 -5.18692e-07 0
1433 -2.554e-06 0
1434 3.65229e-06 -0
1435 -1.03312e-06 0
1436 -3.48289e-06 -0
1437 1.06711e-06 -0
1438 -7.32471e-07 0
1439 2.88249e-07 0
1440 -8.31218e-07 0
1441 2.29818e-07 0
1442 2.43908e-06 0
1443 -2.34314e-06 0
1444 1.15169e-06 -0
1445 -3.66981e-07 0
1446 4.01568e-06 -0
1447 -1.08594e-06 -0
1448 6.70747e-07 0
1449 2.98622e-06 0
1450 -1.03036e-06 0
1451 1.14102e-06 0
1452 -3.35856e-07 -0
1453 1.4443e-07 -0
1454 -3.51225e-06 0
1455 2.81096e-06 -0
1456 -7.66197e-07 0
1457 -2.74642e-06 0
1458 1.03868e-06 -0
1459 -1.877e-06 0
1460 5.40115e-07 0
1461 -2.64164e-06 0
1462 1.53537e-06 -0
1463 -5.04445e-07 0
1464 -4.01385e-06 0
1465 1.833e-06 -0
1466 -4.95061e-07 0
1467 7.21919e-07 -0
1468 2.82906e-06 0
1469 -8.48961e-07 -0
1470 6.20789e-07 -0
1471 -2.25542e-07 -0
1472 5.81437e-07 0
1473 -1.62644e-07 -0
1474 8.71585e-08 -0
1475 4.74164e-06 -0
1476 -1.92305e-06 0
1477 1.92604e-06 0
1478 -5.19702e-07 0
1479 -2.99135e-06 0
1480 9.36789e-07 0
1481 -4.1796e-06 -0
1482 2.09045e-06 -0
1483 7.33786e-06 -0
1484 -2.08011e-06 0
1485 2.63113e-06 0
1486 -9.26803e-07 -0
1487 7.76512e-07 -0
1488 -2.11264e-07 -0
1489 -8.56934e-07 0
1490 3.59323e-07 0
1491 -8.76239e-07 -0
1492 2.59922e-07 0
1493 -4.01797e-06 -0
1494 2.51455e-06 0
1495 -8.17749e-07 -0
1496 2.25606e-07 0
1497 -3.86818e-07 -0
1498 2.17509e-07 0
1499 1.41896e-06 0
1500 -5.41934e-07 -0
1501 1.4626e-07 0
1502 -8.85002e-07 0
1503 6.1463e-07 0
1504 2.47274e-06 -0
1505 -7.595e-07 -0
1506 3.35026e-07 -0
1507 -3.92548e-07 -0
1508 1.11583e-07 0
1509 1.88726e-06 0
1510 -6.27767e-07 0
1511 5.82949e-07 0
1512 -2.99251e-07 0
1513 -1.03715e-06 0
1514 2.84428e-07 -0
1515 -6.06972e-07 0
1516 2.09975e-07 -0
1517 -7.77522e-07 -0
1518 2.16583e-07 0
1519 -1.67498e-07 -0
1520 -7.56385e-07 0
1521 2.80785e-07 -0
1522 -1.34667e-07 -0
1523 4.02244e-08 0
1524 -5.38036e-08 0
1525 -4.18928e-07 -0
1526 1.13369e-07 0
1527 -7.3808e-08 -0
1528 5.95958e-07 -0
1529 -1.90656e-07 0
1530 7.62618e-08 0
1531 2.79649e-07 0
1532 -8.10585e-08 0
1533 8.63752e-08 0
1534 -3.91591e-08 -0
1535 -1.13829e-06 0
1536 3.10663e-07 0
1537 -5.03284e-07 -0
1538 2.91573e-07 -0
1539 -1.03924e-07 -0
1540 3.24078e-07 -0
1541 -8.99086e-08 -0
1542 -4.17376e-07 -0
1543 1.26782e-07 -0
1544 -1.12778e-07 0
1545 4.8128e-08 0
1546 1.65756e-07 -0
1547 -4.47595e-08 0
1548 6.2614e-07 -0
1549 -3.27246e-07 0
1550 1.10616e-07 0
1551 -7.95815e-08 -0
1552 2.32476e-08 0
1553 2.19361e-07 0
1554 -3.16957e-07 0
1555 9.94196e-08 -0
1556 -2.02402e-07 0
1557 7.98512e-08 -0
1558 3.22751e-07 0
1559 -9.16487e-08 -0
1560 5.52489e-08 0
1561 -2.21185e-07 -0
1562 6.00213e-08 0
1563 -6.89193e-08 0
1564 2.49129e-08 -0
1565 7.9529e-07 -0
1566 -3.80131e-07 0
1567 1.08033e-07 -0
1568 4.47503e-07 -0
1569 -3.566e-07 0
1570 1.15472e-07 -0
1571 3.54529e-07 0
1572 -9.73634e-08 -0
1573 9.98842e-08 0
1574 -5.65406e-08 -0
1575 1.92788e-07 -0
1576 -5.63171e-08 -0
1577 2.23092e-08 -0
1578 1.3831e-07 -0
1579 -9.73096e-08 0
1580 2.73426e-08 0
1581 6.99779e-08 0
1582 -2.48055e-08 -0
1583 2.35008e-07 -0
1584 -1.20128e-07 -0
1585 3.79312e-08 0
1586 -7.64777e-08 0
1587 6.84908e-08 -0
1588 -2.07171e-08 0
1589 8.96543e-09 0
1590 4.41036e-08 0
1591 -1.23272e-08 0
1592 1.80462e-08 0
1593 -6.9673e-09 -0
1594 -2.12826e-08 0
1595 5.8935e-09 -0
1596 -1.71247e-08 -0
1597 7.93623e-09 0
1598 -6.57604e-07 0
1599 2.14897e-07 -0
1600 -1.46082e-07 -0
1601 4.04231e-08 -0
1602 1.48122e-07 0
1603 -1.46915e-07 0
1604 4.30505e-08 -0
1605 -2.63649e-07 -0
1606 1.37945e-07 0
1607 -4.82024e-08 0
1608 -3.13154e-07 -0
1609 8.9087e-08 -0
1610 -6.99775e-08 -0
1611 2.8262e-08 0
1612 -8.67727e-08 0
1613 2.34295e-08 -0
1614 -3.42642e-08 -0
1615 1.98794e-08 0
1616 8.05808e-08 -0
1617 -2.57227e-08 0
1618 7.80298e-09 0
1619 -4.26595e-08 -0
1620 1.97073e-08 -0
1621 -5.17039e-09 -0
1622 5.42468e-09 -0
1623 4.20309e-08 0
1624 -1.49779e-08 -0
1625 9.059e-09 0
1626 -2.47115e-09 -0
1627 -9.44087e-08 0
1628 1.74186e-07 -0
1629 -7.47901e-08 0
1630 2.47657e-08 -0
1631 1.07367e-07 -0
1632 -2.94106e-08 0
1633 3.09797e-08 -0
1634 -1.29155e-07 -0
1635 3.83435e-08 0
1636 -1.90848e-08 -0
1637 1.52057e-08 0
1638 -4.05712e-09 -0
1639 -3.47713e-08 -0
1640 1.32301e-08 0
1641 -3.15438e-08 -0
1642 9.04513e-09 0
1643 -5.05415e-09 -0
1644 -1.92894e-08 -0
1645 6.03664e-09 0
1646 -5.38437e-09 -0
1647 -2.75088e-07 -0
1648 7.85337e-08 -0
1649 -3.30557e-08 -0
1650 4.87676e-08 0
1651 1.69805e-07 0
1652 -4.66755e-08 -0
1653 3.63483e-08 -0
1654 -1.28711e-08 0
1655 3.11822e-08 0
1656 -1.4542e-08 0
1657 -9.50483e-08 0
1658 2.64647e-08 -0
1659 -1.67581e-08 0
1660 5.57383e-09 0
1661 1.61508e-08 -0
1662 -9.8554e-08 -0
1663 2.91989e-08 -0
1664 -1.10164e-08 0
1665 1.31477e-08 0
1666 -9.5916e-09 -0
1667 2.96846e-09 -0
1668 1.16328e-08 0
1669 -5.67507e-09 -0
1670 8.1745e-08 -0
1671 -2.22868e-08 0
1672 3.99456e-08 -0
1673 -1.14915e-08 0
1674 4.66111e-09 -0
1675 3.9223e-08 -0
1676 -2.26541e-08 0
1677 -6.08423e-08 -0
1678 2.14503e-08 -0
1679 -6.0957e-09 -0
1680 6.59061e-09 -0
1681 -2.77367e-08 0
1682 8.79721e-09 0
1683 -3.99447e-09 0
1684 -1.50715e-08 -0
1685 4.19092e-09 0
1686 -3.02449e-09 0
1687 5.05085e-09 0
1688 -1.86034e-09 0
1689 1.05223e-07 -0
1690 -3.14509e-08 0
1691 -9.82642e-08 0
1692 5.19449e-08 0
1693 -4.81854e-08 0
1694 1.37563e-08 -0
1695 -4.17564e-08 -0
1696 1.60227e-08 0
1697 -4.3971e-09 -0
1698 -1.7181e-08 -0
1699 1.3829e-08 0
1700 -4.63253e-09 0
1701 3.59503e-08 0
1702 -1.52053e-08 -0
1703 1.88504e-08 0
1704 -5.22523e-09 0
1705 -3.30782e-08 -0
1706 2.09936e-08 -0
1707 -6.78741e-09 0
1708 -2.29006e-08 0
1709 6.64636e-09 -0
1710 -1.42603e-08 -0
1711 6.7218e-09 0
1712 -1.83259e-09 0
1713 5.62735e-08 -0
1714 -5.72966e-08 0
1715 2.20794e-08 0
1716 -6.60763e-09 -0
1717 -2.52556e-08 0
1718 1.34097e-08 0
1719 -4.57687e-08 -0
1720 1.58454e-08 0
1721 -4.3675e-09 -0
1722 3.08158e-09 0
1723 4.57138e-08 -0
1724 -2.27149e-08 -0
1725 3.96475e-08 -0
1726 -1.07676e-08 -0
1727 3.33214e-09 0
1728 1.52921e-08 -0
1729 -1.28988e-08 -0
1730 5.49353e-09 -0
1731 -3.86387e-08 -0
1732 1.13488e-08 0
1733 -1.35982e-08 -0
1734 3.62724e-09 -0
1735 -2.03647e-09 0
1736 -1.3541e-08 0
1737 4.50318e-09 0
1738 -9.88045e-09 -0
1739 3.51519e-09 -0
1740 -2.22726e-09 -0
1741 6.16639e-10 0
1742 2.54644e-09 0
1743 -1.12753e-09 -0
1744 1.64317e-09 0
1745 -4.3742e-10 -0
1746 -9.47502e-09 0
1747 3.04877e-09 0
1748 -2.79299e-09 -0
1749 8.1333e-10 -0
1750 -3.72945e-09 0
1751 1.4858e-09 0
1752 6.25712e-09 -0
1753 -1.71427e-09 -0
1754 9.49872e-10 0
1755 7.23764e-09 0
1756 -9.65121e-09 -0
1757 3.02021e-09 0
1758 -1.44198e-09 0
1759 4.69471e-09 -0
1760 -1.32969e-09 -0
1761 1.05639e-09 0
1762 -3.93282e-10 0
1763 -2.78973e-08 -0
1764 7.52599e-09 -0
1765 -1.70193e-08 -0
1766 1.09121e-08 0
1767 3.9714e-08 0
1768 -1.37216e-08 -0
1769 3.74412e-09 0
1770 -3.85632e-09 -0
1771 1.18542e-09 -0
1772 5.45299e-09 -0
1773 -2.16556e-09 0
1774 1.69445e-08 0
1775 -4.9221e-09 -0
1776 3.65897e-09 -0
1777 -1.91816e-09 0
1778 -1.69718e-08 0
1779 4.71039e-09 -0
1780 -5.50833e-09 -0
1781 1.9815e-09 -0
1782 6.78857e-09 -0
1783 -2.87634e-09 0
1784 8.46755e-09 -0
1785 -2.30105e-09 -0
1786 7.58849e-10 -0
1787 -1.11152e-08 0
1788 6.55875e-09 0
1789 -1.07531e-08 0
1790 3.19794e-09 -0
1791 1.99064e-08 0
1792 -9.27609e-09 -0
1793 2.61354e-09 -0
1794 -1.78502e-09 -0
1795 -7.57473e-09 0
1796 2.03788e-09 -0
1797 -1.9144e-09 -0
1798 7.26106e-10 0
1799 -2.75613e-09 0
1800 8.7959e-10 -0
1801 -1.27204e-09 -0
1802 3.63976e-10 -0
1803 1.41609e-09 0
1804 -7.06672e-10 -0
1805 2.87207e-10 0
1806 2.58735e-08 0
1807 -7.13399e-09 0
1808 6.30949e-09 0
1809 -2.15296e-09 0
1810 4.23852e-09 -0
1811 1.66889e-08 -0
1812 -5.10175e-09 0
1813 2.95774e-09 -0
1814 -8.33597e-10 0
1815 -6.7086e-09 -0
1816 3.01099e-09 0
1817 -3.89068e-09 -0
1818 1.06167e-09 -0
1819 -8.1201e-09 0
1820 2.89421e-09 0
1821 -2.32265e-09 -0
1822 -1.18859e-08 -0
1823 3.52926e-09 -0
1824 -9.908e-09 0
1825 6.33223e-09 -0
1826 -2.01815e-09 -0
1827 -6.53302e-09 -0
1828 1.77387e-09 -0
1829 -8.88488e-10 -0
1830 9.65347e-10 0
1831 -3.82522e-10 -0
1832 7.31278e-09 0
1833 -2.0208e-09 0
1834 4.32089e-09 -0
1835 -1.44617e-09 -0
1836 -5.2544e-09 0
1837 2.87583e-09 -0
1838 -8.2773e-10 -0
1839 5.95335e-10 -0
1840 9.53169e-09 0
1841 -3.54373e-09 0
1842 5.18717e-09 -0
1843 -1.42086e-09 0
1844 -6.36303e-09 -0
1845 2.80404e-09 0
1846 -8.72189e-10 -0
1847 3.2491e-09 -0
1848 -2.74051e-09 -0
1849 7.68992e-10 -0
1850 4.84277e-09 0
1851 -2.25769e-09 0
1852 2.64331e-09 0
1853 -7.90218e-10 -0
1854 -2.52533e-09 0
1855 8.84e-10 -0
1856 -6.00195e-10 0
1857 1.62923e-10 -0
1858 -9.56855e-10 0
1859 3.72906e-10 0
1860 -6.31788e-10 0
1861 2.06578e-10 -0
1862 7.77472e-10 0
1863 -4.02854e-10 -0
1864 1.12523e-10 -0
1865 -1.29567e-09 0
1866 1.19167e-09 -0
1867 -3.49738e-10 -0
1868 -3.48506e-09 0
1869 1.4745e-09 -0
1870 -4.01427e-10 -0
1871 1.00653e-09 -0
1872 -5.99567e-10 -0
1873 -2.076e-09 -0
1874 6.54032e-10 -0
1875 -5.05001e-10 -0
1876 1.85265e-10 0
1877 -2.52673e-10 0
1878 7.22326e-11 -0
1879 -2.24357e-09 0
1880 1.0727e-09 0
1881 -2.93573e-10 0
1882 -1.3036e-09 -0
1883 4.09408e-09 -0
1884 -1.23413e-09 -0
1885 6.87611e-10 0
1886 -6.80455e-10 -0
1887 2.33176e-10 -0
1888 1.47901e-09 -0
1889 -3.99103e-10 -0
1890 1.62163e-10 0
1891 5.67495e-10 -0
1892 -3.50877e-10 0
1893 6.56805e-10 -0
1894 -1.85068e-10 0
1895 -5.19231e-09 -0
1896 1.7088e-09 0
1897 -7.74158e-10 -0
1898 8.71696e-10 -0
1899 -2.37545e-10 -0
1900 1.07802e-09 0
1901 -4.03723e-10 0
1902 2.99242e-10 0
1903 1.3409e-09 -0
1904 -3.90449e-10 0
1905 8.89956e-10 0
1906 -2.84987e-10 0
1907 1.53279e-10 -0
1908 1.17093e-09 -0
1909 -3.21067e-10 0
1910 2.86414e-10 -0
1911 9.40124e-10 -0
1912 -2.89558e-10 -0
1913 1.2557e-10 0
1914 -1.71422e-09 0
1915 6.04418e-10 0
1916 -7.42196e-10 -0
1917 2.05979e-10 -0
1918 -1.41884e-10 0
1919 -5.32099e-10 0
1920 1.56884e-10 0
1921 -9.61242e-10 0
1922 4.70632e-10 -0
1923 -1.27504e-10 -0
1924 2.09204e-10 -0
1925 -7.04847e-11 0
1926 -1.0291e-09 -0
1927 4.2949e-10 -0
1928 -2.80425e-10 0
1929 7.87097e-11 -0
1930 -2.31537e-10 -0
1931 -8.05337e-10 -0
1932 3.07895e-10 -0
1933 -2.94747e-10 0
1934 8.83715e-11 -0
1935 5.03506e-10 -0
1936 -2.64319e-10 0
1937 7.5708e-11 -0
1938 -1.04868e-10 0
1939 4.07401e-10 -0
1940 -1.11248e-10 0
1941 6.779e-11 -0
1942 2.79306e-10 0
1943 -8.81725e-11 -0
1944 3.56199e-11 -0
1945 -3.02402e-11 0
1946 4.65451e-10 0
1947 -1.24112e-10 -0
1948 4.37665e-11 0
1949 1.76657e-10 -0
1950 -7.92338e-11 -0
1951 1.53535e-10 -0
1952 -4.36465e-11 -0
1953 4.312e-11 0
1954 -1.16946e-11 -0
1955 -7.88166e-11 -0
1956 5.92707e-11 -0
1957 -1.8922e-11 -0
1958 8.86878e-11 0
1959 -4.67726e-11 -0
1960 1.38833e-11 -0
1961 -1.78755e-11 -0
1962 6.30489e-12 0
1963 8.15653e-11 0
1964 -2.1767e-11 0
1965 4.72201e-11 0
1966 -2.02514e-11 0
1967 -8.46256e-11 0
1968 2.3607e-11 -0
1969 -1.61058e-11 -0
1970 5.43249e-12 -0
1971 6.2576e-10 0
1972 -3.12554e-10 -0
1973 3.98585e-10 0
1974 -1.07632e-10 0
1975 -4.36615e-10 -0
1976 1.3611e-10 -0
1977 -7.98123e-11 -0
1978 3.82901e-10 -0
1979 -1.47664e-10 -0
1980 4.09576e-11 0
1981 -7.28583e-11 0
1982 -8.58182e-10 -0
1983 2.85456e-10 0
1984 -2.28854e-10 0
1985 6.68423e-11 0
1986 2.41928e-10 -0
1987 -1.14024e-10 0
1988 1.16558e-10 -0
1989 -3.199e-11 -0
1990 5.32075e-10 -0
1991 -2.25753e-10 -0
1992 1.40556e-10 0
1993 -4.22012e-11 -0
1994 -2.19643e-10 0
1995 7.15341e-10 0
1996 -2.5326e-10 -0
1997 7.09917e-11 0
1998 -8.26923e-11 0
1999 3.36995e-11 0
2000 1.32525e-10 -0
2001 -3.5906e-11 0
2002 2.35914e-11 0
2003 5.77141e-10 -0
2004 -1.83962e-10 0
2005 3.65943e-10 0
2006 -1.94718e-10 -0
2007 5.638e-11 -0
2008 3.6125e-10 -0
2009 -1.35957e-10 0
2010 1.26239e-10 -0
2011 -3.41463e-11 0
2012 -1.14205e-10 -0
2013 1.79787e-10 -0
2014 -6.05107e-11 0
2015 5.49217e-10 0
2016 -1.51512e-10 -0
2017 7.31039e-11 -0
2018 -5.53066e-11 0
2019 1.63956e-11 -0
2020 -5.04092e-11 0
2021 1.99483e-11 0
2022 9.4886e-11 0
2023 -5.40262e-11 0
2024 1.66724e-11 -0
2025 1.50722e-10 0
2026 -4.10601e-11 -0
2027 4.50342e-11 -0
2028 -1.96023e-11 0
2029 -6.82231e-11 -0
2030 1.94103e-11 -0
2031 -4.59397e-11 -0
2032 1.60705e-11 0
2033 -1.36999e-11 -0
2034 2.41689e-10 0
2035 -6.69533e-11 0
2036 3.37323e-11 0
2037 -4.59521e-11 0
2038 1.49791e-11 -0
2039 6.45309e-11 -0
2040 -1.73592e-11 0
2041 1.15287e-11 0
2042 -5.12932e-11 -0
2043 1.54095e-11 0
2044 -6.90004e-12 0
2045 -1.71786e-10 0
2046 6.34356e-11 0
2047 -1.06119e-10 0
