150
Cd -8.12389 -9.38066 -4.15565 0
Cd 5.65333e-07 -9.38066 -4.15565 0
Se 5.65333e-07 -9.38066 -9.1305 1
Cd 8.12389 -9.38066 -4.15565 0
Cd -12.1858 -2.34516 -4.15565 0
Cd -4.06194 -2.34516 -4.15565 0
Se -4.06194 -2.34516 -9.1305 1
Cd 4.06194 -2.34516 -4.15565 0
Cd 5.65333e-07 -4.69033 -10.7888 0
Se 4.06194 -2.34516 -9.1305 1
Cd 12.1858 -2.34516 -4.15565 0
Cd -8.12389 4.69033 -4.15565 0
Se -8.12389 4.69033 -9.1305 1
Cd 5.65333e-07 4.69033 -4.15565 0
Cd -4.06194 2.34517 -10.7888 0
Se 5.65333e-07 4.69033 -9.1305 1
Cd 8.12389 4.69033 -4.15565 0
Cd 4.06194 2.34517 -10.7888 0
Se 8.12389 4.69033 -9.1305 1
Cd -4.06194 11.7258 -4.15565 0
Cd 4.06194 11.7258 -4.15565 0
Se -8.12389 -9.38066 4.13575 1
Cd 5.65333e-07 -9.38066 9.1106 0
Cd -4.06194 -11.7258 2.47747 0
Se 5.65333e-07 -9.38066 4.13575 1
Se -4.06194 -11.7258 -2.49737 1
Cd 4.06194 -11.7258 2.47747 0
Se 8.12389 -9.38066 4.13575 1
Se 4.06194 -11.7258 -2.49737 1
Se -12.1858 -2.34516 4.13575 1
Cd -4.06194 -2.34516 9.1106 0
Cd -8.12389 -4.69033 2.47747 0
Se -4.06194 -2.34516 4.13575 1
Se -8.12389 -4.69033 -2.49737 1
Cd 4.06194 -2.34516 9.1106 0
Cd 5.65333e-07 -4.69033 2.47747 0
Se 4.06194 -2.34516 4.13575 1
Se 5.65333e-07 -4.69033 -2.49737 1
Cd 8.12389 -4.69033 2.47747 0
Se 12.1858 -2.34516 4.13575 1
Se 8.12389 -4.69033 -2.49737 1
Cd -8.12389 4.69033 9.1106 0
Cd -12.1858 2.34517 2.47747 0
Se -8.12389 4.69033 4.13575 1
Se -12.1858 2.34517 -2.49737 1
Cd 5.65333e-07 4.69033 9.1106 0
Cd -4.06194 2.34517 2.47747 0
Se 5.65333e-07 4.69033 4.13575 1
Se -4.06194 2.34517 -2.49737 1
Cd 8.12389 4.69033 9.1106 0
Cd 4.06194 2.34517 2.47747 0
Se 8.12389 4.69033 4.13575 1
Se 4.06194 2.34517 -2.49737 1
Cd 12.1858 2.34517 2.47747 0
Se 12.1858 2.34517 -2.49737 1
Cd -8.12389 9.38066 2.47747 0
Se -4.06194 11.7258 4.13575 1
Se -8.12389 9.38066 -2.49737 1
Cd 5.65333e-07 9.38066 2.47747 0
Se 4.06194 11.7258 4.13575 1
Se 5.65333e-07 9.38066 -2.49737 1
Cd 8.12389 9.38066 2.47747 0
Se 8.12389 9.38066 -2.49737 1
Se 5.65333e-07 -4.69033 10.7689 1
Se -4.06194 2.34517 10.7689 1
Se 4.06194 2.34517 10.7689 1
Se -12.1858 -11.7258 -2.49737 1
Se 12.1858 -11.7258 -2.49737 1
Se -16.2478 -4.69033 -2.49737 1
Se 16.2478 -4.69033 -2.49737 1
Se -4.06194 16.4162 -2.49737 1
Se 4.06194 16.4162 -2.49737 1
Cd -12.1858 -11.7258 2.47747 0
Cd 12.1858 -11.7258 2.47747 0
Cd -16.2478 -4.69033 2.47747 0
Cd 16.2478 -4.69033 2.47747 0
Cd -4.06194 16.4162 2.47747 0
Cd 4.06194 16.4162 2.47747 0
P1 -8.12389 -9.38066 -6.89182 2
P2 1.01549 -9.96695 -9.54507 3
P2 -1.01549 -9.96695 -9.54507 3
P1 8.12389 -9.38066 -6.89182 2
P1 -12.1858 -2.34516 -6.89182 2
P2 -5.28053 -3.04871 -9.62798 3
P1 5.65333e-07 -4.69033 -13.5249 2
P2 5.28053 -3.04871 -9.62798 3
P1 12.1858 -2.34516 -6.89182 2
P2 -9.13938 4.10404 -9.54507 3
P2 -8.12389 5.86291 -9.54507 3
P1 -4.06194 2.34517 -13.5249 2
P2 5.95333e-07 6.09743 -9.62798 3
P1 4.06194 2.34517 -13.5249 2
P2 9.13938 4.10404 -9.54507 3
P2 8.12389 5.86291 -9.54507 3
P1 -4.06194 11.7258 -6.89182 2
P1 4.06194 11.7258 -6.89182 2
P2 -8.12389 -9.38066 5.62821 3
P1 -2.23407 -10.6705 10.0227 2
P1 2.23407 -10.6705 10.0227 2
P1 -4.06194 -14.3055 3.38953 2
P2 -4.06194 -13.1329 -2.99486 3
P1 4.06194 -14.3055 3.38953 2
P2 8.12389 -9.38066 5.62821 3
P2 4.06194 -13.1329 -2.99486 3
P2 -12.1858 -2.34516 5.62821 3
P1 -6.29601 -3.63501 10.0227 2
P1 6.29601 -3.63501 10.0227 2
P2 12.1858 -2.34516 5.62821 3
P1 -10.358 3.40049 10.0227 2
P1 -8.12389 7.27001 10.0227 2
P1 -14.4199 3.63501 3.38953 2
P2 -13.4044 3.04871 -2.99486 3
P1 5.65333e-07 7.27001 10.0227 2
P1 10.358 3.40049 10.0227 2
P1 8.12389 7.27001 10.0227 2
P1 14.4199 3.63501 3.38953 2
P2 13.4044 3.04871 -2.99486 3
P1 -10.358 10.6705 3.38953 2
P2 -4.06194 11.7258 5.62821 3
P2 -9.34247 10.0842 -2.99486 3
P2 4.06194 11.7258 5.62821 3
P1 10.358 10.6705 3.38953 2
P2 9.34247 10.0842 -2.99486 3
P2 5.65333e-07 -4.69033 12.2613 3
P2 -4.06194 2.34517 12.2613 3
P2 4.06194 2.34517 12.2613 3
P2 -12.1858 -12.8984 -2.91194 3
P2 -13.2013 -11.1395 -2.91194 3
P2 12.1858 -12.8984 -2.91194 3
P2 13.2013 -11.1395 -2.91194 3
P2 -16.2478 -5.86291 -2.91194 3
P2 -17.2633 -4.10404 -2.91194 3
P2 16.2478 -5.86291 -2.91194 3
P2 17.2633 -4.10404 -2.91194 3
P2 -5.07743 17.0024 -2.91194 3
P2 -3.04646 17.0024 -2.91194 3
P2 3.04646 17.0024 -2.91194 3
P2 5.07743 17.0024 -2.91194 3
P1 -12.1858 -14.3055 3.38953 2
P1 -14.4199 -10.436 3.38953 2
P1 12.1858 -14.3055 3.38953 2
P1 14.4199 -10.436 3.38953 2
P1 -16.2478 -7.27001 3.38953 2
P1 -18.4818 -3.40049 3.38953 2
P1 16.2478 -7.27001 3.38953 2
P1 18.4818 -3.40049 3.38953 2
P1 -1.82787 17.706 3.38953 2
P1 -6.29601 17.706 3.38953 2
P1 1.82788 17.706 3.38953 2
P1 6.29601 17.706 3.38953 2
