0 10 5.569315164670432 0.7955529009089141
1 5.569315164670432 4.360342228121527 0.2772656074451615
2 4.360342228121527 3.419350291765993 0.2751961209184975
3 3.419350291765993 2.750413739631405 0.243213063727727
4 2.750413739631405 2.279330791134188 0.2066759903080179
5 2.279330791134188 1.936484107720098 0.1770459576958458
6 1.936484107720098 1.67595987199424 0.1554477765722742
7 1.67595987199424 1.470134920012961 0.140004124233349
8 1.470134920012961 1.302279031611471 0.1288939500114508
9 1.302279031611471 1.161813193187212 0.1209022579946076
10 1.161813193187212 1.041713419369477 0.1152906083233801
11 1.041713419369477 0.937114026449657 0.1116186397466531
12 0.937114026449657 0.844528059685877 0.1096304210403826
13 0.844528059685877 0.7613885526762063 0.1091945849690587
14 0.7613885526762063 0.6857646911473734 0.1102766918522801
15 0.6857646911473734 0.6161787984652661 0.1129313323590925
16 0.6161787984652661 0.5514844090814256 0.1173095527606992
17 0.5514844090814256 0.4907828609750595 0.1236831049596307
18 0.4907828609750595 0.433364936780714 0.1324932391182339
19 0.433364936780714 0.378669187001729 0.1444420397974849
20 0.378669187001729 0.3262515702014448 0.1606662514081353
21 0.3262515702014448 0.2757628786720112 0.1830873385590243
22 0.2757628786720112 0.2269315741870624 0.2151807418596433
23 0.2269315741870624 0.1795504082255663 0.2638878208618266
24 0.1795504082255663 0.1334657006367901 0.3452925161213505
25 0.1334657006367901 0.08856849265072099 0.5069207642849461
26 0.08856849265072099 0.04478703038595578 0.9775477830853038
27 0.04478703038595578 0.002080207802049338 20.53007518856212
28 0.002080207802049338 -0.03956827556072456 1.052572617142662
29 -0.03956827556072456 -0.08015519373324025 0.5063541896934416
30 -0.08015519373324025 -0.1196625944050272 0.3301566447578809
31 -0.1196625944050272 -0.1580621565102284 0.242939631806911
32 -0.1580621565102284 -0.1953191109406661 0.1907491502035127
33 -0.1953191109406661 -0.2313957127802187 0.1559086873567895
34 -0.2313957127802187 -0.2662542473513939 0.1309219849746474
35 -0.2662542473513939 -0.2998595548765595 0.1120701574408711
36 -0.2998595548765595 -0.3321810671702781 0.09730088643839067
37 -0.3321810671702781 -0.3631943620586563 0.08539035328794418
38 -0.3631943620586563 -0.3928822549299264 0.07556435165687279
39 -0.3928822549299264 -0.4212354600603653 0.06730963515363998
40 -0.4212354600603653 -0.4482528656739077 0.06027268910578888
41 -0.4482528656739077 -0.4739414751227652 0.05420207092490356
42 -0.4739414751227652 -0.4983160716514618 0.04891392815792019
43 -0.4983160716514618 -0.5213986658938774 0.04427052800920227
44 -0.5213986658938774 -0.5432177838615583 0.04016642793351844
45 -0.5432177838615583 -0.5638076492536982 0.03651930834814736
46 -0.5638076492536982 -0.5832073081191659 0.03326374446169282
47 -0.5832073081191659 -0.6014597369191728 0.03034688388868786
48 -0.6014597369191728 -0.6186109675183545 0.02772539043073608
49 -0.6186109675183545 -0.634709255116343 0.02536324697996982
50 -0.634709255116343 -0.6498043080430211 0.02323015212401259
51 -0.6498043080430211 -0.6639465919726389 0.02130033364219844
52 -0.6639465919726389 -0.6771867156361517 0.01955165888195986
53 -0.6771867156361517 -0.6895749006027099 0.01796495921723728
54 -0.6895749006027099 -0.7011605341490057 0.01652351063990964
55 -0.7011605341490057 -0.7119918015791367 0.015212629423693
56 -0.7119918015791367 -0.7221153924945801 0.01401935344498205
57 -0.7221153924945801 -0.7315762743279726 0.01293218788715261
58 -0.7315762743279726 -0.7404175258213986 0.01194089981003331
59 -0.7404175258213986 -0.7486802229305315 0.01103635017469873
60 -0.7486802229305315 -0.7564033697649427 0.01021035487561516
61 -0.7564033697649427 -0.7636238675340589 0.009455568475659395
62 -0.7636238675340589 -0.7703765149839422 0.008765385910062569
63 -0.7703765149839422 -0.7766940344163346 0.008133858575519754
64 -0.7766940344163346 -0.7826071180287701 0.007555622069128959
65 -0.7826071180287701 -0.7881444899698268 0.007025833475367729
66 -0.7881444899698268 -0.793332980135798 0.006540116566291108
67 -0.793332980135798 -0.7981976063308558 0.006094513634812106
68 -0.7981976063308558 -0.8027616619586901 0.005685442945417112
69 -0.8027616619586901 -0.8070468069052973 0.005309660988609777
70 -0.8070468069052973 -0.8110731597073905 0.004964228878620224
71 -0.8110731597073905 -0.8148593894810495 0.004646482353317853
72 -0.8148593894810495 -0.8184228064118093 0.004354004926112444
73 -0.8184228064118093 -0.8217794498859797 0.004084603812660618
74 -0.8217794498859797 -0.824944173576961 0.003836288311800609
75 -0.824944173576961 -0.8279307269949886 0.003607250366063098
76 -0.8279307269949886 -0.8307518331690157 0.003395847064538631
77 -0.8307518331690157 -0.8334192622597187 0.003200584881456464
78 -0.8334192622597187 -0.8359439010065819 0.003020105468588463
79 -0.8359439010065819 -0.8383358179950042 0.002853172842051456
80 -0.8383358179950042 -0.8406043247932458 0.002698661821421739
81 -0.8406043247932458 -0.8427580330576939 0.002555547594882104
82 -0.8427580330576939 -0.8448049077414147 0.002422896298262632
83 -0.8448049077414147 -0.8467523165661004 0.002299856506543931
84 -0.8467523165661004 -0.8486070759355527 0.002185651548341792
85 -0.8486070759355527 -0.8503754934784997 0.002079572561190816
86 -0.8503754934784997 -0.8520634074147363 0.001980972215856457
87 -0.8520634074147363 -0.8536762229388289 0.001889259043130472
88 -0.8536762229388289 -0.8552189458138227 0.001803892304473853
89 -0.8552189458138227 -0.8566962133628523 0.001724377353356941
90 -0.8566962133628523 -0.8581123230399134 0.001650261439020501
91 -0.8581123230399134 -0.8594712587535244 0.001581129909546771
92 -0.8594712587535244 -0.8607767151089623 0.001516602775753096
93 -0.8607767151089623 -0.8620321197249371 0.001456331599773133
94 -0.8620321197249371 -0.8632406537723182 0.001399996677751273
95 -0.8632406537723182 -0.8644052708727585 0.001347304487470889
96 -0.8644052708727585 -0.8655287144859269 0.001297985375142252
97 -0.8655287144859269 -0.8666135339056079 0.001251791458635506
98 -0.8666135339056079 -0.8676620989759675 0.001208494725766045
99 -0.8676620989759675 -0.8686766136311928 0.001167885308877452
100 -0.8686766136311928 -0.8696591283542352 0.00112976991905068
101 -0.8696591283542352 -0.8706115516424937 0.001093970423964245
102 -0.8706115516424937 -0.871535660562087 0.001060322556391182
103 -0.871535660562087 -0.8724331104652759 0.001028674740130329
104 -0.8724331104652759 -0.8733054439398916 0.0009988870224834239
105 -0.8733054439398916 -0.8741540990541825 0.0009708301033068587
106 -0.8741540990541825 -0.8749804169549277 0.0009443844510496417
107 -0.8749804169549277 -0.8757856488721958 0.0009194394979011815
108 -0.8757856488721958 -0.8765709625795213 0.0008958929063934663
109 -0.8765709625795213 -0.8773374483543002 0.0008736499008638656
110 -0.8773374483543002 -0.8780861244795198 0.0008526226577870648
111 -0.8780861244795198 -0.8788179423240361 0.0008327297489864216
112 -0.8788179423240361 -0.8795337910362691 0.0008138956337192495
113 -0.8795337910362691 -0.8802345018824311 0.0007960501941966242
114 -0.8802345018824311 -0.8809208522583108 0.0007791283111532717
115 -0.8809208522583108 -0.8815935694008198 0.0007630694753889307
116 -0.8815935694008198 -0.8822533338238202 0.0007478174325971659
117 -0.8822533338238202 -0.8829007824998383 0.0007333198575097971
118 -0.8829007824998383 -0.883536511808411 0.0007195280558032562
119 -0.883536511808411 -0.8841610802692818 0.0007063966903865054
120 -0.8841610802692818 -0.8847750110775631 0.0006938835303831787
121 -0.8847750110775631 -0.8853787944564141 0.0006819492206403345
122 -0.8853787944564141 -0.8859728898415281 0.0006705570700027598
123 -0.8859728898415281 -0.8865577279103311 0.000659672856477646
124 -0.8865577279103311 -0.8871337124682303 0.0006492646483884216
125 -0.8871337124682303 -0.8877012222023272 0.0006393026391120229
126 -0.8877012222023272 -0.8882606123134786 0.0006297589957237166
127 -0.8882606123134786 -0.8888122160351093 0.0006206077185699556
128 -0.8888122160351093 -0.889356346047913 0.0006118245124372449
129 -0.889356346047913 -0.8898932957979543 0.0006033866673417122
130 -0.8898932957979543 -0.8904233407254427 0.0005952729485466882
131 -0.8904233407254427 -0.8909467394106196 0.0005874634947574564
132 -0.8909467394106196 -0.8914637346431687 0.0005799397243636072
133 -0.8914637346431687 -0.891974554420332 0.0005726842482577775
134 -0.891974554420332 -0.8924794128790957 0.0005656807893585371
135 -0.8924794128790957 -0.8929785111673237 0.0005589141082192386
136 -0.8929785111673237 -0.8934720382577058 0.000552369933528614
137 -0.8934720382577058 -0.8939601717091588 0.0005460348983105947
138 -0.8939601717091588 -0.8944430783789887 0.0005398964802826276
139 -0.8944430783789887 -0.8949209150893057 0.0005339429465332107
140 -0.8949209150893057 -0.8953938292510315 0.0005281633023106358
141 -0.8953938292510315 -0.8958619594481969 0.000522547243164281
142 -0.8958619594481969 -0.896325435985457 0.0005170851106668894
143 -0.896325435985457 -0.8967843814010767 0.000511767850932822
144 -0.8967843814010767 -0.8972389109479849 0.0005065869762914427
145 -0.8972389109479849 -0.8976891330447572 0.0005015345292698444
146 -0.8976891330447572 -0.8981351496988067 0.0004966030493284934
147 -0.8981351496988067 -0.8985770569033843 0.0004917855415766646
148 -0.8985770569033843 -0.89901494501011 0.0004870754475842583
149 -0.89901494501011 -0.8994488990790207 0.0004824666185650023
150 -0.8994488990790207 -0.8998789992068491 0.0004779532895061363
151 -0.8998789992068491 -0.9003053208357339 0.0004735300558804204
152 -0.9003053208357339 -0.9007279350430255 0.000469191851223565
153 -0.9007279350430255 -0.9011469088136962 0.0004649339265028784
154 -0.9011469088136962 -0.901562305296337 0.0004607518306837765
155 -0.901562305296337 -0.9019741840437353 0.0004566413924972942
156 -0.9019741840437353 -0.9023826012391339 0.0004525987035186689
157 -0.9023826012391339 -0.9027876099088773 0.0004486201021126506
158 -0.9027876099088773 -0.9031892601224928 0.0004447021586162539
159 -0.9031892601224928 -0.9035875991807485 0.0004408416611924107
160 -0.9035875991807485 -0.9039826717925307 0.0004370356026833757
161 -0.9039826717925307 -0.9043745202414292 0.0004332811685073737
162 -0.9043745202414292 -0.9047631845420309 0.0004295757246117675
163 -0.9047631845420309 -0.9051487025874136 0.0004259168071287726
164 -0.9051487025874136 -0.9055311102875335 0.000422302111739103
165 -0.9055311102875335 -0.9059104416996243 0.0004187294843175733
166 -0.9059104416996243 -0.9062867291507481 0.0004151969117725495
167 -0.9062867291507481 -0.9066600033531732 0.0004117025136705555
168 -0.9066600033531732 -0.9070302935128716 0.0004082445342197451
169 -0.9070302935128716 -0.9073976274314682 0.0004048213346517831
170 -0.9073976274314682 -0.9077620316023709 0.0004014313864388267
171 -0.9077620316023709 -0.9081235313008738 0.0003980732643113112
172 -0.9081235313008738 -0.9084821506691736 0.0003947456403361213
173 -0.9084821506691736 -0.9088379127960595 0.0003914472777565122
174 -0.9088379127960595 -0.9091908397919328 0.0003881770255781182
175 -0.9091908397919328 -0.9095409528594078 0.0003849338134520804
176 -0.9095409528594078 -0.9098882723593611 0.0003817166464324797
177 -0.9098882723593611 -0.9102328178734093 0.000378524600830295
178 -0.9102328178734093 -0.9105746082621095 0.0003753568193083274
179 -0.9105746082621095 -0.9109136617200386 0.00037221250726326
180 -0.9109136617200386 -0.9112499958271264 0.0003690909285354695
181 -0.9112499958271264 -0.9115836275971478 0.0003659914021282497
182 -0.9115836275971478 -0.9119145735228936 0.0003629132984104857
183 -0.9119145735228936 -0.9122428496188293 0.0003598560362219678
184 -0.9122428496188293 -0.912568471460756 0.0003568190794555099
185 -0.912568471460756 -0.9128914542232954 0.0003538019345511256
186 -0.9128914542232954 -0.9132118127146823 0.0003508041474349465
187 -0.9132118127146823 -0.9135295614094884 0.0003478253011493103
188 -0.9135295614094884 -0.9138447144792053 0.0003448650134137623
189 -0.9138447144792053 -0.9141572858208309 0.0003419229343502787
190 -0.9141572858208309 -0.9144672890834605 0.0003389987442200903
191 -0.9144672890834605 -0.9147747376932821 0.000336092151600994
192 -0.9147747376932821 -0.9150796448766834 0.0003332028912547268
193 -0.9150796448766834 -0.9153820236819762 0.0003303307225507385
194 -0.9153820236819762 -0.9156818869994793 0.0003274754276134996
195 -0.9156818869994793 -0.9159792475802352 0.0003246368097764844
196 -0.9159792475802352 -0.9162741180533435 0.0003218146920211389
197 -0.9162741180533435 -0.9165665109421987 0.0003190089157355494
198 -0.9165665109421987 -0.9168564386793492 0.0003162193391673682
199 -0.9168564386793492 -0.9171439136203111 0.0003134458362452168
200 -0.9171439136203111 -0.9174289480563839 0.0003106882954550427
201 -0.9174289480563839 -0.9177115542263861 0.0003079466186305449
202 -0.9177115542263861 -0.9179917443275144 0.0003052207199680188
203 -0.9179917443275144 -0.9182695305253074 0.0003025105250242157
204 -0.9182695305253074 -0.9185449249627344 0.0002998159697395876
205 -0.9185449249627344 -0.9188179397685329 0.0002971369995967006
206 -0.9188179397685329 -0.9190885870648944 0.0002944735688926512
207 -0.9190885870648944 -0.9193568789742611 0.000291825639751629
208 -0.9193568789742611 -0.9196228276257038 0.0002891931816539653
209 -0.9196228276257038 -0.9198864451604981 0.0002865761705493103
210 -0.9198864451604981 -0.9201477437371712 0.0002839745882675943
211 -0.9201477437371712 -0.9204067355361292 0.0002813884220513456
212 -0.9204067355361292 -0.9206634327636084 0.0002788176638108535
213 -0.9206634327636084 -0.9209178476552371 0.0002762623096907781
214 -0.9209178476552371 -0.9211699924791275 0.0002737223595525098
215 -0.9211699924791275 -0.9214198795386265 0.0002711978165959958
216 -0.9214198795386265 -0.9216675211744813 0.0002686886867177532
217 -0.9216675211744813 -0.9219129297668746 0.0002661949783645625
218 -0.9219129297668746 -0.9221561177369813 0.000263716702008648
219 -0.9221561177369813 -0.9223970975481527 0.000261253869740042
220 -0.9223970975481527 -0.9226358817069528 0.0002588064951021693
221 -0.9226358817069528 -0.9228724827638281 0.0002563745926920585
222 -0.9228724827638281 -0.9231069133135446 0.0002539581779048761
223 -0.9231069133135446 -0.9233391859952909 0.0002515572665703896
224 -0.9233391859952909 -0.9235693134927035 0.0002491718748670931
225 -0.9235693134927035 -0.9237973085335809 0.0002468020189832043
226 -0.9237973085335809 -0.924023183889486 0.0002444477149960126
227 -0.924023183889486 -0.9242469523750273 0.0002421089785216727
228 -0.9242469523750273 -0.9244686268471561 0.0002397858247335535
229 -0.9244686268471561 -0.9246882202041921 0.00023747826806686
230 -0.9246882202041921 -0.9249057453846919 0.0002351863220499454
231 -0.9249057453846919 -0.9251212153663416 0.0002329099993284118
232 -0.9251212153663416 -0.9253346431645217 0.000230649311313177
233 -0.9253346431645217 -0.9255460418309691 0.0002284042682838013
234 -0.9255460418309691 -0.9257554244521202 0.0002261748790454319
235 -0.9257554244521202 -0.9259628041476236 0.0002239611511114945
236 -0.9259628041476236 -0.9261681940685756 0.0002217630904056775
237 -0.9261681940685756 -0.9263716073957042 0.0002195807012052547
238 -0.9263716073957042 -0.9265730573376179 0.0002174139862133073
239 -0.9265730573376179 -0.9267725571288811 0.0002152629463708539
240 -0.9267725571288811 -0.9269701200280277 0.0002131275807904758
241 -0.9269701200280277 -0.9271657593157024 0.0002110078868951489
242 -0.9271657593157024 -0.9273594882924149 0.0002089038600005683
243 -0.9273594882924149 -0.9275513202767726 0.000206815493832127
244 -0.9275513202767726 -0.9277412686031492 0.000204742779916041
245 -0.9277412686031492 -0.9279293466197719 0.0002026857080313362
246 -0.9279293466197719 -0.9281155676864663 0.0002006442658413881
247 -0.9281155676864663 -0.9282999451726058 0.0001986184391137157
248 -0.9282999451726058 -0.9284824924549575 0.0001966082116088265
249 -0.9284824924549575 -0.9286632229155655 0.0001946135651205718
250 -0.9286632229155655 -0.9288421499395361 0.0001926344793700912
251 -0.9288421499395361 -0.929019286913045 0.0001906709322446414
252 -0.929019286913045 -0.9291946472210423 0.0001887228994718222
253 -0.9291946472210423 -0.9293682442452197 0.0001867903549022092
254 -0.9293682442452197 -0.9295400913619385 0.0001848732704654169
255 -0.9295400913619385 -0.9297102019400153 0.0001829716160173805
256 -0.9297102019400153 -0.9298785893388074 0.0001810853596616681
257 -0.9298785893388074 -0.930045266905971 0.0001792144673969393
258 -0.930045266905971 -0.9302102479756233 0.0001773589035504491
259 -0.9302102479756233 -0.9303735458661307 0.0001755186303748293
260 -0.9303735458661307 -0.9305351738782706 0.0001736936084491929
261 -0.9305351738782706 -0.9306951452931983 0.0001718837964684384
262 -0.9306951452931983 -0.930853473370556 0.0001700891513939586
263 -0.930853473370556 -0.9310101713464661 0.0001683096283292917
264 -0.9310101713464661 -0.9311652524318305 0.0001665451808465989
265 -0.9311652524318305 -0.9313187298103295 0.0001647957606632477
266 -0.9313187298103295 -0.9314706166366462 0.0001630613178815668
267 -0.9314706166366462 -0.9316209260347363 0.0001613418010369243
268 -0.9316209260347363 -0.9317696710960756 0.0001596371570714925
269 -0.9317696710960756 -0.9319168648778975 0.0001579473313225383
270 -0.9319168648778975 -0.9320625204015501 0.0001562722676477673
271 -0.9320625204015501 -0.9322066506508957 0.0001546119084700029
272 -0.9322066506508957 -0.932349268570638 0.0001529661946976088
273 -0.932349268570638 -0.9324903870647656 0.0001513350658463855
274 -0.9324903870647656 -0.9326300189951184 0.000149718460170597
275 -0.9326300189951184 -0.9327681771797635 0.0001481163144552636
276 -0.9327681771797635 -0.9329048743916334 0.0001465285642966251
277 -0.9329048743916334 -0.9330401233570702 0.0001449551439976597
278 -0.9330401233570702 -0.9331739367544303 0.0001433959866318959
279 -0.9331739367544303 -0.9333063272128012 0.0001418510241607876
280 -0.9333063272128012 -0.9334373073106362 0.0001403201873433238
281 -0.9334373073106362 -0.9335668895745453 0.0001388034059006498
282 -0.9335668895745453 -0.9336950864779967 0.0001373006084192033
283 -0.9336950864779967 -0.9338219104401568 0.0001358117224946553
284 -0.9338219104401568 -0.9339473738248085 0.0001343366748148556
285 -0.9339473738248085 -0.9340714889390981 0.0001328753909730462
286 -0.9340714889390981 -0.9341942680325234 0.0001314277957237588
287 -0.9341942680325234 -0.9343157232959335 0.0001299938129925381
288 -0.9343157232959335 -0.9344358668604537 0.0001285733657932372
289 -0.9344358668604537 -0.9345547107964997 0.0001271663763213072
290 -0.9345547107964997 -0.9346722671129218 0.0001257727660897661
291 -0.9346722671129218 -0.9347885477560345 0.0001243924558038021
292 -0.9347885477560345 -0.9349035646087519 0.0001230253654723773
293 -0.9349035646087519 -0.9350173294897908 0.0001216714144762932
294 -0.9350173294897908 -0.9351298541528397 0.0001203305215304409
295 -0.9351298541528397 -0.9352411502858172 0.0001190026047758307
296 -0.9352411502858172 -0.9353512295100989 0.0001176875817432658
297 -0.9353512295100989 -0.9354601033798797 0.0001163853694962503
298 -0.9354601033798797 -0.935567783381428 0.0001150958845109779
299 -0.935567783381428 -0.9356742809325277 0.0001138190428762937
300 -0.9356742809325277 -0.9357796073817943 0.0001125547601548319
301 -0.9357796073817943 -0.9358837740081788 0.0001113029515816252
302 -0.9358837740081788 -0.9359867920203481 0.0001100635319296645
303 -0.9359867920203481 -0.9360886725562104 0.0001088364156615039
304 -0.9360886725562104 -0.9361894266824641 0.0001076215169516421
305 -0.9361894266824641 -0.9362890653940315 0.0001064187495615377
306 -0.9362890653940315 -0.9363875996137171 0.0001052280270758496
307 -0.9363875996137171 -0.936485040191816 0.0001040492628466846
308 -0.936485040191816 -0.9365813979056649 0.0001028823699299713
309 -0.9365813979056649 -0.9366766834593589 0.0001017272612596483
310 -0.9366766834593589 -0.9367709074833782 0.0001005838495480119
311 -0.9367709074833782 -0.9368640805343352 9.945204741319317e-05
312 -0.9368640805343352 -0.9369562130946755 9.833176732553626e-05
313 -0.9369562130946755 -0.9370473155724198 9.722292165012107e-05
314 -0.9370473155724198 -0.9371373983009832 9.612542272529763e-05
315 -0.9371373983009832 -0.937226471538931 9.503918279384963e-05
316 -0.937226471538931 -0.9373145454697918 9.396411406013133e-05
317 -0.9373145454697918 -0.9374016302019547 9.290012877846105e-05
318 -0.9374016302019547 -0.9374877357685041 9.184713918293189e-05
319 -0.9374877357685041 -0.937572872127077 9.080505750953515e-05
320 -0.937572872127077 -0.937657049159805 8.977379608400863e-05
321 -0.937657049159805 -0.9377402766732567 8.875326731933542e-05
322 -0.9377402766732567 -0.9378225643983341 8.77433836647436e-05
323 -0.9378225643983341 -0.9379039219903266 8.674405777066181e-05
324 -0.9379039219903266 -0.9379843590287503 8.575520225842855e-05
325 -0.9379843590287503 -0.9380638850175136 8.477673006436861e-05
326 -0.9380638850175136 -0.9381425093848262 8.380855416541001e-05
327 -0.9381425093848262 -0.9382202414832733 8.285058775132667e-05
328 -0.9382202414832733 -0.9382970905899216 8.190274425765837e-05
329 -0.9382970905899216 -0.9383730659062754 8.096493720273331e-05
330 -0.9383730659062754 -0.9384481765584654 8.003708043352263e-05
331 -0.9384481765584654 -0.9385224315973225 7.911908800174768e-05
332 -0.9385224315973225 -0.9385958399984806 7.821087419077267e-05
333 -0.9385958399984806 -0.9386684106625279 7.731235356699558e-05
334 -0.9386684106625279 -0.9387401524151358 7.642344095248345e-05
335 -0.9387401524151358 -0.9388110740072343 7.554405147333394e-05
336 -0.9388110740072343 -0.9388811841151954 7.467410056488523e-05
337 -0.9388811841151954 -0.9389504913409917 7.381350394455966e-05
338 -0.9389504913409917 -0.9390190042123991 7.296217765568687e-05
339 -0.9390190042123991 -0.939086731183245 7.212003811464589e-05
340 -0.939086731183245 -0.9391536806335964 7.128700204441827e-05
341 -0.9391536806335964 -0.939219860869953 7.046298647829726e-05
342 -0.939219860869953 -0.9392852801256694 6.964790900118799e-05
343 -0.9392852801256694 -0.9393499465609534 6.884168729744631e-05
344 -0.9393499465609534 -0.9394138682633298 6.804423964341458e-05
345 -0.9394138682633298 -0.9394770532478242 6.725548460803734e-05
346 -0.9394770532478242 -0.9395395094573137 6.647534122923751e-05
347 -0.9395395094573137 -0.9396012447627251 6.570372884831099e-05
348 -0.9396012447627251 -0.9396622669634395 6.494056732910184e-05
349 -0.9396622669634395 -0.9397225837875429 6.418577689210198e-05
350 -0.9397225837875429 -0.9397822028921736 6.343927821491655e-05
351 -0.9397822028921736 -0.939841131863847 6.270099240762263e-05
352 -0.939841131863847 -0.9398993782187312 6.197084095804847e-05
353 -0.9398993782187312 -0.9399569494031117 6.124874593150625e-05
354 -0.9399569494031117 -0.9400138527936515 6.053462975109524e-05
355 -0.9400138527936515 -0.94007009569774 5.982841529154402e-05
356 -0.94007009569774 -0.9401256853539277 5.913002596749023e-05
357 -0.9401256853539277 -0.9401806289321981 5.843938556020582e-05
358 -0.9401806289321981 -0.9402349335344402 5.775641842827296e-05
359 -0.9402349335344402 -0.940288606194753 5.708104932799411e-05
360 -0.940288606194753 -0.9403416538798919 5.641320356281273e-05
361 -0.9403416538798919 -0.9403940834895957 5.575280685445053e-05
362 -0.9403940834895957 -0.9404459018570352 5.509978547110714e-05
363 -0.9404459018570352 -0.9404971157491659 5.445406612427717e-05
364 -0.9404971157491659 -0.9405477318671821 5.381557607466901e-05
365 -0.9405477318671821 -0.9405977568468917 5.31842430470218e-05
366 -0.9405977568468917 -0.9406471972591333 5.255999527303153e-05
367 -0.9406471972591333 -0.9406960596101867 5.194276148412848e-05
368 -0.9406960596101867 -0.9407443503421989 5.133247092552252e-05
369 -0.9407443503421989 -0.9407920758336087 5.072905335374611e-05
370 -0.9407920758336087 -0.9408392423995732 5.013243903835093e-05
371 -0.9408392423995732 -0.9408858562923761 4.954255873991029e-05
372 -0.9408858562923761 -0.9409319237018834 4.895934376002267e-05
373 -0.9409319237018834 -0.9409774507559405 4.838272587782294e-05
374 -0.9409774507559405 -0.9410224435208622 4.78126374471004e-05
375 -0.9410224435208622 -0.9410669080018018 4.724901126749443e-05
376 -0.9410669080018018 -0.9411108501432318 4.669178070076454e-05
377 -0.9411108501432318 -0.9411542758293818 4.614087962543985e-05
378 -0.9411542758293818 -0.9411971908846856 4.559624244458269e-05
379 -0.9411971908846856 -0.941239601074192 4.505780404698025e-05
380 -0.941239601074192 -0.9412815121040138 4.452549984550264e-05
381 -0.9412815121040138 -0.941322929621828 4.399926583197943e-05
382 -0.941322929621828 -0.9413638592172471 4.347903843807975e-05
383 -0.9413638592172471 -0.9414043064222983 4.296475464932579e-05
384 -0.9414043064222983 -0.9414442767118989 4.245635200010649e-05
385 -0.9414442767118989 -0.9414837755042592 4.195376849607376e-05
386 -0.9414837755042592 -0.9415228081613128 4.145694264152185e-05
387 -0.9415228081613128 -0.9415613799892633 4.096581356263521e-05
388 -0.9415613799892633 -0.9415994962389127 4.048032077512226e-05
389 -0.9415994962389127 -0.9416371621061969 4.000040440195108e-05
390 -0.9416371621061969 -0.941674382732593 3.952600503806597e-05
391 -0.941674382732593 -0.9417111632055671 3.905706379116694e-05
392 -0.9417111632055671 -0.9417475085590263 3.859352228583199e-05
393 -0.9417475085590263 -0.9417834237737779 3.813532267071883e-05
394 -0.9417834237737779 -0.9418189137779446 3.768240757061445e-05
395 -0.9418189137779446 -0.9418539834474664 3.723472017760131e-05
396 -0.9418539834474664 -0.9418886376064597 3.679220409893621e-05
397 -0.9418886376064597 -0.9419228810277731 3.635480356529132e-05
398 -0.9419228810277731 -0.9419567184333008 3.592246317211657e-05
399 -0.9419567184333008 -0.941990154494554 3.549512815366833e-05
400 -0.941990154494554 -0.9420231938329758 3.50727441087412e-05
401 -0.9420231938329758 -0.9420558410204801 3.46552572392329e-05
402 -0.9420558410204801 -0.9420881005798437 3.424261419259469e-05
403 -0.9420881005798437 -0.9421199769851485 3.383476211467542e-05
404 -0.9421199769851485 -0.9421514746622198 3.343164864506255e-05
405 -0.9421514746622198 -0.9421825979890623 3.303322191361529e-05
406 -0.9421825979890623 -0.9422133512962558 3.26394304975389e-05
407 -0.9422133512962558 -0.9422437388674898 3.225022356794149e-05
408 -0.9422437388674898 -0.9422737649398201 3.186555059419158e-05
409 -0.9422737649398201 -0.94230343370429 3.148536173039199e-05
410 -0.94230343370429 -0.9423327493062191 3.110960746156295e-05
411 -0.9423327493062191 -0.9423617158456294 3.073823874977794e-05
412 -0.9423617158456294 -0.9423903373777974 3.037120716626006e-05
413 -0.9423903373777974 -0.9424186179134891 3.000846455508046e-05
414 -0.9424186179134891 -0.9424465614195138 2.964996337039293e-05
415 -0.9424465614195138 -0.942474171819089 2.929565647610914e-05
416 -0.942474171819089 -0.9425014529922574 2.894549719982052e-05
417 -0.9425014529922574 -0.9425284087762688 2.859943929578636e-05
418 -0.9425284087762688 -0.9425550429660753 2.825743706459362e-05
419 -0.9425550429660753 -0.9425813593146344 2.791944514819573e-05
420 -0.9425813593146344 -0.9426073615333765 2.758541870483764e-05
421 -0.9426073615333765 -0.942633053292569 2.725531329787928e-05
422 -0.942633053292569 -0.9426584382217773 2.692908499946649e-05
423 -0.9426584382217773 -0.9426835199101593 2.66066902117805e-05
424 -0.9426835199101593 -0.9427083019069641 2.628808588473091e-05
425 -0.9427083019069641 -0.9427327877218744 2.597322934900217e-05
426 -0.9427327877218744 -0.9427569808253966 2.566207836617143e-05
427 -0.9427569808253966 -0.9427808846492358 2.535459111276354e-05
428 -0.9427808846492358 -0.9428045025867158 2.505072622708018e-05
429 -0.9428045025867158 -0.9428278379931502 2.475044275747073e-05
430 -0.9428278379931502 -0.9428508941861758 2.445370012145273e-05
431 -0.9428508941861758 -0.9428736744462266 2.416045825453568e-05
432 -0.9428736744462266 -0.9428961820168003 2.387067739049111e-05
433 -0.9428961820168003 -0.9429184201049201 2.358431826729829e-05
434 -0.9429184201049201 -0.9429403918814161 2.330134193546277e-05
435 -0.9429403918814161 -0.9429621004813644 2.302170992581842e-05
436 -0.9429621004813644 -0.9429835490044398 2.274538415653189e-05
437 -0.9429835490044398 -0.9430047405152091 2.247232687050307e-05
438 -0.9430047405152091 -0.9430256780436401 2.220250086345039e-05
439 -0.9430256780436401 -0.9430463645852478 2.193586909885716e-05
440 -0.9430463645852478 -0.9430668031016457 2.167239513750279e-05
441 -0.9430668031016457 -0.9430869965207803 2.1412042801051e-05
442 -0.9430869965207803 -0.9431069477372909 2.115477630444444e-05
443 -0.9431069477372909 -0.9431266596128912 2.090056027939938e-05
444 -0.9431266596128912 -0.943146134976696 2.064935971479789e-05
445 -0.943146134976696 -0.9431653766255605 2.040113997125167e-05
446 -0.9431653766255605 -0.9431843873244112 2.01558667702445e-05
447 -0.9431843873244112 -0.9432031698065844 1.991350620352697e-05
448 -0.9432031698065844 -0.9432217267741497 1.967402471614975e-05
449 -0.9432217267741497 -0.943240060898267 1.943738914117502e-05
450 -0.943240060898267 -0.9432581748194644 1.920356661727831e-05
451 -0.9432581748194644 -0.9432760711480292 1.897252470645017e-05
452 -0.9432760711480292 -0.9432937524642553 1.874423124275593e-05
453 -0.9432937524642553 -0.9433112213187911 1.851865443874791e-05
454 -0.9433112213187911 -0.9433284802330002 1.829576289783425e-05
455 -0.9433284802330002 -0.943345531699194 1.807552547907034e-05
456 -0.943345531699194 -0.9433623781809973 1.785791143782715e-05
457 -0.9433623781809973 -0.9433790221136261 1.764289033213809e-05
458 -0.9433790221136261 -0.9433954659042318 1.743043209346305e-05
459 -0.9433954659042318 -0.9434117119321536 1.722050692846008e-05
460 -0.9434117119321536 -0.9434277625492491 1.701308540270261e-05
461 -0.9434277625492491 -0.9434436200801567 1.6808138366823e-05
462 -0.9434436200801567 -0.943459286822659 1.660563706470994e-05
463 -0.943459286822659 -0.9434747650479164 1.640555299493932e-05
464 -0.9434747650479164 -0.9434900570007436 1.620785795649602e-05
465 -0.9434900570007436 -0.943505164899948 1.601252411367392e-05
466 -0.943505164899948 -0.9435200909385864 1.581952391024179e-05
467 -0.9435200909385864 -0.9435348372842322 1.562883007928352e-05
468 -0.9435348372842322 -0.9435494060792641 1.544041566668942e-05
469 -0.9435494060792641 -0.9435637994411974 1.525425407570977e-05
470 -0.9435637994411974 -0.9435780194628118 1.507031885136248e-05
471 -0.9435780194628118 -0.9435920682126103 1.488858403091656e-05
472 -0.9435920682126103 -0.9436059477349279 1.470902377299497e-05
473 -0.9436059477349279 -0.9436196600502957 1.453161262781567e-05
474 -0.9436196600502957 -0.9436332071556518 1.435632537444739e-05
475 -0.9436332071556518 -0.943646591024628 1.418313710185697e-05
476 -0.943646591024628 -0.9436598136078022 1.401202317136133e-05
477 -0.9436598136078022 -0.9436728768329324 1.384295919802709e-05
478 -0.9436728768329324 -0.943685782605261 1.367592112383862e-05
479 -0.943685782605261 -0.9436985328076937 1.351088508604289e-05
480 -0.9436985328076937 -0.9437111293011349 1.334782758208701e-05
481 -0.9437111293011349 -0.9437235739246442 1.318672527973673e-05
482 -0.9437235739246442 -0.9437358684957405 1.302755517378182e-05
483 -0.9437358684957405 -0.9437480148106011 1.287029447474953e-05
484 -0.9437480148106011 -0.9437600146443547 1.271492070796511e-05
485 -0.9437600146443547 -0.9437718697512582 1.256141159051039e-05
486 -0.9437718697512582 -0.9437835818649948 1.240974515946142e-05
487 -0.9437835818649948 -0.9437951526988114 1.225989960168368e-05
488 -0.9437951526988114 -0.9438065839458545 1.211185346394518e-05
489 -0.9438065839458545 -0.9438178772793032 1.196558543825333e-05
490 -0.9438178772793032 -0.9438290343527048 1.182107457549631e-05
491 -0.9438290343527048 -0.9438400568000599 1.167830002091555e-05
492 -0.9438400568000599 -0.9438509462361452 1.153724126538985e-05
493 -0.9438509462361452 -0.9438617042567063 1.139787800760012e-05
494 -0.9438617042567063 -0.9438723324386399 1.126019014253418e-05
495 -0.9438723324386399 -0.9438828323402502 1.112415784091577e-05
496 -0.9438828323402502 -0.9438932055014543 1.098976149383628e-05
497 -0.9438932055014543 -0.9439034534439383 1.085698166127399e-05
498 -0.9439034534439383 -0.9439135776714661 1.07257992333896e-05
499 -0.9439135776714661 -0.943923579669971 1.059619520085371e-05
