0 0.12
0.0251327 0.119983
0.0502655 0.119932
0.0753982 0.119847
0.100531 0.119728
0.125664 0.119576
0.150796 0.119389
0.175929 0.11917
0.201062 0.118917
0.226195 0.11863
0.251327 0.118311
0.27646 0.11796
0.301593 0.117576
0.326726 0.11716
0.351858 0.116713
0.376991 0.116234
0.402124 0.115725
0.427257 0.115185
0.452389 0.114615
0.477522 0.114016
0.502655 0.113387
0.527788 0.11273
0.55292 0.112045
0.578053 0.111333
0.603186 0.110594
0.628319 0.109829
0.653451 0.109038
0.678584 0.108222
0.703717 0.107382
0.728849 0.106518
0.753982 0.105631
0.779115 0.104722
0.804248 0.103791
0.82938 0.10284
0.854513 0.101868
0.879646 0.100877
0.904779 0.0998667
0.929911 0.098839
0.955044 0.0977941
0.980177 0.0967328
1.00531 0.0956559
1.03044 0.0945643
1.05558 0.0934582
1.08071 0.0923394
1.10584 0.0912081
1.13097 0.0900651
1.15611 0.0889108
1.18124 0.0877468
1.20637 0.0865736
1.2315 0.0853919
1.25664 0.0842019
1.28177 0.0830055
1.3069 0.0818028
1.33204 0.0805943
1.35717 0.0793816
1.3823 0.078165
1.40743 0.0769453
1.43257 0.0757226
1.4577 0.0744987
1.48283 0.0732739
1.50796 0.0720487
1.5331 0.0708235
1.55823 0.0695998
1.58336 0.068378
1.6085 0.067158
1.63363 0.0659416
1.65876 0.0647289
1.68389 0.0635205
1.70903 0.0623165
1.73416 0.0611185
1.75929 0.0599265
1.78442 0.0587411
1.80956 0.0575624
1.83469 0.0563918
1.85982 0.0552294
1.88496 0.0540752
1.91009 0.0529305
1.93522 0.0517953
1.96035 0.0506702
1.98549 0.049555
2.01062 0.048451
2.03575 0.0473582
2.06088 0.046277
2.08602 0.0452072
2.11115 0.04415
2.13628 0.0431053
2.16142 0.0420731
2.18655 0.0410543
2.21168 0.0400488
2.23681 0.0390569
2.26195 0.0380783
2.28708 0.0371142
2.31221 0.0361642
2.33734 0.0352285
2.36248 0.034307
2.38761 0.0334004
2.41274 0.0325086
2.43788 0.0316313
2.46301 0.0307693
2.48814 0.0299223
2.51327 0.0290903
2.53841 0.0282732
2.56354 0.0274715
2.58867 0.0266851
2.61381 0.0259134
2.63894 0.0251573
2.66407 0.0244163
2.6892 0.0236904
2.71434 0.0229793
2.73947 0.0222835
2.7646 0.0216026
2.78973 0.0209366
2.81487 0.0202852
2.84 0.0196487
2.86513 0.0190267
2.89027 0.018419
2.9154 0.0178259
2.94053 0.017247
2.96566 0.0166822
2.9908 0.016131
3.01593 0.0155939
3.04106 0.0150704
3.06619 0.0145603
3.09133 0.0140634
3.11646 0.0135797
3.14159 0.0131089
3.16673 0.0126507
3.19186 0.0122052
3.21699 0.0117721
3.24212 0.0113511
3.26726 0.010942
3.29239 0.0105447
3.31752 0.010159
3.34265 0.00978458
3.36779 0.00942118
3.39292 0.00906885
3.41805 0.00872721
3.44319 0.00839594
3.46832 0.00807508
3.49345 0.00776428
3.51858 0.00746333
3.54372 0.00717189
3.56885 0.00688999
3.59398 0.0066173
3.61911 0.0063536
3.64425 0.00609858
3.66938 0.00585223
3.69451 0.00561424
3.71965 0.00538432
3.74478 0.00516243
3.76991 0.00494828
3.79504 0.00474168
3.82018 0.00454233
3.84531 0.00435021
3.87044 0.00416503
3.89557 0.00398661
3.92071 0.00381468
3.94584 0.0036492
3.97097 0.0034899
3.99611 0.00333655
4.02124 0.0031891
4.04637 0.0030473
4.0715 0.00291097
4.09664 0.00277991
4.12177 0.00265405
4.1469 0.00253316
4.17204 0.00241705
4.19717 0.00230566
4.2223 0.00219877
4.24743 0.00209624
4.27257 0.00199789
4.2977 0.00190366
4.32283 0.00181335
4.34796 0.00172684
4.3731 0.00164395
4.39823 0.00156464
4.42336 0.00148872
4.4485 0.00141606
4.47363 0.0013466
4.49876 0.00128017
4.52389 0.00121668
4.54903 0.00115599
4.57416 0.00109803
4.59929 0.00104269
4.62442 0.000989852
4.64956 0.000939408
4.67469 0.000891301
4.69982 0.000845417
4.72496 0.000801651
4.75009 0.000759952
4.77522 0.000720218
4.80035 0.000682367
4.82549 0.000646309
4.85062 0.000611996
4.87575 0.000579341
4.90088 0.000548272
4.92602 0.000518711
4.95115 0.000490616
4.97628 0.000463911
5.00142 0.000438526
5.02655 0.000414421
5.05168 0.000391531
5.07681 0.0003698
5.10195 0.000349168
5.12708 0.000329601
5.15221 0.000311043
5.17734 0.000293446
5.20248 0.00027676
5.22761 0.000260955
5.25274 0.000245983
5.27788 0.000231799
5.30301 0.000218376
5.32814 0.000205671
5.35327 0.000193652
5.37841 0.000182278
5.40354 0.000171528
5.42867 0.000161366
5.4538 0.000151763
5.47894 0.000142688
5.50407 0.000134121
5.5292 0.000126032
5.55434 0.000118395
5.57947 0.000111192
5.6046 0.000104397
5.62973 9.799e-05
5.65487 9.19477e-05
5.68 8.62557e-05
5.70513 8.08932e-05
5.73027 7.58405e-05
5.7554 7.10852e-05
5.78053 6.66091e-05
5.80566 6.23972e-05
5.8308 5.84336e-05
5.85593 5.47076e-05
5.88106 5.12047e-05
5.90619 4.79126e-05
5.93133 4.48182e-05
5.95646 4.19129e-05
5.98159 3.91848e-05
6.00673 3.66229e-05
6.03186 3.42197e-05
6.05699 3.19652e-05
6.08212 2.98507e-05
6.10726 2.78675e-05
6.13239 2.60094e-05
6.15752 2.42682e-05
6.18265 2.26372e-05
6.20779 2.11093e-05
6.23292 1.96795e-05
6.25805 1.83413e-05
6.28319 1.70888e-05
6.30832 1.59177e-05
6.33345 1.48227e-05
6.35858 1.37991e-05
6.38372 1.28422e-05
6.40885 1.19486e-05
6.43398 1.11141e-05
6.45911 1.03348e-05
6.48425 9.60727e-06
6.50938 8.92865e-06
6.53451 8.2956e-06
6.55965 7.70504e-06
6.58478 7.15469e-06
6.60991 6.64177e-06
6.63504 6.16388e-06
6.66018 5.71858e-06
6.68531 5.30411e-06
6.71044 4.91828e-06
6.73557 4.55923e-06
6.76071 4.22506e-06
6.78584 3.91439e-06
6.81097 3.62554e-06
6.83611 3.35695e-06
6.86124 3.10748e-06
6.88637 2.87572e-06
6.9115 2.6605e-06
6.93664 2.46061e-06
6.96177 2.27517e-06
6.9869 2.1031e-06
7.01203 1.9435e-06
7.03717 1.79544e-06
7.0623 1.65825e-06
7.08743 1.5311e-06
7.11257 1.41326e-06
7.1377 1.30416e-06
7.16283 1.20314e-06
7.18796 1.10963e-06
7.2131 1.02307e-06
7.23823 9.43021e-07
7.26336 8.6899e-07
7.28849 8.00543e-07
7.31363 7.37255e-07
7.33876 6.788e-07
7.36389 6.24803e-07
7.38903 5.74919e-07
7.41416 5.28885e-07
7.43929 4.86399e-07
7.46442 4.472e-07
7.48956 4.11029e-07
7.51469 3.7769e-07
7.53982 3.46956e-07
7.56496 3.18623e-07
7.59009 2.9253e-07
7.61522 2.68498e-07
7.64035 2.4637e-07
7.66549 2.25994e-07
7.69062 2.07252e-07
7.71575 1.9001e-07
7.74088 1.74153e-07
7.76602 1.59569e-07
7.79115 1.46169e-07
7.81628 1.33857e-07
7.84142 1.22543e-07
7.86655 1.12158e-07
7.89168 1.02623e-07
7.91681 9.38726e-08
7.94195 8.58408e-08
7.96708 7.84767e-08
7.99221 7.17241e-08
8.01734 6.55339e-08
8.04248 5.98589e-08
8.06761 5.46617e-08
8.09274 4.99017e-08
8.11788 4.55416e-08
8.14301 4.15522e-08
8.16814 3.79015e-08
8.19327 3.45618e-08
8.21841 3.15063e-08
8.24354 2.87138e-08
8.26867 2.61614e-08
8.2938 2.38291e-08
8.31894 2.16978e-08
8.34407 1.97523e-08
8.3692 1.79761e-08
8.39434 1.63544e-08
8.41947 1.48753e-08
8.4446 1.35262e-08
8.46973 1.22959e-08
8.49487 1.11739e-08
8.52 1.01519e-08
8.54513 9.22068e-09
8.57026 8.37252e-09
8.5954 7.59994e-09
8.62053 6.89695e-09
8.64566 6.25722e-09
8.6708 5.675e-09
8.69593 5.14569e-09
8.72106 4.66443e-09
8.74619 4.22699e-09
8.77133 3.82933e-09
8.79646 3.46824e-09
8.82159 3.1403e-09
8.84672 2.84257e-09
8.87186 2.57223e-09
8.89699 2.32704e-09
8.92212 2.10462e-09
8.94726 1.90285e-09
8.97239 1.72e-09
8.99752 1.55428e-09
9.02265 1.40413e-09
9.04779 1.26808e-09
9.07292 1.14493e-09
9.09805 1.03344e-09
9.12319 9.32513e-10
9.14832 8.41235e-10
9.17345 7.58678e-10
9.19858 6.84028e-10
9.22372 6.16523e-10
9.24885 5.55546e-10
9.27398 5.00458e-10
9.29911 4.50704e-10
9.32425 4.05765e-10
9.34938 3.65219e-10
9.37451 3.28631e-10
9.39965 2.95612e-10
9.42478 2.65847e-10
9.44991 2.3901e-10
9.47504 2.14823e-10
9.50018 1.93019e-10
9.52531 1.73387e-10
9.55044 1.55708e-10
9.57557 1.39792e-10
9.60071 1.25462e-10
9.62584 1.12573e-10
9.65097 1.0098e-10
9.67611 9.05516e-11
9.70124 8.11804e-11
9.72637 7.27584e-11
9.7515 6.51917e-11
9.77664 5.83928e-11
9.80177 5.22904e-11
9.8269 4.68125e-11
9.85203 4.18966e-11
9.87717 3.74846e-11
9.9023 3.35292e-11
9.92743 2.99827e-11
9.95257 2.68026e-11
9.9777 2.3954e-11
10.0028 2.1405e-11
10.028 1.91132e-11
10.0531 1.70696e-11
10.0782 1.52402e-11
10.1034 1.35969e-11
10.1285 1.21328e-11
10.1536 1.08233e-11
10.1788 9.64804e-12
10.2039 8.60186e-12
10.229 7.66695e-12
10.2542 6.82858e-12
10.2793 6.08296e-12
10.3044 5.41722e-12
10.3296 4.82075e-12
10.3547 4.29072e-12
10.3798 3.81788e-12
10.405 3.39461e-12
10.4301 3.01882e-12
10.4552 2.68387e-12
10.4804 2.38428e-12
10.5055 2.11854e-12
10.5306 1.88188e-12
10.5558 1.67039e-12
10.5809 1.48295e-12
10.606 1.31618e-12
10.6311 1.16782e-12
10.6563 1.03541e-12
10.6814 9.18181e-13
10.7065 8.13998e-13
10.7317 7.21085e-13
10.7568 6.38903e-13
10.7819 5.65928e-13
10.8071 5.00904e-13
10.8322 4.43439e-13
10.8573 3.92457e-13
10.8825 3.47068e-13
10.9076 3.06991e-13
10.9327 2.71465e-13
10.9579 2.39865e-13
10.983 2.11987e-13
11.0081 1.87296e-13
11.0333 1.65352e-13
11.0584 1.46011e-13
11.0835 1.28895e-13
11.1087 1.13696e-13
11.1338 1.00312e-13
11.1589 8.84777e-14
11.1841 7.79786e-14
11.2092 6.87403e-14
11.2343 6.05794e-14
11.2595 5.33453e-14
11.2846 4.69855e-14
11.3097 4.13722e-14
11.3349 3.64007e-14
11.36 3.20338e-14
11.3851 2.81828e-14
11.4103 2.4775e-14
11.4354 2.17843e-14
11.4605 1.91492e-14
11.4857 1.68194e-14
11.5108 1.47765e-14
11.5359 1.29781e-14
11.5611 1.13894e-14
11.5862 9.99754e-15
11.6113 8.7733e-15
11.6365 7.69277e-15
11.6616 6.74693e-15
11.6867 5.91571e-15
11.7119 5.1827e-15
11.737 4.54162e-15
11.7621 3.97872e-15
11.7873 3.48275e-15
11.8124 3.04936e-15
11.8375 2.66914e-15
11.8627 2.33443e-15
11.8878 2.0422e-15
11.9129 1.78604e-15
11.9381 1.56074e-15
11.9632 1.3642e-15
11.9883 1.19208e-15
12.0135 1.04081e-15
12.0386 9.08977e-16
12.0637 7.93614e-16
12.0888 6.92697e-16
12.114 6.04113e-16
12.1391 5.26995e-16
12.1642 4.59591e-16
12.1894 4.00476e-16
12.2145 3.49056e-16
12.2396 3.04153e-16
12.2648 2.64805e-16
12.2899 2.30609e-16
12.315 2.00773e-16
12.3402 1.7465e-16
12.3653 1.51967e-16
12.3904 1.32193e-16
12.4156 1.14896e-16
12.4407 9.98887e-17
12.4658 8.68173e-17
12.491 7.53928e-17
12.5161 6.54899e-17
12.5412 5.68716e-17
12.5664 4.93457e-17
12.5915 4.28276e-17
12.6166 3.71601e-17
12.6418 3.22151e-17
12.6669 2.79361e-17
12.692 2.42187e-17
12.7172 2.09779e-17
12.7423 1.81761e-17
12.7674 1.5744e-17
12.7926 1.36257e-17
12.8177 1.17958e-17
12.8428 1.02088e-17
12.868 8.82766e-18
12.8931 7.63565e-18
12.9182 6.60272e-18
12.9434 5.7046e-18
12.9685 4.93011e-18
12.9936 4.25956e-18
13.0188 3.67703e-18
13.0439 3.17512e-18
13.069 2.74094e-18
13.0942 2.36407e-18
13.1193 2.03965e-18
13.1444 1.75924e-18
13.1696 1.51606e-18
13.1947 1.3069e-18
13.2198 1.12627e-18
13.245 9.69763e-19
13.2701 8.3526e-19
13.2952 7.19209e-19
13.3204 6.18737e-19
13.3455 5.32468e-19
13.3706 4.58098e-19
13.3958 3.93766e-19
13.4209 3.38577e-19
13.446 2.9104e-19
13.4711 2.50107e-19
13.4963 2.1474e-19
13.5214 1.84434e-19
13.5465 1.5836e-19
13.5717 1.35851e-19
13.5968 1.16579e-19
13.6219 1.00013e-19
13.6471 8.57239e-20
13.6722 7.35007e-20
13.6973 6.30025e-20
13.7225 5.39553e-20
13.7476 4.62227e-20
13.7727 3.9587e-20
13.7979 3.38734e-20
13.823 2.89942e-20
13.8481 2.48108e-20
13.8733 2.12117e-20
13.8984 1.81409e-20
13.9235 1.55103e-20
13.9487 1.32491e-20
13.9738 1.13214e-20
13.9989 9.67143e-21
14.0241 8.25441e-21
14.0492 7.04744e-21
14.0743 6.01526e-21
14.0995 5.12955e-21
14.1246 4.37579e-21
14.1497 3.73173e-21
14.1749 3.17954e-21
14.2 2.71002e-21
14.2251 2.30918e-21
14.2503 1.96581e-21
14.2754 1.6741e-21
14.3005 1.42527e-21
14.3257 1.21231e-21
14.3508 1.03153e-21
14.3759 8.77466e-22
14.4011 7.45718e-22
14.4262 6.33981e-22
14.4513 5.38834e-22
14.4765 4.57539e-22
14.5016 3.88652e-22
14.5267 3.30044e-22
14.5519 2.80011e-22
14.577 2.37651e-22
14.6021 2.01642e-22
14.6273 1.70928e-22
14.6524 1.44947e-22
14.6775 1.2288e-22
14.7027 1.04074e-22
14.7278 8.81801e-23
14.7529 7.4692e-23
14.7781 6.32073e-23
14.8032 5.35087e-23
14.8283 4.52855e-23
14.8535 3.82897e-23
14.8786 3.2387e-23
14.9037 2.73865e-23
14.9288 2.31515e-23
14.954 1.95528e-23
14.9791 1.65199e-23
15.0042 1.39534e-23
15.0294 1.17744e-23
15.0545 9.93958e-24
15.0796 8.3883e-24
15.1048 7.07233e-24
15.1299 5.96516e-24
15.155 5.02989e-24
15.1802 4.23718e-24
15.2053 3.57082e-24
15.2304 3.0084e-24
15.2556 2.53212e-24
15.2807 2.13209e-24
15.3058 1.79476e-24
15.331 1.50933e-24
15.3561 1.2698e-24
15.3812 1.06799e-24
15.4064 8.97377e-25
15.4315 7.54326e-25
15.4566 6.339e-25
15.4818 5.3218e-25
15.5069 4.46966e-25
15.532 3.7529e-25
15.5572 3.148e-25
15.5823 2.64168e-25
15.6074 2.21618e-25
15.6326 1.85738e-25
15.6577 1.55733e-25
15.6828 1.30538e-25
15.708 1.09311e-25
15.7331 9.15738e-26
15.7582 7.66934e-26
15.7834 6.41674e-26
15.8085 5.37099e-26
15.8336 4.49441e-26
15.8588 3.75715e-26
15.8839 3.14217e-26
15.909 2.62712e-26
15.9342 2.1943e-26
15.9593 1.83357e-26
15.9844 1.53172e-26
16.0096 1.27827e-26
16.0347 1.06723e-26
16.0598 8.90778e-27
16.085 7.42753e-27
16.1101 6.19598e-27
16.1352 5.16717e-27
16.1604 4.30485e-27
16.1855 3.58802e-27
16.2106 2.9897e-27
16.2358 2.48864e-27
16.2609 2.07248e-27
16.286 1.72542e-27
16.3111 1.43608e-27
16.3363 1.19404e-27
16.3614 9.93243e-28
16.3865 8.25979e-28
16.4117 6.86183e-28
16.4368 5.70305e-28
16.4619 4.73862e-28
16.4871 3.93326e-28
16.5122 3.26627e-28
16.5373 2.71161e-28
16.5625 2.24884e-28
16.5876 1.8659e-28
16.6127 1.54773e-28
16.6379 1.28249e-28
16.663 1.0632e-28
16.6881 8.8116e-29
16.7133 7.29532e-29
16.7384 6.04278e-29
16.7635 5.00388e-29
16.7887 4.13929e-29
16.8138 3.4257e-29
16.8389 2.83433e-29
16.8641 2.34261e-29
16.8892 1.93711e-29
16.9143 1.60135e-29
16.9395 1.32241e-29
16.9646 1.09258e-29
16.9897 9.02433e-30
17.0149 7.44601e-30
17.04 6.14669e-30
17.0651 5.07266e-30
17.0903 4.1819e-30
17.1154 3.44923e-30
17.1405 2.84412e-30
17.1657 2.3427e-30
17.1908 1.93062e-30
17.2159 1.59057e-30
17.2411 1.30903e-30
17.2662 1.07786e-30
17.2913 8.87258e-31
17.3165 7.29588e-31
17.3416 6.00233e-31
17.3667 4.93673e-31
17.3919 4.05599e-31
17.417 3.33403e-31
17.4421 2.73981e-31
17.4673 2.24909e-31
17.4924 1.84719e-31
17.5175 1.51668e-31
17.5427 1.24397e-31
17.5678 1.02081e-31
17.5929 8.37451e-32
17.6181 6.86288e-32
17.6432 5.62695e-32
17.6683 4.6123e-32
17.6934 3.77954e-32
17.7186 3.0938e-32
17.7437 2.53377e-32
17.7688 2.07453e-32
17.794 1.69669e-32
17.8191 1.38838e-32
17.8442 1.13578e-32
17.8694 9.28124e-33
17.8945 7.58829e-33
17.9196 6.20239e-33
17.9448 5.06409e-33
17.9699 4.13685e-33
17.995 3.37844e-33
18.0202 2.75606e-33
18.0453 2.24952e-33
18.0704 1.83555e-33
18.0956 1.49613e-33
18.1207 1.22011e-33
18.1458 9.94737e-34
18.171 8.10103e-34
18.1961 6.60089e-34
18.2212 5.37703e-34
18.2464 4.37526e-34
18.2715 3.56203e-34
18.2966 2.89914e-34
18.3218 2.357e-34
18.3469 1.91728e-34
18.372 1.55915e-34
18.3972 1.26651e-34
18.4223 1.02935e-34
18.4474 8.36369e-35
18.4726 6.78811e-35
18.4977 5.51234e-35
18.5228 4.47508e-35
18.548 3.62895e-35
18.5731 2.94442e-35
18.5982 2.38834e-35
18.6234 1.93511e-35
18.6485 1.56876e-35
18.6736 1.2714e-35
18.6988 1.02926e-35
18.7239 8.33689e-36
18.749 6.75091e-36
18.7742 5.4605e-36
18.7993 4.41921e-36
18.8244 3.57548e-36
18.8496 2.88957e-36
18.8747 2.33656e-36
18.8998 1.88885e-36
18.925 1.5252e-36
18.9501 1.23226e-36
18.9752 9.95299e-37
19.0004 8.02994e-37
19.0255 6.48214e-37
19.0506 5.2312e-37
19.0758 4.21687e-37
19.1009 3.40116e-37
19.126 2.74247e-37
19.1511 2.21072e-37
19.1763 1.78003e-37
19.2014 1.43408e-37
19.2265 1.15504e-37
19.2517 9.29227e-38
19.2768 7.47995e-38
19.3019 6.01939e-38
19.3271 4.83846e-38
19.3522 3.89148e-38
19.3773 3.12896e-38
19.4025 2.51296e-38
19.4276 2.01941e-38
19.4527 1.62234e-38
19.4779 1.30183e-38
19.503 1.04526e-38
19.5281 8.39021e-39
19.5533 6.72693e-39
19.5784 5.39658e-39
19.6035 4.3281e-39
19.6287 3.46714e-39
19.6538 2.7791e-39
19.6789 2.22697e-39
19.7041 1.78245e-39
19.7292 1.42752e-39
19.7543 1.14294e-39
19.7795 9.1402e-40
19.8046 7.31393e-40
19.8297 5.85091e-40
19.8549 4.67505e-40
19.88 3.73777e-40
19.9051 2.98756e-40
19.9303 2.38511e-40
19.9554 1.90531e-40
19.9805 1.5216e-40
20.0057 1.21374e-40
20.0308 9.68752e-41
20.0559 7.72999e-41
20.0811 6.16071e-41
20.1062 4.91305e-41
20.1313 3.91695e-41
20.1565 3.11911e-41
20.1816 2.48532e-41
20.2067 1.97975e-41
20.2319 1.57515e-41
20.257 1.25402e-41
20.2821 9.98077e-42
20.3073 7.93424e-42
20.3324 6.3113e-42
20.3575 5.01892e-42
20.3827 3.9864e-42
20.4078 3.1683e-42
20.4329 2.51738e-42
20.4581 1.99779e-42
20.4832 1.58645e-42
20.5083 1.25944e-42
20.5334 9.99561e-43
20.5586 7.92349e-43
20.5837 6.28494e-43
20.6088 4.98383e-43
20.634 3.9473e-43
20.6591 3.12835e-43
20.6842 2.47861e-43
20.7094 1.96144e-43
20.7345 1.55318e-43
20.7596 1.22955e-43
20.7848 9.72173e-44
20.8099 7.69169e-44
20.835 6.08383e-44
20.8602 4.80622e-44
20.8853 3.79938e-44
20.9104 3.00262e-44
20.9356 2.37004e-44
20.9607 1.87196e-44
20.9858 1.47814e-44
21.011 1.16574e-44
21.0361 9.19966e-45
21.0612 7.25807e-45
21.0864 5.71922e-45
21.1115 4.50962e-45
21.1366 3.55484e-45
21.1618 2.79876e-45
21.1869 2.20495e-45
21.212 1.73665e-45
21.2372 1.36611e-45
21.2623 1.07535e-45
21.2874 8.46242e-46
21.3126 6.65119e-46
21.3377 5.23113e-46
21.3628 4.1131e-46
21.388 3.23001e-46
21.4131 2.53824e-46
21.4382 1.99406e-46
21.4634 1.56459e-46
21.4885 1.22846e-46
21.5136 9.64267e-47
21.5388 7.55946e-47
21.5639 5.93036e-47
21.589 4.65103e-47
21.6142 3.64311e-47
21.6393 2.85558e-47
21.6644 2.23765e-47
21.6896 1.75124e-47
21.7147 1.37151e-47
21.7398 1.07381e-47
21.765 8.39677e-48
21.7901 6.57047e-48
21.8152 5.13994e-48
21.8404 4.01579e-48
21.8655 3.13968e-48
21.8906 2.45402e-48
21.9158 1.91567e-48
21.9409 1.49647e-48
21.966 1.16867e-48
21.9911 9.12414e-49
22.0163 7.11445e-49
22.0414 5.55132e-49
22.0665 4.3304e-49
22.0917 3.3737e-49
22.1168 2.63023e-49
22.1419 2.05001e-49
22.1671 1.59575e-49
22.1922 1.24303e-49
22.2173 9.68003e-50
22.2425 7.52862e-50
22.2676 5.85954e-50
22.2927 4.55921e-50
22.3179 3.54289e-50
22.343 2.7551e-50
22.3681 2.14188e-50
22.3933 1.663e-50
22.4184 1.29212e-50
22.4435 1.00367e-50
22.4687 7.78608e-51
22.4938 6.04451e-51
22.5189 4.69116e-51
22.5441 3.63611e-51
22.5692 2.8204e-51
22.5943 2.18706e-51
22.6195 1.69375e-51
22.6446 1.31266e-51
22.6697 1.01703e-51
22.6949 7.86958e-52
22.72 6.09379e-52
22.7451 4.71738e-52
22.7703 3.6471e-52
22.7954 2.82172e-52
22.8205 2.18252e-52
22.8457 1.68591e-52
22.8708 1.30327e-52
22.8959 1.00718e-52
22.9211 7.77346e-53
22.9462 6.00404e-53
22.9713 4.63607e-53
22.9965 3.57508e-53
23.0216 2.75897e-53
23.0467 2.12855e-53
23.0719 1.64002e-53
23.097 1.26457e-53
23.1221 9.7479e-54
23.1473 7.50423e-54
23.1724 5.78135e-54
23.1975 4.45276e-54
23.2227 3.42495e-54
23.2478 2.63639e-54
23.2729 2.02881e-54
23.2981 1.55918e-54
23.3232 1.19917e-54
23.3483 9.22027e-55
23.3734 7.08734e-55
23.3986 5.44057e-55
23.4237 4.17964e-55
23.4488 3.21003e-55
23.474 2.46207e-55
23.4991 1.88984e-55
23.5242 1.4502e-55
23.5494 1.11134e-55
23.5745 8.52325e-56
23.5996 6.5349e-56
23.6248 5.00368e-56
23.6499 3.83422e-56
23.675 2.93725e-56
23.7002 2.2471e-56
23.7253 1.72044e-56
23.7504 1.31685e-56
23.7756 1.00658e-56
23.8007 7.7001e-57
23.8258 5.88876e-57
23.851 4.49742e-57
23.8761 3.43751e-57
23.9012 2.62665e-57
23.9264 2.00434e-57
23.9515 1.53068e-57
23.9766 1.16862e-57
24.0018 8.90992e-58
24.0269 6.79857e-58
24.052 5.18607e-58
24.0772 3.95064e-58
24.1023 3.01191e-58
24.1274 2.29559e-58
24.1526 1.74724e-58
24.1777 1.33094e-58
24.2028 1.01354e-58
24.228 7.7078e-59
24.2531 5.86634e-59
24.2782 4.46357e-59
24.3034 3.39156e-59
24.3285 2.5791e-59
24.3536 1.96071e-59
24.3788 1.48855e-59
24.4039 1.131e-59
24.429 8.5909e-60
24.4542 6.51653e-60
24.4793 4.94706e-60
24.5044 3.75452e-60
24.5296 2.84552e-60
24.5547 2.15836e-60
24.5798 1.63668e-60
24.605 1.23937e-60
24.6301 9.39274e-61
24.6552 7.11643e-61
24.6804 5.38429e-61
24.7055 4.0771e-61
24.7306 3.0864e-61
24.7558 2.33317e-61
24.7809 1.76522e-61
24.806 1.33514e-61
24.8311 1.00956e-61
24.8563 7.62307e-62
24.8814 5.76084e-62
24.9065 4.35227e-62
24.9317 3.28347e-62
24.9568 2.47918e-62
24.9819 1.87135e-62
25.0071 1.41053e-62
25.0322 1.06405e-62
25.0573 8.02421e-63
25.0825 6.04242e-63
25.1076 4.55364e-63
25.1327 3.43042e-63
25.1579 2.58032e-63
25.183 1.94224e-63
25.2081 1.46125e-63
25.2333 1.09753e-63
25.2584 8.24751e-64
25.2835 6.19305e-64
25.3087 4.6408e-64
25.3338 3.47769e-64
25.3589 2.60241e-64
25.3841 1.94166e-64
25.4092 1.44697e-64
25.4343 1.07502e-64
25.4595 7.94476e-65
25.4846 5.84618e-65
25.5097 4.26963e-65
25.5349 3.08151e-65
25.56 2.19352e-65
25.5851 1.52698e-65
25.6103 1.0251e-65
25.6354 6.50316e-66
25.6605 3.69239e-66
25.6857 1.57776e-66
25.7108 0
