#n 	 E_n 	 <H> 	 <H_dir> 	 <H_exc> 	 <H_0> 	 E_B (eV)
0  0.121830620018  0.121830620018  0.034267705496  -0.000000003550   0.156098321964  -0.932472144741
1  0.135172364204  0.135172364204  0.034030305645  -0.008651569605   0.160551100244  -0.690590937870
2  0.135174140906  0.135174140906  0.034030268353  -0.008653859812   0.160550549447  -0.690527603360
3  0.135174826716  0.135174826716  0.034030254320  -0.008654746871   0.160550334165  -0.690503083403
4  0.158197812460  0.158197812460  0.025802103601  -0.000217022191   0.183782893869  -0.696205884263
5  0.158197837172  0.158197837172  0.025802054437  -0.000217020738   0.183782870870  -0.696204585988
6  0.159226423826  0.159226423826  0.025744950548  -0.001199405504   0.183771968870  -0.667918644399
7  0.159226450121  0.159226450121  0.025744913795  -0.001199421142   0.183771942775  -0.667917218792
8  0.159226473367  0.159226473367  0.025744881295  -0.001199434837   0.183771919825  -0.667915961752
9  0.159807487709  0.159807487709  0.025655179583  -0.001703787794   0.183758879498  -0.651750902529
10  0.159807511771  0.159807511771  0.025655118957  -0.001703763723   0.183758867005  -0.651749907820
11  0.159807521071  0.159807521071  0.025655095547  -0.001703754485   0.183758862133  -0.651749522179
12  0.162081643468  0.162081643468  0.026134545982  -0.000878288210   0.187337901240  -0.687258132742
13  0.162531448673  0.162531448673  0.026137404829  -0.001320796954   0.187348056548  -0.675294643532
14  0.163567505443  0.163567505443  0.026164163178  -0.002261668682   0.187469999939  -0.650420338722
15  0.165419478741  0.165419478741  0.026188822738  -0.004000784647   0.187607516832  -0.603767579713
16  0.185399274193  0.185399274193  0.031481171936  -0.000032440246   0.216848005883  -0.855764017516
17  0.185399292935  0.185399292935  0.031481135246  -0.000032440109   0.216847988073  -0.855763022867
18  0.185497734070  0.185497734070  0.031505050143  -0.000129396571   0.216873387641  -0.853775459583
19  0.185497757293  0.185497757293  0.031505015766  -0.000129404245   0.216873368814  -0.853774315343
20  0.185497777813  0.185497777813  0.031504985389  -0.000129410888   0.216873352314  -0.853773307987
21  0.212702344173  0.212702344173  0.031389553759  -0.030505671663   0.213586226269  -0.024051669284
22  0.212711715677  0.212711715677  0.031390659305  -0.030529237031   0.213573137951  -0.023440506053
23  0.212715353524  0.212715353524  0.031391096027  -0.030538434651   0.213568014899  -0.023202109757
24  0.217628573230  0.217628573230  0.026918644141  -0.000075519497   0.244471697874  -0.730439001929
25  0.218918201635  0.218918201635  0.026155504456  -0.000663025192   0.244410680899  -0.693686050231
26  0.218918229643  0.218918229643  0.026155426940  -0.000662996871   0.244410659712  -0.693684711578
27  0.218918254174  0.218918254174  0.026155358956  -0.000662971396   0.244410641733  -0.693683554847
28  0.219103559583  0.219103559583  0.025498640438  -0.000197394637   0.244404805383  -0.688482319971
29  0.219103603466  0.219103603466  0.025498565424  -0.000197396217   0.244404772674  -0.688480235763
30  0.219773284144  0.219773284144  0.026295096291  -0.001616990852   0.244451389584  -0.671525798367
31  0.219773287515  0.219773287515  0.026295099696  -0.001617000015   0.244451387196  -0.671525641655
32  0.219773290478  0.219773290478  0.026295102713  -0.001617008031   0.244451385160  -0.671525505630
33  0.220803349972  0.220803349972  0.023662392612  -0.000000192419   0.244465550165  -0.643881594343
34  0.221087492026  0.221087492026  0.024995675119  -0.001802831937   0.244280335209  -0.631109732989
35  0.221088791337  0.221088791337  0.024997078346  -0.001808915241   0.244276954441  -0.630982381508
36  0.221089297420  0.221089297420  0.024997626580  -0.001811295848   0.244275628152  -0.630932520081
37  0.222613480165  0.222613480165  0.025870198098  -0.000400910955   0.248082767308  -0.693054960152
38  0.222811052794  0.222811052794  0.025892728384  -0.000615694234   0.248088086944  -0.687823487077
39  0.223223165042  0.223223165042  0.025673916849  -0.000819735506   0.248077346385  -0.676317070212
40  0.223712576416  0.223712576416  0.025976750784  -0.001608278996   0.248081048204  -0.663100233226
41  0.223820656283  0.223820656283  0.026029829455  -0.001767391283   0.248083094456  -0.660214910082
42  0.224401149814  0.224401149814  0.024636112333  -0.005582558487   0.243454703661  -0.518473875128
43  0.224401282625  0.224401282625  0.024636125372  -0.005581477493   0.243455930503  -0.518503645282
44  0.224401334306  0.224401334306  0.024636130572  -0.005581057409   0.243456407469  -0.518515217861
45  0.224787683520  0.224787683520  0.025606726719  -0.002331926098   0.248062484142  -0.633339909628
46  0.226705864999  0.226705864999  0.025824810988  -0.004608878750   0.247921797237  -0.577315218502
47  0.227745555233  0.227745555233  0.025829411129  -0.005711549322   0.247863417040  -0.547435184783
48  0.242415776559  0.242415776559  0.016022030566  -0.000021128386   0.258416678739  -0.435406949574
49  0.242415792841  0.242415792841  0.016021976352  -0.000021094106   0.258416675086  -0.435406407129
50  0.242415819171  0.242415819171  0.016021959336  -0.000021126416   0.258416652091  -0.435405064920
51  0.243119647173  0.243119647173  0.016021875185  -0.000725175963   0.258416346395  -0.416244601205
52  0.269799015943  0.269799015943  0.016270332160  -0.000036629218   0.286032718886  -0.441741784257
53  0.269799093154  0.269799093154  0.016270254729  -0.000036730900   0.286032616982  -0.441736910319
54  0.269822743515  0.269822743515  0.016270540882  -0.000060622293   0.286032662104  -0.441094578683
55  0.269822823642  0.269822823642  0.016270410673  -0.000060649547   0.286032584769  -0.441090293911
56  0.269822947343  0.269822947343  0.016270310004  -0.000060784754   0.286032472594  -0.441083875410
57  0.270135818204  0.270135818204  0.016270329947  -0.000373643714   0.286032504437  -0.432571087755
58  0.270135837187  0.270135837187  0.016270350528  -0.000373676261   0.286032511453  -0.432570762137
59  0.270135845713  0.270135845713  0.016270277028  -0.000373606777   0.286032515964  -0.432570652861
60  0.273406638696  0.273406638696  0.016252298780  -0.000008452302   0.289650485174  -0.442017804043
61  0.273676694781  0.273676694781  0.016253924599  -0.000289882346   0.289640737035  -0.434403939366
62  0.273846362001  0.273846362001  0.016254944191  -0.000466733141   0.289634573051  -0.429619326151
63  0.274292165160  0.274292165160  0.016257558073  -0.000930875524   0.289618847710  -0.417060489522
