  0   8  +0.00097503 +0.187326409840 +0.00000024 +0.00020963 -0.00070510 +0.00025333 -0.00052108 -0.00023878 -0.00012980
  1   8  +0.00089977 +0.187326409840 +0.00000020 +0.00005052 +0.00009333 +0.00080684 +0.00001934 +0.00038081 -0.00004399
  2   8  +0.00005690 +0.183708558581 +0.00000000 +0.00002712 -0.00001684 -0.00000359 -0.00003041 -0.00000025 -0.00003579
  3   8  +0.00009236 +0.183708558581 +0.00000000 -0.00003359 -0.00002290 -0.00005152 -0.00004486 +0.00001671 -0.00004395
  4   8  +0.00007676 +0.183708558581 +0.00000000 -0.00001356 -0.00005544 +0.00001871 +0.00002480 +0.00002109 -0.00003501
  5   8  +0.00004875 +0.183708558581 +0.00000000 -0.00002524 +0.00001064 -0.00000748 -0.00000729 +0.00003166 -0.00002269
  6   8  +0.00040676 +0.156092174256 +0.00000003 +0.00019098 -0.00008549 -0.00022542 -0.00013893 +0.00003444 +0.00022442
  7   8  +0.00022019 +0.156092174256 +0.00000001 +0.00014797 +0.00007505 -0.00003385 +0.00000703 -0.00011412 -0.00008208
  0   9  +0.00105500 +0.187326409840 +0.00000028 +0.00028221 -0.00034127 +0.00037913 -0.00001032 +0.00029067 +0.00082980
  1   9  +0.00111988 +0.187326409840 +0.00000031 -0.00035286 -0.00098715 -0.00004740 +0.00011475 +0.00009571 -0.00036136
  2   9  +0.00008467 +0.183708558581 +0.00000000 +0.00003851 +0.00001362 +0.00001256 +0.00002209 +0.00003975 -0.00005723
  3   9  +0.00005771 +0.183708558581 +0.00000000 +0.00000024 -0.00003677 -0.00003322 +0.00001831 -0.00002297 +0.00000351
  4   9  +0.00007990 +0.183708558581 +0.00000000 -0.00001127 +0.00004107 -0.00004682 +0.00003538 -0.00001761 +0.00002857
  5   9  +0.00005616 +0.183708558581 +0.00000000 -0.00000071 +0.00004295 +0.00003259 -0.00000944 -0.00000974 -0.00000793
  6   9  +0.00022019 +0.156092174256 +0.00000001 +0.00016192 +0.00003616 -0.00002166 -0.00002695 -0.00014027 -0.00000921
  7   9  +0.00040676 +0.156092174256 +0.00000003 -0.00009304 -0.00018742 +0.00026232 +0.00003610 -0.00016928 +0.00015132
  0  10  +0.07117921 +0.248089549133 +0.00167592 +0.04121452 +0.00099663 +0.00118804 +0.04168716 -0.04033492 -0.00084451
  1  10  +0.05857868 +0.248089549133 +0.00113508 -0.01047846 +0.02355631 +0.02236757 -0.01742668 +0.04389768 +0.00597998
  2  10  +0.00013826 +0.244471697874 +0.00000001 +0.00003509 -0.00003735 +0.00001522 +0.00002328 -0.00006366 -0.00010800
  3  10  +0.00015523 +0.244471697874 +0.00000001 +0.00003685 -0.00007375 +0.00010197 +0.00006073 +0.00005662 +0.00000241
  4  10  +0.00012301 +0.244471697874 +0.00000000 -0.00002332 -0.00006334 -0.00005747 -0.00003587 -0.00004856 -0.00006023
  5  10  +0.00013178 +0.244471697874 +0.00000001 -0.00001019 +0.00007112 -0.00004290 -0.00002730 -0.00009532 +0.00002307
  6  10  +0.00061740 +0.216855313548 +0.00000011 +0.00019390 -0.00006637 +0.00015258 +0.00042096 -0.00021818 -0.00030181
  7  10  +0.00071054 +0.216855313548 +0.00000015 +0.00039741 +0.00039527 -0.00013694 -0.00003701 -0.00023803 -0.00033751
  0  11  +0.03371044 +0.248089549133 +0.00037590 +0.00242379 +0.02318362 +0.00166267 -0.00245560 -0.02138362 +0.01126877
  1  11  +0.07179497 +0.248089549133 +0.00170504 -0.01372432 -0.00683860 +0.05810499 +0.02753321 -0.02316213 -0.01576840
  2  11  +0.00019831 +0.244471697874 +0.00000001 +0.00003347 -0.00009796 +0.00011786 -0.00009025 +0.00006766 +0.00004468
  3  11  +0.00010580 +0.244471697874 +0.00000000 -0.00004904 +0.00004276 +0.00005085 -0.00001986 -0.00006028 +0.00001864
  4  11  +0.00010975 +0.244471697874 +0.00000000 -0.00001825 -0.00001110 -0.00002861 -0.00006195 -0.00008320 +0.00000332
  5  11  +0.00013484 +0.244471697874 +0.00000001 +0.00006521 -0.00011399 -0.00001906 -0.00001631 -0.00000207 +0.00001734
  6  11  +0.00065291 +0.216855313548 +0.00000012 +0.00030541 +0.00018909 -0.00043192 -0.00003155 +0.00013525 -0.00030235
  7  11  +0.00059284 +0.216855313548 +0.00000010 -0.00003354 +0.00021288 +0.00035290 -0.00018516 -0.00038232 -0.00000509
  0  12  +0.08839437 +0.248089549133 +0.00258462 +0.01704850 +0.05176868 +0.04528987 -0.04144732 +0.03142874 +0.00927889
  1  12  +0.09044819 +0.248089549133 +0.00270612 -0.04106512 -0.01565468 -0.03683850 -0.01054705 +0.06663758 +0.01845483
  2  12  +0.00012702 +0.244471697874 +0.00000001 +0.00005904 -0.00005995 +0.00003045 -0.00003722 +0.00005795 +0.00005817
  3  12  +0.00014494 +0.244471697874 +0.00000001 +0.00005918 +0.00006065 +0.00001778 +0.00001973 +0.00005853 -0.00009848
  4  12  +0.00019553 +0.244471697874 +0.00000001 -0.00008530 +0.00008052 +0.00015024 +0.00003796 -0.00000266 +0.00002123
  5  12  +0.00012219 +0.244471697874 +0.00000000 -0.00003021 +0.00005730 -0.00006914 +0.00006551 -0.00002132 -0.00003475
  6  12  +0.00066256 +0.216855313548 +0.00000013 +0.00032309 -0.00002622 +0.00017786 +0.00009012 -0.00053747 -0.00007270
  7  12  +0.00036490 +0.216855313548 +0.00000004 -0.00026778 +0.00005086 +0.00006739 -0.00002686 +0.00012666 -0.00019378
  0  13  +0.08700288 +0.248089549133 +0.00250389 +0.02797862 -0.02651561 -0.02647616 +0.05542004 +0.04764053 -0.00645238
  1  13  +0.06941962 +0.248089549133 +0.00159409 +0.01088212 +0.00090289 +0.02747886 +0.01568287 +0.05986997 +0.01069558
  2  13  +0.00005196 +0.244471697874 +0.00000000 -0.00000872 +0.00001398 -0.00000017 +0.00003334 -0.00003379 +0.00001323
  3  13  +0.00013324 +0.244471697874 +0.00000001 +0.00001356 -0.00009226 +0.00002539 -0.00003446 -0.00005953 -0.00006067
  4  13  +0.00008789 +0.244471697874 +0.00000000 +0.00001780 +0.00007028 +0.00002290 -0.00002294 -0.00002373 +0.00002923
  5  13  +0.00019398 +0.244471697874 +0.00000001 -0.00001255 -0.00007614 -0.00004885 -0.00009679 -0.00010825 -0.00009055
  6  13  +0.00064891 +0.216855313548 +0.00000012 +0.00045515 +0.00026941 -0.00030316 -0.00019012 -0.00009077 -0.00007105
  7  13  +0.00082345 +0.216855313548 +0.00000020 +0.00018842 -0.00029228 -0.00060709 +0.00005553 +0.00034509 +0.00025770
  0  14  +0.00010837 +0.289650681167 +0.00000000 -0.00007753 +0.00005686 +0.00003128 -0.00003717 -0.00001162 -0.00000208
  1  14  +0.00016767 +0.289650681167 +0.00000001 -0.00004735 +0.00009455 +0.00002841 +0.00006087 -0.00000232 -0.00011142
  2  14  +0.32295832 +0.286032829908 +0.03977842 +0.15167990 -0.00683058 +0.24480381 -0.07134656 -0.03361086 -0.12288084
  3  14  +0.37098451 +0.286032829908 +0.05248874 +0.01991118 -0.19119688 -0.17218286 +0.11711178 -0.08389575 -0.22422356
  4  14  +0.24182802 +0.286032829908 +0.02230324 -0.14582654 +0.05969107 -0.08476412 -0.00441703 +0.07880565 +0.14225889
  5  14  +0.29234839 +0.286032829908 +0.03259538 -0.08427323 -0.19153932 +0.04716018 +0.10400821 +0.10948831 +0.12903027
  6  14  +0.11510499 +0.258416445583 +0.00456507 +0.06381534 +0.04572516 -0.03021183 +0.00751306 -0.03449063 +0.07019378
  7  14  +0.09054523 +0.258416445583 +0.00282482 +0.02420985 -0.01999315 +0.07729292 +0.01434840 -0.02422409 +0.02111201
  0  15  +0.00028315 +0.289650681460 +0.00000003 +0.00010092 +0.00011609 -0.00020764 -0.00010335 +0.00003881 +0.00003474
  1  15  +0.00024500 +0.289650681460 +0.00000002 -0.00006413 -0.00005656 -0.00011584 +0.00001171 +0.00019193 -0.00004814
  2  15  +0.29773076 +0.286032830201 +0.03380664 +0.02078839 -0.25892887 +0.11391820 +0.02499809 -0.01756112 +0.08518587
  3  15  +0.23518214 +0.286032830201 +0.02109421 +0.15490832 -0.05403812 +0.04105598 -0.14292008 +0.07812910 -0.01334278
  4  15  +0.36668528 +0.286032830201 +0.05127924 +0.07819494 -0.16230443 +0.11815143 +0.04639026 +0.27064011 +0.11244125
  5  15  +0.32782557 +0.286032830201 +0.04098645 -0.04208776 +0.00415942 +0.27299859 -0.04759470 -0.16352639 -0.04633096
  6  15  +0.09054341 +0.258416445875 +0.00282470 +0.02679839 -0.01636370 +0.01164966 -0.07774259 -0.02785984 +0.01601220
  7  15  +0.11510684 +0.258416445875 +0.00456521 +0.02240306 +0.07524561 +0.01695801 -0.02610749 +0.07760395 -0.00970758
