0  0.62305176  0.11036705  0.05712503 -0.000024315136 -0.622838624622 -0.000002062800 -0.016286036070  0.000015035089  0.000559775541
1  0.64781424  0.11042342  0.06178754 -0.000000587521 -0.015807682649  0.000025700537  0.647430453257  0.000000535456 -0.015722910964
2  0.95265017  0.11097016  0.13428016  0.000000025124  0.000028833288  0.000000435743  0.006409115567  0.000000644057  0.952628610424
3  0.53203142  0.11148744  0.04207646  0.000000497690 -0.532031207073  0.000002205860  0.000445432528 -0.000024103381  0.000151912485
4  0.50577403  0.11153928  0.03804343 -0.000000019913 -0.001411964344  0.000004287779 -0.505714207027  0.000002248652 -0.007649564426
5  0.00071978  0.11252163  0.00000008 -0.000000075451  0.000626146256 -0.000016630236 -0.000051534625  0.000003037212  0.000350839287
6  0.09833420  0.11492539  0.00148171  0.000007581604 -0.098332024261 -0.000002593034  0.000650687959  0.000018114248  0.000069572266
7  0.09762183  0.11494970  0.00146063 -0.000000075437  0.000905977629 -0.000006780102  0.097587188558  0.000001899675 -0.002437602520
8  0.51195602  0.13410643  0.04686554 -0.000000017596 -0.000272665575 -0.000000326693 -0.004809819908  0.000000825453  0.511933351083
9  0.18992663  0.13513364  0.00649941 -0.000000092297 -0.001914081073  0.000010581015  0.188908556667 -0.000000383283  0.019545261194
10  0.20339780  0.13516092  0.00745560  0.000011350015  0.203389448787  0.000001816714  0.000747112467  0.000002010459  0.001685050278
11  0.43409767  0.13605130  0.03418349  0.000000499910  0.023244703137 -0.000009399257 -0.433460118894  0.000003185236  0.003576903357
12  0.43103342  0.13609015  0.03371222  0.000009434384  0.430393629856  0.000001357118  0.023473611892  0.000013539840 -0.000345991499
13  0.00136787  0.13778376  0.00000034  0.000000298072  0.001267473671  0.000002873008  0.000339554178  0.000001043942 -0.000386347361
14  0.03666202  0.13831362  0.00024788  0.000006828328 -0.036652288047 -0.000003053015 -0.000772195504  0.000001307822 -0.000341747354
15  0.03221549  0.13831978  0.00019140  0.000000084393 -0.000158511663 -0.000007144910  0.031411983075 -0.000000311308  0.007148443164
16  0.10486339  0.13864718  0.00203281 -0.000000034749  0.000002642902 -0.000000493385  0.004513986239 -0.000000524219 -0.104766192810
17  0.13363535  0.14040956  0.00334332 -0.000000138954 -0.003863891579 -0.000001721205 -0.079594455605 -0.000002748177 -0.107276272550
18  0.44601944  0.14052676  0.03727394  0.000012896787  0.446017033778 -0.000005003544 -0.000274092477  0.000001300776 -0.001439722090
19  0.44249758  0.14055895  0.03669603  0.000000023907  0.000418810375 -0.000009143372 -0.442087045436 -0.000001040698  0.019052010226
20  0.00359741  0.14136316  0.00000244 -0.000000049106  0.003508715645  0.000002204536  0.000740761870 -0.000001939341 -0.000285513534
21  0.01210519  0.14144947  0.00002764 -0.000001193924 -0.012050666443  0.000002110843 -0.000990786465 -0.000000614669 -0.000579232652
22  0.00949867  0.14147392  0.00001702 -0.000000066656  0.000212581234 -0.000000493277  0.009348058732  0.000000400476  0.001671353720
23  0.20880236  0.14188125  0.00824773  0.000008023416 -0.208790699723 -0.000001651395  0.002205937538  0.000005309210 -0.000048479348
24  0.20571714  0.14192089  0.00800804  0.000000077916 -0.002185836956  0.000009059864 -0.205705449544  0.000002319364  0.000179800988
25  0.32152672  0.14529166  0.02002689 -0.000000009432  0.000131887925  0.000000126629 -0.002192069969  0.000002036521  0.321519223576
26  0.00440633  0.14579136  0.00000377 -0.000002517993  0.004342395642  0.000005487155  0.000032676582 -0.000003228938 -0.000747140332
27  0.30720301  0.14802689  0.01862646  0.000005632172 -0.305558912246 -0.000002751655  0.031738618734  0.000009038861  0.000318066047
28  0.30545759  0.14805820  0.01841930 -0.000000555850  0.031296512319 -0.000002445313  0.303848777851  0.000001652912  0.000887323104
29  0.00239528  0.14895580  0.00000114  0.000002071453 -0.001497950805  0.000004061981 -0.001667205036 -0.000000155421  0.000844947449
30  0.13892240  0.15070136  0.00387793  0.000002731186  0.106338530584  0.000000534228  0.089395468143  0.000008066738 -0.000027951743
31  0.13985054  0.15070772  0.00393009 -0.000002293267 -0.089928930714  0.000002327330  0.107096138201 -0.000004755908  0.001173428232
32  0.16563402  0.15600974  0.00570676  0.000000049797  0.001846831916 -0.000004585715 -0.035730684309 -0.000001377401  0.161723639404
33  0.03933093  0.15603910  0.00032184  0.000001822772  0.039291803599  0.000000063407  0.001137393179 -0.000010596540 -0.001335028640
34  0.12887167  0.15671287  0.00347023  0.000001391748  0.012241085186  0.000014858327  0.115665365682 -0.000000548135  0.055494029652
35  0.09989156  0.15676160  0.00208562  0.000012419883  0.098985805694 -0.000000498993 -0.012166990723 -0.000005170143 -0.005665515287
36  0.09888448  0.15732533  0.00205113 -0.000000188261  0.098873943149 -0.000004764836 -0.001443357305 -0.000000313921  0.000018092129
37  0.09927804  0.15769539  0.00207235  0.000000060170 -0.000065368082 -0.000003358200  0.099274243038 -0.000001050381 -0.000866045220
38  0.13950715  0.16002109  0.00415249 -0.000000018050 -0.000496833862  0.000001258369  0.134574316448 -0.000000867183 -0.036766153892
39  0.27675103  0.16041062  0.01638137  0.000005171010  0.276740611574  0.000003201992 -0.002345213700  0.000004914670  0.000517567703
40  0.39669437  0.16079833  0.03373901 -0.000000064113 -0.004863588745  0.000004573237  0.396632112643  0.000001080241  0.005073335320
41  0.36120276  0.16091767  0.02799269 -0.000003893062 -0.360742748625  0.000001150505 -0.018175541393 -0.000000610438 -0.001325279303
42  0.29498881  0.16101341  0.01868150  0.000000028668 -0.000387518298 -0.000001300122 -0.294753902955  0.000000064137 -0.011763626808
43  0.18400869  0.16142500  0.00728763 -0.000001060059  0.183944713790 -0.000000175468 -0.004493142509  0.000000112486 -0.001830914067
44  0.30309325  0.16175801  0.01981331  0.000000059266  0.002875788023 -0.000001377328  0.139347056629  0.000000593952 -0.269146140837
45  0.31496886  0.16214050  0.02144695  0.000002869807 -0.314706444584  0.000000737867 -0.010288082290  0.000002553314 -0.007706418672
46  0.32058762  0.16228772  0.02223913 -0.000000008972  0.016868558982  0.000002410761 -0.289904537291 -0.000000167110 -0.135820579967
47  0.11093662  0.16286269  0.00267245  0.000000220058 -0.110814311959  0.000000921433  0.005126632914 -0.000002060939  0.000915911143
48  0.03767040  0.16637446  0.00031479 -0.000004458154  0.037163544013  0.000006838152 -0.004665481593 -0.000002823445  0.004020335569
49  0.02314949  0.16641311  0.00011891  0.000002544099 -0.021661888430 -0.000003180051 -0.004677909878  0.000001092440 -0.006691697996
50  0.04807003  0.16644767  0.00051282 -0.000000071029  0.001203846270 -0.000002888533  0.044474093925  0.000000010792 -0.018202577791
51  0.03141584  0.16724856  0.00022009 -0.000002178335  0.030772070981 -0.000005911328 -0.003250877506 -0.000000560645 -0.005428276667
52  0.31796406  0.16815607  0.02266770 -0.000006359871 -0.312633630079 -0.000001495408 -0.057527363868  0.000008567594 -0.007208281418
53  0.30893561  0.16821831  0.02140661 -0.000001606591 -0.073082707960  0.000005761811  0.299694588505  0.000005197851  0.016830997582
54  0.61781546  0.17050173  0.08677309  0.000000000584  0.007301703963  0.000000456353 -0.010417836330  0.000000077755 -0.617684466867
55  0.32756778  0.17083231  0.02444056 -0.000001276215 -0.326972449284 -0.000002557464  0.008463673885 -0.000001909282 -0.017833589339
56  0.32948810  0.17096042  0.02474650 -0.000000008156  0.005221593434  0.000001939655  0.329381985555  0.000000739241  0.006530739523
57  0.41369758  0.17256881  0.03937921  0.000002354356 -0.399376311139 -0.000000101374  0.100231999189 -0.000000884517  0.039972397031
58  0.40138171  0.17262932  0.03708245  0.000000545577 -0.107592515366  0.000003245903 -0.381581134998  0.000000063010 -0.062665507493
59  0.56822395  0.17284025  0.07440852 -0.000000117801  0.015131499043  0.000001176652  0.004752582753 -0.000001860359  0.568002560001
60  0.00790927  0.17337097  0.00001446  0.000002289222 -0.000474060670  0.000001729731 -0.007784141324  0.000001785938  0.001318694864
61  0.19829899  0.17352927  0.00909814 -0.000000014120  0.003702167351 -0.000001921819 -0.194527520159 -0.000002005685  0.038312255520
62  0.14371094  0.17372295  0.00478383  0.000002016380  0.142529989650  0.000000005888  0.017158410982  0.000000476806 -0.006604868324
63  0.02203167  0.17829646  0.00011539  0.000001832972 -0.021308113555  0.000002286730  0.004992363699 -0.000000080315  0.002536748207
