  0   8  +0.26824554 +0.130146156475 +0.01248634 -0.00000466 +0.26824389 +0.00000230 -0.00093737 -0.00001322 +0.00009660
  1   8  +0.27025191 +0.130142163045 +0.01267343 -0.00000002 +0.00124054 -0.00000429 +0.27016876 +0.00000120 -0.00658782
  2   8  +0.89302022 +0.129038435928 +0.13720831 +0.00000002 -0.00032163 +0.00000007 +0.00703549 +0.00000049 +0.89299245
  3   8  +0.70735141 +0.128287092104 +0.08558391 -0.00001596 -0.70734353 +0.00000135 -0.00332729 -0.00001216 -0.00026907
  4   8  +0.70759334 +0.128269368390 +0.08563064 +0.00000005 +0.00314105 -0.00001502 -0.70755742 +0.00000203 +0.00640079
  5   8  +0.00023592 +0.125343058586 +0.00000001 +0.00000044 -0.00023277 -0.00001666 -0.00003297 +0.00000310 +0.00001028
  6   8  +0.08877708 +0.124119872866 +0.00130431 +0.00000001 +0.00007152 +0.00002015 +0.08877702 +0.00000147 +0.00006231
  7   8  +0.09178585 +0.124099617615 +0.00139399 +0.00001712 +0.09178572 +0.00000299 -0.00011117 -0.00002896 -0.00010525
  0   9  +0.28679489 +0.156122803578 +0.01712174 -0.00000004 -0.00074164 +0.00000931 +0.22588084 +0.00000401 +0.17671616
  1   9  +0.22376949 +0.156118810147 +0.01042307 +0.00001159 +0.22376660 +0.00000003 +0.00094888 +0.00000004 +0.00062781
  2   9  +0.02340374 +0.155015083031 +0.00011321 +0.00000075 -0.02340227 -0.00000001 +0.00023671 -0.00000002 +0.00011405
  3   9  +0.08874347 +0.154263739206 +0.00161985 +0.00000002 -0.00041737 +0.00000636 +0.01893292 +0.00000018 -0.08669933
  4   9  +0.01900228 +0.154246015493 +0.00007426 +0.00000473 +0.01898815 -0.00000000 -0.00069547 -0.00000002 +0.00023078
  5   9  +0.43241326 +0.151319705689 +0.03772526 +0.00000000 -0.00007035 +0.00001241 +0.43240958 -0.00000243 -0.00178180
  6   9  +0.03572716 +0.150096519969 +0.00025545 -0.00000522 -0.03572584 -0.00000000 +0.00005304 +0.00000000 +0.00030246
  7   9  +0.39847646 +0.150076264718 +0.03177284 +0.00000001 +0.00001213 -0.00000515 -0.03474624 +0.00000039 +0.39695868
  0  10  +0.22446699 +0.156208587557 +0.01049418 -0.00000999 -0.22446371 +0.00000657 -0.00115808 -0.00000206 +0.00036155
  1  10  +0.28662821 +0.156204594126 +0.01711080 -0.00000004 -0.00078245 +0.00000924 +0.22584723 +0.00000024 -0.17648838
  2  10  +0.03111352 +0.155100867010 +0.00020019 -0.00000002 +0.00014517 -0.00000113 +0.03102955 +0.00000139 -0.00227972
  3  10  +0.01667624 +0.154349523185 +0.00005723 -0.00000828 -0.01666177 +0.00000555 +0.00042519 -0.00000339 +0.00054904
  4  10  +0.09012180 +0.154331799472 +0.00167130 +0.00000004 +0.00001454 +0.00000639 +0.01850615 +0.00000030 +0.08820126
  5  10  +0.43378178 +0.151405489668 +0.03798595 +0.00001233 +0.43378177 +0.00000155 +0.00000684 +0.00001446 -0.00005868
  6  10  +0.39876556 +0.150182303948 +0.03184145 +0.00000001 +0.00004892 -0.00000516 -0.03493034 -0.00000049 -0.39723273
  7  10  +0.03889808 +0.150162048697 +0.00030294 +0.00000578 +0.03888665 +0.00000222 +0.00020905 -0.00000213 +0.00091951
  0  11  +0.17067782 +0.163733860240 +0.00635962 -0.00000678 +0.17067647 +0.00000359 -0.00050853 -0.00001266 +0.00045075
  1  11  +0.16952019 +0.163729866809 +0.00627349 -0.00000001 +0.00059792 -0.00000283 +0.16949248 +0.00000095 +0.00300606
  2  11  +0.32373792 +0.162626139693 +0.02272565 -0.00000000 -0.00003694 -0.00000015 -0.00092153 -0.00000188 -0.32373661
  3  11  +0.33447495 +0.161874795868 +0.02414600 +0.00000221 +0.33447011 +0.00000100 +0.00159101 -0.00000006 -0.00083866
  4  11  +0.33388560 +0.161857072155 +0.02405835 -0.00000001 -0.00138526 +0.00000296 +0.33386668 +0.00000234 -0.00327360
  5  11  +0.00156734 +0.158930762351 +0.00000052 -0.00000190 -0.00155223 -0.00000390 +0.00019189 -0.00000124 -0.00010153
  6  11  +0.45788089 +0.157707576631 +0.04408556 +0.00000000 +0.00027733 -0.00000091 +0.45788060 -0.00000131 -0.00043276
  7  11  +0.45734270 +0.157687321380 +0.04397633 +0.00000241 +0.45734222 -0.00000185 -0.00064517 -0.00000096 -0.00016433
  0  12  +0.18027157 +0.176530165519 +0.00764913 +0.00000396 -0.18026149 +0.00000143 -0.00165348 +0.00000517 -0.00094875
  1  12  +0.26122839 +0.176526172088 +0.01606159 +0.00000004 -0.00153877 -0.00000249 +0.16990385 +0.00000068 -0.19842022
  2  12  +0.05111505 +0.175422444971 +0.00061111 -0.00000000 -0.00051048 +0.00000014 -0.04750778 +0.00000036 -0.01885468
  3  12  +0.37537194 +0.174671101147 +0.03281583 +0.00000569 +0.37536832 +0.00000177 -0.00164348 +0.00000293 +0.00010434
  4  12  +0.40333840 +0.174653377434 +0.03788392 -0.00000002 -0.00137375 -0.00000480 -0.40316310 +0.00000027 +0.01181060
  5  12  +0.09194313 +0.171727067629 +0.00193560 -0.00000359 +0.09192776 -0.00000412 -0.00168088 +0.00000032 -0.00004174
  6  12  +0.12063891 +0.170503881909 +0.00330863 -0.00000003 -0.00014156 +0.00001060 +0.03358390 +0.00000090 -0.11586996
  7  12  +0.02548590 +0.170483626658 +0.00014765 -0.00000643 -0.02539407 +0.00000018 -0.00034307 +0.00001121 -0.00213409
  0  13  +0.26384621 +0.176976421994 +0.01642691 -0.00000007 -0.00256091 -0.00000230 +0.17699631 -0.00000015 +0.19565420
  1  13  +0.17742955 +0.176972428563 +0.00742842 -0.00000174 +0.17742561 -0.00000002 -0.00113254 -0.00000005 +0.00033897
  2  13  +0.05157785 +0.175868701447 +0.00062381 -0.00000139 +0.05140157 +0.00000001 +0.00022695 +0.00000002 -0.00425463
  3  13  +0.39262781 +0.175117357622 +0.03599399 -0.00000003 -0.00320705 -0.00000450 -0.39251217 -0.00000113 -0.00897248
  4  13  +0.39105475 +0.175099633909 +0.03570254 -0.00000480 -0.39104658 -0.00000005 -0.00252316 -0.00000004 -0.00015293
  5  13  +0.10044397 +0.172173324105 +0.00231607 +0.00000004 +0.00079026 -0.00000575 +0.10043650 -0.00000120 -0.00093593
  6  13  +0.02895551 +0.170950138385 +0.00019110 +0.00001140 +0.02892004 -0.00000000 +0.00111176 -0.00000005 -0.00090366
  7  13  +0.12386481 +0.170929883133 +0.00349665 -0.00000003 +0.00112184 +0.00001106 +0.03106692 -0.00000097 +0.11990029
  0  14  +0.13371873 +0.188381502935 +0.00449119 -0.00000300 +0.07073568 -0.00000109 -0.01447601 +0.00000209 -0.11255047
  1  14  +0.41953291 +0.188377509504 +0.04420790 +0.00000041 -0.01108440 +0.00000331 -0.00888896 -0.00000021 +0.41929224
  2  14  +0.57814667 +0.187273782388 +0.08346257 -0.00000019 -0.14167119 +0.00000030 +0.55993012 +0.00000113 +0.02571184
  3  14  +0.14422047 +0.186522438563 +0.00517278 -0.00000140 -0.10330928 -0.00000345 +0.02416552 -0.00000204 +0.09768706
  4  14  +0.41600748 +0.186504714850 +0.04303589 -0.00000039 +0.02493747 +0.00000109 +0.09428065 -0.00000005 -0.40441501
  5  14  +0.29482386 +0.183578405045 +0.02127578 +0.00000408 +0.28845365 +0.00000249 +0.06095561 -0.00000896 -0.00010635
  6  14  +0.07095111 +0.182355219326 +0.00122398 -0.00000153 +0.00137954 -0.00000278 +0.00813603 -0.00000072 -0.07046958
  7  14  +0.00443204 +0.182334964074 +0.00000478 +0.00000178 +0.00049066 -0.00001029 +0.00121421 -0.00000040 +0.00423413
  0  15  +0.42189390 +0.188418624458 +0.04471663 +0.00000081 -0.01574738 +0.00000272 -0.04457869 +0.00000228 -0.41923648
  1  15  +0.11767127 +0.188414631027 +0.00347852 +0.00000160 -0.04229417 -0.00000095 -0.00272569 +0.00000007 -0.10977386
  2  15  +0.57545612 +0.187310903910 +0.08270394 -0.00000084 -0.55779176 -0.00000006 -0.14124120 -0.00000033 -0.00830810
  3  15  +0.41615636 +0.186559560086 +0.04307937 +0.00000033 +0.02603566 +0.00000145 +0.11186334 +0.00000056 +0.39999356
  4  15  +0.14952923 +0.186541836373 +0.00556118 -0.00000123 +0.10782145 -0.00000025 -0.02317834 +0.00000002 +0.10097669
  5  15  +0.28776962 +0.183615526568 +0.02027393 -0.00000111 -0.07201401 +0.00000411 +0.27861323 +0.00000514 -0.00002494
  6  15  +0.01802450 +0.182392340849 +0.00007901 -0.00000616 +0.00715888 +0.00000069 -0.00066347 +0.00000021 +0.01652855
  7  15  +0.06068253 +0.182372085597 +0.00089542 -0.00000045 -0.00139919 -0.00000022 +0.00778068 -0.00000018 +0.06016538
